Location Title,Latitude {N+/S-},Longitude {E+/W-},TimeZone {+/- GMT},Elevation {m}
LOCATION_CHENNAI_-_IND_Custom-432790_432790,13.00,80.18,5.5,16.0
Number of Design Conditions,Title of Design Condition,,Design Stat,ColdestMonth,DB996,DB990,DP996,HR_DP996,DB_DP996,DP990,HR_DP990,DB_DP990,WS004c,DB_WS004c,WS010c,DB_WS010c,WS_DB996,WD_DB996,Design Stat,HottestMonth,DBR,DB004,WB_DB004,DB010,WB_DB010,DB020,WB_DB020,WB004,DB_WB004,WB010,DB_WB010,WB020,DB_WB020,WS_DB004,WD_DB004,DP004,HR_DP004,DB_DP004,DP010,HR_DP010,DB_DP010,DP020,HR_DP020,DB_DP020,EN004,DB_EN004,EN010,DB_EN010,EN020,DB_EN020,#Hrs_8-4_&_DB-12.8/20.6,Design Stat,WS010,WS025,WS050,WBmax,DBmin_mean,DBmax_mean,DBmin_stddev,DBmax_stddev,DBmin05years,DBmax05years,DBmin10years,DBmax10years,DBmin20years,DBmax20years,DBmin50years,DBmax50years
,,,Units,{},{°C},{°C},{°C},{},{°C},{°C},{},{°C},{m/s},{°C},{m/s},{°C},{m/s},{deg},Units,{},{°C},{°C},{°C},{°C},{°C},{°C},{°C},{°C},{°C},{°C},{°C},{°C},{°C},{m/s},{deg},{°C},{},{°C},{°C},{},{°C},{°C},{},{°C},{kJ/kg},{°C},{kJ/kg},{°C},{kJ/kg},{°C},{},Units,{m/s},{m/s},{m/s},{°C},{°C},{°C},{°C},{°C},{°C},{°C},{°C},{°C},{°C},{°C},{°C},{°C}
1,Climate Design Data 2013 ASHRAE Handbook,,Heating,1,19.9,20.8,14.7,10.5,28.1,16,11.4,27.5,8.2,27.8,7.4,28.3,0.5,320,Cooling,5,9.1,38.7,25.9,37.2,25.8,36.2,25.8,28.4,33.1,28,32.3,27.6,31.9,3.9,270,27.3,23.1,30.5,27,22.7,30.3,26.5,22.1,30,92.2,33.2,90,32.5,88.2,31.9,1,Extremes,8.2,7.3,6.3,31.8,18.2,41.6,1.2,1.6,17.3,42.7,16.6,43.6,15.9,44.5,15,45.6
Number of Typical/Extreme Periods,Period Name,Period Type,Period Start Day,Period End Day,<repeat to # periods>
7,No Dry Season - Week Near Average Annual,Typical,8/20,8/26,Summer - Week Nearest Max Temperature For Period,Extreme,5/27,6/ 2,Summer - Week Nearest Average Temperature For Period,Typical,5/ 6,5/12,Winter - Week Nearest Min Temperature For Period,Extreme,12/17,12/23,Winter - Week Nearest Average Temperature For Period,Typical,11/26,12/ 2,Autumn - Week Nearest Average Temperature For Period,Typical,8/ 5,8/11,Spring - Week Nearest Average Temperature For Period,Typical,2/26,3/ 4
Number of Ground Temperature Depths,Ground Temperature Depth {m},Soil Conductivity {W/m-K},Soil Density {kg/m3},Soil Specific Heat {J/kg-K},Jan {C},Feb{C},Mar {C},Apr {C},May {C},Jun {C},Jul {C},Aug {C},Sep {C},Oct {C},Nov {C},Dec {C},<repeat to Number of temperature depths>
3,.5,,,,27.08,26.75,27.32,28.22,30.57,32.38,33.60,33.97,33.33,31.93,30.05,28.31,2,,,,28.26,27.69,27.81,28.28,29.85,31.27,32.40,33.01,32.88,32.09,30.79,29.42,4,,,,29.25,28.66,28.53,28.71,29.59,30.55,31.43,32.04,32.18,31.83,31.07,30.15
Leap Year Observed?,Daylight Saving Start Date,Daylight Saving End Date,Number of Holidays,Holiday Name,Holiday Date,<repeat for # Holidays>
No,0,0,0
Comment Line #1
Custom/User Format -- WMO#432790
Comment Line #2
 -- Ground temps produced with a standard soil diffusivity of 2.3225760E-03 {m**2/day}
Number of Data Periods [DP],Number of Intervals per Hour,DP Name/Description,DP Start Day of Week,DP Start Day, DP End Day,<repeat to # Data Periods>
1,1,Data,Sunday, 1/ 1,12/31
Date,HH:MM,Datasource,DryBulb {C},DewPoint {C},RelHum {%},Atmos Pressure {Pa},ExtHorzRad {Wh/m2},ExtDirRad {Wh/m2},HorzIRSky {Wh/m2},GloHorzRad {Wh/m2},DirNormRad {Wh/m2},DifHorzRad {Wh/m2},GloHorzIllum {lux},DirNormIllum {lux},DifHorzIllum {lux},ZenLum {Cd/m2},WindDir {deg},WindSpd {m/s},TotSkyCvr {.1},OpaqSkyCvr {.1},Visibility {km},Ceiling Hgt {m},PresWeathObs,PresWeathCodes,Precip Wtr {mm},Aerosol Opt Depth {.001},SnowDepth {cm},Days Last Snow,Albedo {.01},Rain {mm},Rain Quantity {hr}
Date,HH:MM,Datasource,Dry Bulb Temperature {C},Dew Point Temperature {C},Relative Humidity {%},Atmospheric Pressure {Pa},Extraterrestrial Horizontal Radiation {Wh/m2},Extraterrestrial Direct Normal Radiation {Wh/m2},Horizontal Infrared Radiation Intensity from Sky {Wh/m2},Global Horizontal Radiation {Wh/m2},Direct Normal Radiation {Wh/m2},Diffuse Horizontal Radiation {Wh/m2},Global Horizontal Illuminance {lux},Direct Normal Illuminance {lux},Diffuse Horizontal Illuminance {lux},Zenith Luminance {Cd/m2},Wind Direction {deg},Wind Speed {m/s},Total Sky Cover {.1},Opaque Sky Cover {.1},Visibility {km},Ceiling Height {m},Present Weather Observation,Present Weather Codes,Precipitable Water {mm},Aerosol Optical Depth {.001},Snow Depth {cm},Days Since Last Snow,Albedo {.01},Liquid Precipitation Depth {mm},Liquid Precipitation Quantity {hr}
2056/1/1,01:00,?9?9?9?9E0?9?9?9?9*9?9*9?9?9?9?9?9?9*9*_?9*9*9?9?9,25.0,24.3,96,101332,9999,9999,389,0,0,0,999900,999900,999900,99990,180,0.4,1,1,999.0,999,9,'999999999,0,0.0000,0,88,999.000,0.0,1.0
2056/1/1,02:00,?9?9?9?9E0?9?9?9?9*9?9*9?9?9?9?9?9?9*9*_?9*9*9?9?9,25.1,24.4,96,101332,9999,9999,399,0,0,0,999900,999900,999900,99990,180,0.6,3,3,999.0,999,9,'999999999,0,0.0000,0,88,999.000,0.0,1.0
2056/1/1,03:00,?9?9?9?9E0?9?9?9?9*9?9*9?9?9?9?9?9?9*9*_?9*9*9?9?9,24.9,24.2,96,101232,9999,9999,401,0,0,0,999900,999900,999900,99990,320,0.7,4,4,999.0,999,9,'999999999,0,0.0000,0,88,999.000,0.0,1.0
2056/1/1,04:00,?9?9?9?9E0?9?9?9?9*9?9*9?9?9?9?9?9?9*9*_?9*9*9?9?9,24.6,23.9,96,101232,9999,9999,402,0,0,0,999900,999900,999900,99990,320,0.6,5,5,999.0,999,9,'999999999,0,0.0000,0,88,999.000,0.0,1.0
2056/1/1,05:00,?9?9?9?9E0?9?9?9?9*9?9*9?9?9?9?9?9?9*9*_?9*9*9?9?9,24.4,23.9,97,101232,9999,9999,404,0,0,0,999900,999900,999900,99990,320,0.8,6,6,999.0,999,9,'999999999,0,0.0000,0,88,999.000,0.0,1.0
2056/1/1,06:00,?9?9?9?9E0?9?9?9?9*9?9*9?9?9?9?9?9?9*9*_?9*9*9?9?9,24.0,23.5,97,101232,9999,9999,406,0,0,0,999900,999900,999900,99990,320,0.7,7,7,999.0,999,9,'999999999,0,0.0000,0,88,999.000,0.0,1.0
2056/1/1,07:00,?9?9?9?9E0?9?9?9?9*9?9*9?9?9?9?9?9?9*9*_?9*9*9?9?9,23.9,23.4,97,101332,9999,9999,412,11,0,11,999900,999900,999900,99990,320,0.5,8,8,999.0,999,9,'999999999,0,0.0000,0,88,999.000,0.0,1.0
2056/1/1,08:00,?9?9?9?9E0?9?9?9?9*9?9*9?9?9?9?9?9?9*9*_?9*9*9?9?9,24.8,24.3,97,101332,9999,9999,418,86,52,75,999900,999900,999900,99990,320,0.5,8,8,999.0,999,9,'999999999,0,0.0000,0,88,999.000,0.0,1.0
2056/1/1,09:00,?9?9?9?9E0?9?9?9?9*9?9*9?9?9?9?9?9?9*9*_?9*9*9?9?9,26.1,24.3,90,101432,9999,9999,426,225,110,179,999900,999900,999900,99990,320,0.4,8,8,999.0,999,9,'999999999,0,0.0000,0,88,999.000,0.0,1.0
2056/1/1,10:00,?9?9?9?9E0?9?9?9?9*9?9*9?9?9?9?9?9?9*9*_?9*9*9?9?9,28.2,21.3,66,101432,9999,9999,427,441,305,260,999900,999900,999900,99990,320,0.6,7,7,999.0,999,9,'999999999,0,0.0000,0,88,999.000,0.0,1.0
2056/1/1,11:00,?9?9?9?9E0?9?9?9?9*9?9*9?9?9?9?9?9?9*9*_?9*9*9?9?9,29.3,21.0,61,101332,9999,9999,433,585,416,286,999900,999900,999900,99990,320,0.9,7,7,999.0,999,9,'999999999,0,0.0000,0,88,999.000,0.0,1.0
2056/1/1,12:00,?9?9?9?9E0?9?9?9?9*9?9*9?9?9?9?9?9?9*9*_?9*9*9?9?9,30.3,19.7,53,101332,9999,9999,432,737,602,260,999900,999900,999900,99990,320,0.2,6,6,999.0,999,9,'999999999,0,0.0000,0,88,999.000,0.0,1.0
2056/1/1,13:00,?9?9?9?9E0?9?9?9?9*9?9*9?9?9?9?9?9?9*9*_?9*9*9?9?9,30.5,18.6,49,101232,9999,9999,431,773,664,238,999900,999900,999900,99990,320,0.9,6,6,999.0,999,9,'999999999,0,0.0000,0,88,999.000,0.0,1.0
2056/1/1,14:00,?9?9?9?9E0?9?9?9?9*9?9*9?9?9?9?9?9?9*9*_?9*9*9?9?9,30.5,19.5,52,101132,9999,9999,429,741,702,210,999900,999900,999900,99990,320,0.7,5,5,999.0,999,9,'999999999,0,0.0000,0,88,999.000,0.0,1.0
2056/1/1,15:00,?9?9?9?9E0?9?9?9?9*9?9*9?9?9?9?9?9?9*9*_?9*9*9?9?9,30.3,19.7,53,101132,9999,9999,428,608,639,192,999900,999900,999900,99990,20,0.9,5,5,999.0,999,9,'999999999,0,0.0000,0,88,999.000,0.0,1.0
2056/1/1,16:00,?9?9?9?9E0?9?9?9?9*9?9*9?9?9?9?9?9?9*9*_?9*9*9?9?9,29.7,20.3,57,101032,9999,9999,422,448,592,155,999900,999900,999900,99990,20,1.2,4,4,999.0,999,9,'999999999,0,0.0000,0,88,999.000,0.0,1.0
2056/1/1,17:00,?9?9?9?9E0?9?9?9?9*9?9*9?9?9?9?9?9?9*9*_?9*9*9?9?9,29.1,20.8,61,101032,9999,9999,420,232,379,119,999900,999900,999900,99990,20,0.8,4,4,999.0,999,9,'999999999,0,0.0000,0,88,999.000,0.0,1.0
2056/1/1,18:00,?9?9?9?9E0?9?9?9?9*9?9*9?9?9?9?9?9?9*9*_?9*9*9?9?9,27.5,20.8,67,101132,9999,9999,411,43,124,34,999900,999900,999900,99990,20,0.9,4,4,999.0,999,9,'999999999,0,0.0000,0,88,999.000,0.0,1.0
2056/1/1,19:00,?9?9?9?9E0?9?9?9?9*9?9*9?9?9?9?9?9?9*9*_?9*9*9?9?9,26.8,22.0,75,101132,9999,9999,405,0,0,0,999900,999900,999900,99990,20,0.7,3,3,999.0,999,9,'999999999,0,0.0000,0,88,999.000,0.0,1.0
2056/1/1,20:00,?9?9?9?9E0?9?9?9?9*9?9*9?9?9?9?9?9?9*9*_?9*9*9?9?9,26.2,22.9,82,101232,9999,9999,399,0,0,0,999900,999900,999900,99990,20,0.1,2,2,999.0,999,9,'999999999,0,0.0000,0,88,999.000,0.0,1.0
2056/1/1,21:00,?9?9?9?9E0?9?9?9?9*9?9*9?9?9?9?9?9?9*9*_?9*9*9?9?9,25.7,23.6,88,101232,9999,9999,385,0,0,0,999900,999900,999900,99990,360,0.1,0,0,999.0,999,9,'999999999,0,0.0000,0,88,999.000,0.0,1.0
2056/1/1,22:00,?9?9?9?9E0?9?9?9?9*9?9*9?9?9?9?9?9?9*9*_?9*9*9?9?9,25.2,23.6,91,101332,9999,9999,382,0,0,0,999900,999900,999900,99990,360,0.0,0,0,999.0,999,9,'999999999,0,0.0000,0,88,999.000,0.0,1.0
2056/1/1,23:00,?9?9?9?9E0?9?9?9?9*9?9*9?9?9?9?9?9?9*9*_?9*9*9?9?9,24.6,23.6,94,101332,9999,9999,379,0,0,0,999900,999900,999900,99990,360,0.0,0,0,999.0,999,9,'999999999,0,0.0000,0,88,999.000,0.0,1.0
2056/1/1,24:00,?9?9?9?9E0?9?9?9?9*9?9*9?9?9?9?9?9?9*9*_?9*9*9?9?9,24.3,23.8,97,101332,9999,9999,378,0,0,0,999900,999900,999900,99990,360,0.0,0,0,999.0,999,9,'999999999,0,0.0000,0,88,999.000,0.0,1.0
2056/1/2,01:00,?9?9?9?9E0?9?9?9?9*9?9*9?9?9?9?9?9?9*9*_?9*9*9?9?9,24.0,23.5,97,101232,9999,9999,383,0,0,0,999900,999900,999900,99990,360,0.0,1,1,999.0,999,9,'999999999,0,0.0000,0,88,999.000,0.0,1.0
2056/1/2,02:00,?9?9?9?9E0?9?9?9?9*9?9*9?9?9?9?9?9?9*9*_?9*9*9?9?9,23.9,23.4,97,101232,9999,9999,391,0,0,0,999900,999900,999900,99990,360,0.0,3,3,999.0,999,9,'999999999,0,0.0000,0,88,999.000,0.0,1.0
2056/1/2,03:00,?9?9?9?9E0?9?9?9?9*9?9*9?9?9?9?9?9?9*9*_?9*9*9?9?9,23.8,23.3,97,101132,9999,9999,397,0,0,0,999900,999900,999900,99990,340,0.0,5,5,999.0,999,9,'999999999,0,0.0000,0,88,999.000,0.0,1.0
2056/1/2,04:00,?9?9?9?9E0?9?9?9?9*9?9*9?9?9?9?9?9?9*9*_?9*9*9?9?9,23.8,23.3,97,101132,9999,9999,400,0,0,0,999900,999900,999900,99990,340,0.0,6,6,999.0,999,9,'999999999,0,0.0000,0,88,999.000,0.0,1.0
2056/1/2,05:00,?9?9?9?9E0?9?9?9?9*9?9*9?9?9?9?9?9?9*9*_?9*9*9?9?9,23.8,23.3,97,101132,9999,9999,405,0,0,0,999900,999900,999900,99990,340,0.0,7,7,999.0,999,9,'999999999,0,0.0000,0,88,999.000,0.0,1.0
2056/1/2,06:00,?9?9?9?9E0?9?9?9?9*9?9*9?9?9?9?9?9?9*9*_?9*9*9?9?9,23.6,23.1,97,101132,9999,9999,404,0,0,0,999900,999900,999900,99990,340,0.0,7,7,999.0,999,9,'999999999,0,0.0000,0,88,999.000,0.0,1.0
2056/1/2,07:00,?9?9?9?9E0?9?9?9?9*9?9*9?9?9?9?9?9?9*9*_?9*9*9?9?9,23.8,23.3,97,101232,9999,9999,405,10,0,10,999900,999900,999900,99990,340,0.0,7,7,999.0,999,9,'999999999,0,0.0000,0,88,999.000,0.0,1.0
2056/1/2,08:00,?9?9?9?9E0?9?9?9?9*9?9*9?9?9?9?9?9?9*9*_?9*9*9?9?9,25.0,24.5,97,101232,9999,9999,408,116,119,91,999900,999900,999900,99990,340,0.0,6,6,999.0,999,9,'999999999,0,0.0000,0,88,999.000,0.0,1.0
2056/1/2,09:00,?9?9?9?9E0?9?9?9?9*9?9*9?9?9?9?9?9?9*9*_?9*9*9?9?9,26.8,24.7,88,101332,9999,9999,412,330,359,180,999900,999900,999900,99990,50,0.1,4,4,999.0,999,9,'999999999,0,0.0000,0,88,999.000,0.0,1.0
2056/1/2,10:00,?9?9?9?9E0?9?9?9?9*9?9*9?9?9?9?9?9?9*9*_?9*9*9?9?9,28.0,22.5,72,101332,9999,9999,416,530,521,221,999900,999900,999900,99990,50,1.2,4,4,999.0,999,9,'999999999,0,0.0000,0,88,999.000,0.0,1.0
2056/1/2,11:00,?9?9?9?9E0?9?9?9?9*9?9*9?9?9?9?9?9?9*9*_?9*9*9?9?9,28.6,22.1,68,101332,9999,9999,425,622,457,293,999900,999900,999900,99990,50,1.3,6,6,999.0,999,9,'999999999,0,0.0000,0,88,999.000,0.0,1.0
2056/1/2,12:00,?9?9?9?9E0?9?9?9?9*9?9*9?9?9?9?9?9?9*9*_?9*9*9?9?9,29.2,21.7,64,101332,9999,9999,440,600,288,371,999900,999900,999900,99990,50,1.4,8,8,999.0,999,9,'999999999,0,0.0000,0,88,999.000,0.0,1.0
2056/1/2,13:00,?9?9?9?9E0?9?9?9?9*9?9*9?9?9?9?9?9?9*9*_?9*9*9?9?9,29.6,21.0,60,101232,9999,9999,451,550,196,392,999900,999900,999900,99990,50,1.6,9,9,999.0,999,9,'999999999,0,0.0000,0,88,999.000,0.0,1.0
2056/1/2,14:00,?9?9?9?9E0?9?9?9?9*9?9*9?9?9?9?9?9?9*9*_?9*9*9?9?9,29.5,21.7,63,101232,9999,9999,451,487,158,367,999900,999900,999900,99990,50,1.6,9,9,999.0,999,9,'999999999,0,0.0000,0,88,999.000,0.0,1.0
2056/1/2,15:00,?9?9?9?9E0?9?9?9?9*9?9*9?9?9?9?9?9?9*9*_?9*9*9?9?9,29.5,22.0,64,101132,9999,9999,452,385,125,304,999900,999900,999900,99990,20,1.3,9,9,999.0,999,9,'999999999,0,0.0000,0,88,999.000,0.0,1.0
2056/1/2,16:00,?9?9?9?9E0?9?9?9?9*9?9*9?9?9?9?9?9?9*9*_?9*9*9?9?9,29.0,22.5,68,101032,9999,9999,440,303,146,230,999900,999900,999900,99990,20,1.3,8,8,999.0,999,9,'999999999,0,0.0000,0,88,999.000,0.0,1.0
2056/1/2,17:00,?9?9?9?9E0?9?9?9?9*9?9*9?9?9?9?9?9?9*9*_?9*9*9?9?9,28.3,22.6,71,101132,9999,9999,424,193,171,142,999900,999900,999900,99990,20,1.4,6,6,999.0,999,9,'999999999,0,0.0000,0,88,999.000,0.0,1.0
2056/1/2,18:00,?9?9?9?9E0?9?9?9?9*9?9*9?9?9?9?9?9?9*9*_?9*9*9?9?9,27.5,24.0,81,101132,9999,9999,415,39,70,34,999900,999900,999900,99990,20,1.1,4,4,999.0,999,9,'999999999,0,0.0000,0,88,999.000,0.0,1.0
2056/1/2,19:00,?9?9?9?9E0?9?9?9?9*9?9*9?9?9?9?9?9?9*9*_?9*9*9?9?9,27.0,24.7,87,101132,9999,9999,410,0,0,0,999900,999900,999900,99990,20,0.7,3,3,999.0,999,9,'999999999,0,0.0000,0,88,999.000,0.0,1.0
2056/1/2,20:00,?9?9?9?9E0?9?9?9?9*9?9*9?9?9?9?9?9?9*9*_?9*9*9?9?9,26.7,24.9,90,101232,9999,9999,411,0,0,0,999900,999900,999900,99990,20,0.5,4,4,999.0,999,9,'999999999,0,0.0000,0,88,999.000,0.0,1.0
2056/1/2,21:00,?9?9?9?9E0?9?9?9?9*9?9*9?9?9?9?9?9?9*9*_?9*9*9?9?9,26.2,25.0,93,101332,9999,9999,409,0,0,0,999900,999900,999900,99990,20,0.4,4,4,999.0,999,9,'999999999,0,0.0000,0,88,999.000,0.0,1.0
2056/1/2,22:00,?9?9?9?9E0?9?9?9?9*9?9*9?9?9?9?9?9?9*9*_?9*9*9?9?9,25.8,24.8,94,101332,9999,9999,406,0,0,0,999900,999900,999900,99990,20,0.4,4,4,999.0,999,9,'999999999,0,0.0000,0,88,999.000,0.0,1.0
2056/1/2,23:00,?9?9?9?9E0?9?9?9?9*9?9*9?9?9?9?9?9?9*9*_?9*9*9?9?9,25.2,24.2,94,101332,9999,9999,402,0,0,0,999900,999900,999900,99990,20,0.3,4,4,999.0,999,9,'999999999,0,0.0000,0,88,999.000,0.0,1.0
2056/1/2,24:00,?9?9?9?9E0?9?9?9?9*9?9*9?9?9?9?9?9?9*9*_?9*9*9?9?9,25.1,24.6,97,101332,9999,9999,402,0,0,0,999900,999900,999900,99990,20,0.3,4,4,999.0,999,9,'999999999,0,0.0000,0,88,999.000,0.0,1.0
2056/1/3,01:00,?9?9?9?9E0?9?9?9?9*9?9*9?9?9?9?9?9?9*9*_?9*9*9?9?9,25.1,24.6,97,101332,9999,9999,402,0,0,0,999900,999900,999900,99990,20,0.3,4,4,999.0,999,9,'999999999,0,0.0000,0,88,999.000,0.0,1.0
2056/1/3,02:00,?9?9?9?9E0?9?9?9?9*9?9*9?9?9?9?9?9?9*9*_?9*9*9?9?9,24.9,24.4,97,101232,9999,9999,404,0,0,0,999900,999900,999900,99990,20,0.5,5,5,999.0,999,9,'999999999,0,0.0000,0,88,999.000,0.0,1.0
2056/1/3,03:00,?9?9?9?9E0?9?9?9?9*9?9*9?9?9?9?9?9?9*9*_?9*9*9?9?9,24.8,24.3,97,101232,9999,9999,403,0,0,0,999900,999900,999900,99990,20,0.3,5,5,999.0,999,9,'999999999,0,0.0000,0,88,999.000,0.0,1.0
2056/1/3,04:00,?9?9?9?9E0?9?9?9?9*9?9*9?9?9?9?9?9?9*9*_?9*9*9?9?9,24.6,24.1,97,101232,9999,9999,406,0,0,0,999900,999900,999900,99990,20,0.5,6,6,999.0,999,9,'999999999,0,0.0000,0,88,999.000,0.0,1.0
2056/1/3,05:00,?9?9?9?9E0?9?9?9?9*9?9*9?9?9?9?9?9?9*9*_?9*9*9?9?9,24.6,24.1,97,101232,9999,9999,406,0,0,0,999900,999900,999900,99990,20,0.6,6,6,999.0,999,9,'999999999,0,0.0000,0,88,999.000,0.0,1.0
2056/1/3,06:00,?9?9?9?9E0?9?9?9?9*9?9*9?9?9?9?9?9?9*9*_?9*9*9?9?9,24.6,24.1,97,101232,9999,9999,406,0,0,0,999900,999900,999900,99990,320,0.4,6,6,999.0,999,9,'999999999,0,0.0000,0,88,999.000,0.0,1.0
2056/1/3,07:00,?9?9?9?9E0?9?9?9?9*9?9*9?9?9?9?9?9?9*9*_?9*9*9?9?9,24.5,24.2,98,101232,9999,9999,402,10,0,10,999900,999900,999900,99990,320,0.5,5,5,999.0,999,9,'999999999,0,0.0000,0,88,999.000,0.0,1.0
2056/1/3,08:00,?9?9?9?9E0?9?9?9?9*9?9*9?9?9?9?9?9?9*9*_?9*9*9?9?9,24.9,24.6,98,101332,9999,9999,401,137,209,93,999900,999900,999900,99990,320,0.5,4,4,999.0,999,9,'999999999,0,0.0000,0,88,999.000,0.0,1.0
2056/1/3,09:00,?9?9?9?9E0?9?9?9?9*9?9*9?9?9?9?9?9?9*9*_?9*9*9?9?9,27.1,25.1,89,101432,9999,9999,411,345,416,171,999900,999900,999900,99990,320,1.1,3,3,999.0,999,9,'999999999,0,0.0000,0,88,999.000,0.0,1.0
2056/1/3,10:00,?9?9?9?9E0?9?9?9?9*9?9*9?9?9?9?9?9?9*9*_?9*9*9?9?9,28.3,23.9,77,101432,9999,9999,426,461,331,265,999900,999900,999900,99990,320,1.3,6,6,999.0,999,9,'999999999,0,0.0000,0,88,999.000,0.0,1.0
2056/1/3,11:00,?9?9?9?9E0?9?9?9?9*9?9*9?9?9?9?9?9?9*9*_?9*9*9?9?9,28.7,23.6,74,101332,9999,9999,449,429,133,333,999900,999900,999900,99990,320,1.4,9,9,999.0,999,9,'999999999,0,0.0000,0,88,999.000,0.0,1.0
2056/1/3,12:00,?9?9?9?9E0?9?9?9?9*9?9*9?9?9?9?9?9?9*9*_?9*9*9?9?9,28.8,23.7,74,101332,9999,9999,450,499,151,379,999900,999900,999900,99990,340,1.4,9,9,999.0,999,9,'999999999,0,0.0000,0,88,999.000,0.0,1.0
2056/1/3,13:00,?9?9?9?9E0?9?9?9?9*9?9*9?9?9?9?9?9?9*9*_?9*9*9?9?9,29.7,21.7,62,101332,9999,9999,443,621,302,377,999900,999900,999900,99990,340,1.5,8,8,999.0,999,9,'999999999,0,0.0000,0,88,999.000,0.0,1.0
2056/1/3,14:00,?9?9?9?9E0?9?9?9?9*9?9*9?9?9?9?9?9?9*9*_?9*9*9?9?9,30.5,19.9,53,101232,9999,9999,438,646,435,315,999900,999900,999900,99990,340,1.6,7,7,999.0,999,9,'999999999,0,0.0000,0,88,999.000,0.0,1.0
2056/1/3,15:00,?9?9?9?9E0?9?9?9?9*9?9*9?9?9?9?9?9?9*9*_?9*9*9?9?9,30.0,21.1,59,101132,9999,9999,432,556,449,262,999900,999900,999900,99990,50,1.4,6,6,999.0,999,9,'999999999,0,0.0000,0,88,999.000,0.0,1.0
2056/1/3,16:00,?9?9?9?9E0?9?9?9?9*9?9*9?9?9?9?9?9?9*9*_?9*9*9?9?9,29.8,22.0,63,101132,9999,9999,432,388,341,218,999900,999900,999900,99990,50,1.5,6,6,999.0,999,9,'999999999,0,0.0000,0,88,999.000,0.0,1.0
2056/1/3,17:00,?9?9?9?9E0?9?9?9?9*9?9*9?9?9?9?9?9?9*9*_?9*9*9?9?9,28.7,23.6,74,101132,9999,9999,433,171,116,136,999900,999900,999900,99990,50,1.4,7,7,999.0,999,9,'999999999,0,0.0000,0,88,999.000,0.0,1.0
2056/1/3,18:00,?9?9?9?9E0?9?9?9?9*9?9*9?9?9?9?9?9?9*9*_?9*9*9?9?9,27.8,24.7,83,101132,9999,9999,429,24,20,22,999900,999900,999900,99990,50,1.3,7,7,999.0,999,9,'999999999,0,0.0000,0,88,999.000,0.0,1.0
2056/1/3,19:00,?9?9?9?9E0?9?9?9?9*9?9*9?9?9?9?9?9?9*9*_?9*9*9?9?9,27.2,25.1,88,101132,9999,9999,426,0,0,0,999900,999900,999900,99990,50,0.7,7,7,999.0,999,9,'999999999,0,0.0000,0,88,999.000,0.0,1.0
2056/1/3,20:00,?9?9?9?9E0?9?9?9?9*9?9*9?9?9?9?9?9?9*9*_?9*9*9?9?9,27.0,25.2,90,101232,9999,9999,420,0,0,0,999900,999900,999900,99990,50,0.7,6,6,999.0,999,9,'999999999,0,0.0000,0,88,999.000,0.0,1.0
2056/1/3,21:00,?9?9?9?9E0?9?9?9?9*9?9*9?9?9?9?9?9?9*9*_?9*9*9?9?9,26.8,25.6,93,101332,9999,9999,413,0,0,0,999900,999900,999900,99990,20,0.8,4,4,999.0,999,9,'999999999,0,0.0000,0,88,999.000,0.0,1.0
2056/1/3,22:00,?9?9?9?9E0?9?9?9?9*9?9*9?9?9?9?9?9?9*9*_?9*9*9?9?9,26.6,25.6,94,101332,9999,9999,412,0,0,0,999900,999900,999900,99990,20,0.5,4,4,999.0,999,9,'999999999,0,0.0000,0,88,999.000,0.0,1.0
2056/1/3,23:00,?9?9?9?9E0?9?9?9?9*9?9*9?9?9?9?9?9?9*9*_?9*9*9?9?9,26.5,25.5,94,101332,9999,9999,411,0,0,0,999900,999900,999900,99990,20,0.6,4,4,999.0,999,9,'999999999,0,0.0000,0,88,999.000,0.0,1.0
2056/1/3,24:00,?9?9?9?9E0?9?9?9?9*9?9*9?9?9?9?9?9?9*9*_?9*9*9?9?9,26.4,25.6,95,101332,9999,9999,411,0,0,0,999900,999900,999900,99990,360,0.8,4,4,999.0,999,9,'999999999,0,0.0000,0,88,999.000,0.0,1.0
2056/1/4,01:00,?9?9?9?9E0?9?9?9?9*9?9*9?9?9?9?9?9?9*9*_?9*9*9?9?9,25.9,25.1,95,101332,9999,9999,407,0,0,0,999900,999900,999900,99990,360,0.5,4,4,999.0,999,9,'999999999,0,0.0000,0,88,999.000,0.0,1.0
2056/1/4,02:00,?9?9?9?9E0?9?9?9?9*9?9*9?9?9?9?9?9?9*9*_?9*9*9?9?9,25.7,24.9,95,101232,9999,9999,406,0,0,0,999900,999900,999900,99990,360,0.5,4,4,999.0,999,9,'999999999,0,0.0000,0,88,999.000,0.0,1.0
2056/1/4,03:00,?9?9?9?9E0?9?9?9?9*9?9*9?9?9?9?9?9?9*9*_?9*9*9?9?9,25.2,24.5,96,101232,9999,9999,403,0,0,0,999900,999900,999900,99990,50,0.6,4,4,999.0,999,9,'999999999,0,0.0000,0,88,999.000,0.0,1.0
2056/1/4,04:00,?9?9?9?9E0?9?9?9?9*9?9*9?9?9?9?9?9?9*9*_?9*9*9?9?9,24.8,24.1,96,101132,9999,9999,397,0,0,0,999900,999900,999900,99990,50,0.5,3,3,999.0,999,9,'999999999,0,0.0000,0,88,999.000,0.0,1.0
2056/1/4,05:00,?9?9?9?9E0?9?9?9?9*9?9*9?9?9?9?9?9?9*9*_?9*9*9?9?9,24.5,23.8,96,101132,9999,9999,395,0,0,0,999900,999900,999900,99990,50,0.4,3,3,999.0,999,9,'999999999,0,0.0000,0,88,999.000,0.0,1.0
2056/1/4,06:00,?9?9?9?9E0?9?9?9?9*9?9*9?9?9?9?9?9?9*9*_?9*9*9?9?9,24.2,24.1,99,101132,9999,9999,394,0,0,0,999900,999900,999900,99990,360,0.7,3,3,999.0,999,9,'999999999,0,0.0000,0,88,999.000,0.0,1.0
2056/1/4,07:00,?9?9?9?9E0?9?9?9?9*9?9*9?9?9?9?9?9?9*9*_?9*9*9?9?9,24.2,24.1,99,101232,9999,9999,394,9,0,9,999900,999900,999900,99990,360,0.4,3,3,999.0,999,9,'999999999,0,0.0000,0,88,999.000,0.0,1.0
2056/1/4,08:00,?9?9?9?9E0?9?9?9?9*9?9*9?9?9?9?9?9?9*9*_?9*9*9?9?9,25.2,24.7,97,101332,9999,9999,400,143,291,83,999900,999900,999900,99990,360,0.6,3,3,999.0,999,9,'999999999,0,0.0000,0,88,999.000,0.0,1.0
2056/1/4,09:00,?9?9?9?9E0?9?9?9?9*9?9*9?9?9?9?9?9?9*9*_?9*9*9?9?9,26.8,23.1,80,101332,9999,9999,406,359,545,132,999900,999900,999900,99990,20,1.4,3,3,999.0,999,9,'999999999,0,0.0000,0,88,999.000,0.0,1.0
2056/1/4,10:00,?9?9?9?9E0?9?9?9?9*9?9*9?9?9?9?9?9?9*9*_?9*9*9?9?9,27.9,22.2,71,101332,9999,9999,415,535,622,167,999900,999900,999900,99990,20,1.6,4,4,999.0,999,9,'999999999,0,0.0000,0,88,999.000,0.0,1.0
2056/1/4,11:00,?9?9?9?9E0?9?9?9?9*9?9*9?9?9?9?9?9?9*9*_?9*9*9?9?9,29.4,20.0,57,101332,9999,9999,420,726,783,162,999900,999900,999900,99990,20,2.2,4,4,999.0,999,9,'999999999,0,0.0000,0,88,999.000,0.0,1.0
2056/1/4,12:00,?9?9?9?9E0?9?9?9?9*9?9*9?9?9?9?9?9?9*9*_?9*9*9?9?9,30.1,19.8,54,101332,9999,9999,424,829,841,160,999900,999900,999900,99990,50,2.2,4,4,999.0,999,9,'999999999,0,0.0000,0,88,999.000,0.0,1.0
2056/1/4,13:00,?9?9?9?9E0?9?9?9?9*9?9*9?9?9?9?9?9?9*9*_?9*9*9?9?9,30.2,20.2,55,101232,9999,9999,425,846,845,162,999900,999900,999900,99990,50,2.4,4,4,999.0,999,9,'999999999,0,0.0000,0,88,999.000,0.0,1.0
2056/1/4,14:00,?9?9?9?9E0?9?9?9?9*9?9*9?9?9?9?9?9?9*9*_?9*9*9?9?9,29.9,19.9,55,101232,9999,9999,423,781,816,160,999900,999900,999900,99990,50,2.4,4,4,999.0,999,9,'999999999,0,0.0000,0,88,999.000,0.0,1.0
2056/1/4,15:00,?9?9?9?9E0?9?9?9?9*9?9*9?9?9?9?9?9?9*9*_?9*9*9?9?9,30.0,20.0,55,101232,9999,9999,423,643,748,152,999900,999900,999900,99990,250,2.4,4,4,999.0,999,9,'999999999,0,0.0000,0,88,999.000,0.0,1.0
2056/1/4,16:00,?9?9?9?9E0?9?9?9?9*9?9*9?9?9?9?9?9?9*9*_?9*9*9?9?9,29.3,20.2,58,101232,9999,9999,417,472,686,129,999900,999900,999900,99990,250,2.2,3,3,999.0,999,9,'999999999,0,0.0000,0,88,999.000,0.0,1.0
2056/1/4,17:00,?9?9?9?9E0?9?9?9?9*9?9*9?9?9?9?9?9?9*9*_?9*9*9?9?9,28.8,21.6,65,101232,9999,9999,416,245,452,107,999900,999900,999900,99990,250,2.1,3,3,999.0,999,9,'999999999,0,0.0000,0,88,999.000,0.0,1.0
2056/1/4,18:00,?9?9?9?9E0?9?9?9?9*9?9*9?9?9?9?9?9?9*9*_?9*9*9?9?9,27.7,22.4,73,101232,9999,9999,411,49,170,35,999900,999900,999900,99990,250,1.7,3,3,999.0,999,9,'999999999,0,0.0000,0,88,999.000,0.0,1.0
2056/1/4,19:00,?9?9?9?9E0?9?9?9?9*9?9*9?9?9?9?9?9?9*9*_?9*9*9?9?9,27.1,22.7,77,101232,9999,9999,408,0,0,0,999900,999900,999900,99990,250,1.2,3,3,999.0,999,9,'999999999,0,0.0000,0,88,999.000,0.0,1.0
2056/1/4,20:00,?9?9?9?9E0?9?9?9?9*9?9*9?9?9?9?9?9?9*9*_?9*9*9?9?9,26.5,23.4,83,101232,9999,9999,405,0,0,0,999900,999900,999900,99990,250,1.1,3,3,999.0,999,9,'999999999,0,0.0000,0,88,999.000,0.0,1.0
2056/1/4,21:00,?9?9?9?9E0?9?9?9?9*9?9*9?9?9?9?9?9?9*9*_?9*9*9?9?9,25.9,23.6,87,101232,9999,9999,402,0,0,0,999900,999900,999900,99990,250,1.0,3,3,999.0,999,9,'999999999,0,0.0000,0,88,999.000,0.0,1.0
2056/1/4,22:00,?9?9?9?9E0?9?9?9?9*9?9*9?9?9?9?9?9?9*9*_?9*9*9?9?9,25.5,23.9,91,101232,9999,9999,401,0,0,0,999900,999900,999900,99990,250,0.9,3,3,999.0,999,9,'999999999,0,0.0000,0,88,999.000,0.0,1.0
2056/1/4,23:00,?9?9?9?9E0?9?9?9?9*9?9*9?9?9?9?9?9?9*9*_?9*9*9?9?9,25.2,24.2,94,101232,9999,9999,399,0,0,0,999900,999900,999900,99990,250,0.9,3,3,999.0,999,9,'999999999,0,0.0000,0,88,999.000,0.0,1.0
2056/1/4,24:00,?9?9?9?9E0?9?9?9?9*9?9*9?9?9?9?9?9?9*9*_?9*9*9?9?9,24.9,24.2,96,101232,9999,9999,398,0,0,0,999900,999900,999900,99990,360,0.8,3,3,999.0,999,9,'999999999,0,0.0000,0,88,999.000,0.0,1.0
2056/1/5,01:00,?9?9?9?9E0?9?9?9?9*9?9*9?9?9?9?9?9?9*9*_?9*9*9?9?9,24.9,24.2,96,101132,9999,9999,398,0,0,0,999900,999900,999900,99990,360,1.0,3,3,999.0,999,9,'999999999,0,0.0000,0,88,999.000,0.0,1.0
2056/1/5,02:00,?9?9?9?9E0?9?9?9?9*9?9*9?9?9?9?9?9?9*9*_?9*9*9?9?9,24.9,24.2,96,101132,9999,9999,398,0,0,0,999900,999900,999900,99990,360,0.9,3,3,999.0,999,9,'999999999,0,0.0000,0,88,999.000,0.0,1.0
2056/1/5,03:00,?9?9?9?9E0?9?9?9?9*9?9*9?9?9?9?9?9?9*9*_?9*9*9?9?9,24.9,24.2,96,101032,9999,9999,398,0,0,0,999900,999900,999900,99990,360,1.0,3,3,999.0,999,9,'999999999,0,0.0000,0,88,999.000,0.0,1.0
2056/1/5,04:00,?9?9?9?9E0?9?9?9?9*9?9*9?9?9?9?9?9?9*9*_?9*9*9?9?9,24.8,24.1,96,101032,9999,9999,397,0,0,0,999900,999900,999900,99990,360,1.0,3,3,999.0,999,9,'999999999,0,0.0000,0,88,999.000,0.0,1.0
2056/1/5,05:00,?9?9?9?9E0?9?9?9?9*9?9*9?9?9?9?9?9?9*9*_?9*9*9?9?9,24.8,24.1,96,101032,9999,9999,400,0,0,0,999900,999900,999900,99990,360,0.9,4,4,999.0,999,9,'999999999,0,0.0000,0,88,999.000,0.0,1.0
2056/1/5,06:00,?9?9?9?9E0?9?9?9?9*9?9*9?9?9?9?9?9?9*9*_?9*9*9?9?9,24.6,23.9,96,101032,9999,9999,402,0,0,0,999900,999900,999900,99990,360,1.0,5,5,999.0,999,9,'999999999,0,0.0000,0,88,999.000,0.0,1.0
2056/1/5,07:00,?9?9?9?9E0?9?9?9?9*9?9*9?9?9?9?9?9?9*9*_?9*9*9?9?9,24.4,23.7,96,101132,9999,9999,404,9,0,9,999900,999900,999900,99990,360,1.0,6,6,999.0,999,9,'999999999,0,0.0000,0,88,999.000,0.0,1.0
2056/1/5,08:00,?9?9?9?9E0?9?9?9?9*9?9*9?9?9?9?9?9?9*9*_?9*9*9?9?9,25.3,24.5,95,101232,9999,9999,410,117,141,88,999900,999900,999900,99990,360,1.3,6,6,999.0,999,9,'999999999,0,0.0000,0,88,999.000,0.0,1.0
2056/1/5,09:00,?9?9?9?9E0?9?9?9?9*9?9*9?9?9?9?9?9?9*9*_?9*9*9?9?9,26.3,23.6,85,101232,9999,9999,414,298,287,179,999900,999900,999900,99990,360,1.9,6,6,999.0,999,9,'999999999,0,0.0000,0,88,999.000,0.0,1.0
2056/1/5,10:00,?9?9?9?9E0?9?9?9?9*9?9*9?9?9?9?9?9?9*9*_?9*9*9?9?9,28.0,22.9,74,101232,9999,9999,423,470,391,239,999900,999900,999900,99990,360,1.9,6,6,999.0,999,9,'999999999,0,0.0000,0,88,999.000,0.0,1.0
2056/1/5,11:00,?9?9?9?9E0?9?9?9?9*9?9*9?9?9?9?9?9?9*9*_?9*9*9?9?9,28.7,21.0,63,101232,9999,9999,429,590,423,285,999900,999900,999900,99990,360,2.0,7,7,999.0,999,9,'999999999,0,0.0000,0,88,999.000,0.0,1.0
2056/1/5,12:00,?9?9?9?9E0?9?9?9?9*9?9*9?9?9?9?9?9?9*9*_?9*9*9?9?9,28.8,19.4,57,101232,9999,9999,428,690,491,299,999900,999900,999900,99990,20,2.3,7,7,999.0,999,9,'999999999,0,0.0000,0,88,999.000,0.0,1.0
2056/1/5,13:00,?9?9?9?9E0?9?9?9?9*9?9*9?9?9?9?9?9?9*9*_?9*9*9?9?9,29.5,20.9,60,101132,9999,9999,434,696,488,301,999900,999900,999900,99990,20,2.0,7,7,999.0,999,9,'999999999,0,0.0000,0,88,999.000,0.0,1.0
2056/1/5,14:00,?9?9?9?9E0?9?9?9?9*9?9*9?9?9?9?9?9?9*9*_?9*9*9?9?9,29.9,20.2,56,101132,9999,9999,430,697,581,254,999900,999900,999900,99990,20,2.0,6,6,999.0,999,9,'999999999,0,0.0000,0,88,999.000,0.0,1.0
2056/1/5,15:00,?9?9?9?9E0?9?9?9?9*9?9*9?9?9?9?9?9?9*9*_?9*9*9?9?9,29.7,20.6,58,101032,9999,9999,426,602,604,205,999900,999900,999900,99990,20,1.7,5,5,999.0,999,9,'999999999,0,0.0000,0,88,999.000,0.0,1.0
2056/1/5,16:00,?9?9?9?9E0?9?9?9?9*9?9*9?9?9?9?9?9?9*9*_?9*9*9?9?9,29.5,19.5,55,101032,9999,9999,417,476,662,143,999900,999900,999900,99990,20,2.1,3,3,999.0,999,9,'999999999,0,0.0000,0,88,999.000,0.0,1.0
2056/1/5,17:00,?9?9?9?9E0?9?9?9?9*9?9*9?9?9?9?9?9?9*9*_?9*9*9?9?9,28.7,20.2,60,101032,9999,9999,409,259,486,110,999900,999900,999900,99990,20,1.7,2,2,999.0,999,9,'999999999,0,0.0000,0,88,999.000,0.0,1.0
2056/1/5,18:00,?9?9?9?9E0?9?9?9?9*9?9*9?9?9?9?9?9?9*9*_?9*9*9?9?9,27.8,20.6,65,100932,9999,9999,399,55,203,38,999900,999900,999900,99990,50,1.0,1,1,999.0,999,9,'999999999,0,0.0000,0,88,999.000,0.0,1.0
2056/1/5,19:00,?9?9?9?9E0?9?9?9?9*9?9*9?9?9?9?9?9?9*9*_?9*9*9?9?9,27.0,22.2,75,100932,9999,9999,397,0,0,0,999900,999900,999900,99990,50,1.2,1,1,999.0,999,9,'999999999,0,0.0000,0,88,999.000,0.0,1.0
2056/1/5,20:00,?9?9?9?9E0?9?9?9?9*9?9*9?9?9?9?9?9?9*9*_?9*9*9?9?9,26.2,23.1,83,101032,9999,9999,399,0,0,0,999900,999900,999900,99990,50,0.9,2,2,999.0,999,9,'999999999,0,0.0000,0,88,999.000,0.0,1.0
2056/1/5,21:00,?9?9?9?9E0?9?9?9?9*9?9*9?9?9?9?9?9?9*9*_?9*9*9?9?9,25.9,23.4,86,101132,9999,9999,402,0,0,0,999900,999900,999900,99990,340,0.8,3,3,999.0,999,9,'999999999,0,0.0000,0,88,999.000,0.0,1.0
2056/1/5,22:00,?9?9?9?9E0?9?9?9?9*9?9*9?9?9?9?9?9?9*9*_?9*9*9?9?9,25.7,23.8,89,101132,9999,9999,405,0,0,0,999900,999900,999900,99990,340,0.9,4,4,999.0,999,9,'999999999,0,0.0000,0,88,999.000,0.0,1.0
2056/1/5,23:00,?9?9?9?9E0?9?9?9?9*9?9*9?9?9?9?9?9?9*9*_?9*9*9?9?9,25.3,23.6,90,101132,9999,9999,402,0,0,0,999900,999900,999900,99990,340,0.9,4,4,999.0,999,9,'999999999,0,0.0000,0,88,999.000,0.0,1.0
2056/1/5,24:00,?9?9?9?9E0?9?9?9?9*9?9*9?9?9?9?9?9?9*9*_?9*9*9?9?9,25.0,23.8,93,101132,9999,9999,401,0,0,0,999900,999900,999900,99990,360,0.9,4,4,999.0,999,9,'999999999,0,0.0000,0,88,999.000,0.0,1.0
2056/1/6,01:00,?9?9?9?9E0?9?9?9?9*9?9*9?9?9?9?9?9?9*9*_?9*9*9?9?9,24.5,23.7,95,101132,9999,9999,398,0,0,0,999900,999900,999900,99990,360,0.9,4,4,999.0,999,9,'999999999,0,0.0000,0,88,999.000,0.0,1.0
2056/1/6,02:00,?9?9?9?9E0?9?9?9?9*9?9*9?9?9?9?9?9?9*9*_?9*9*9?9?9,24.3,23.5,95,101032,9999,9999,397,0,0,0,999900,999900,999900,99990,360,1.0,4,4,999.0,999,9,'999999999,0,0.0000,0,88,999.000,0.0,1.0
2056/1/6,03:00,?9?9?9?9E0?9?9?9?9*9?9*9?9?9?9?9?9?9*9*_?9*9*9?9?9,24.0,23.5,97,100932,9999,9999,395,0,0,0,999900,999900,999900,99990,360,0.9,4,4,999.0,999,9,'999999999,0,0.0000,0,88,999.000,0.0,1.0
2056/1/6,04:00,?9?9?9?9E0?9?9?9?9*9?9*9?9?9?9?9?9?9*9*_?9*9*9?9?9,24.0,23.5,97,100932,9999,9999,395,0,0,0,999900,999900,999900,99990,360,0.9,4,4,999.0,999,9,'999999999,0,0.0000,0,88,999.000,0.0,1.0
2056/1/6,05:00,?9?9?9?9E0?9?9?9?9*9?9*9?9?9?9?9?9?9*9*_?9*9*9?9?9,24.0,23.5,97,100932,9999,9999,395,0,0,0,999900,999900,999900,99990,360,0.8,4,4,999.0,999,9,'999999999,0,0.0000,0,88,999.000,0.0,1.0
2056/1/6,06:00,?9?9?9?9E0?9?9?9?9*9?9*9?9?9?9?9?9?9*9*_?9*9*9?9?9,24.0,23.5,97,101032,9999,9999,395,0,0,0,999900,999900,999900,99990,360,1.1,4,4,999.0,999,9,'999999999,0,0.0000,0,88,999.000,0.0,1.0
2056/1/6,07:00,?9?9?9?9E0?9?9?9?9*9?9*9?9?9?9?9?9?9*9*_?9*9*9?9?9,24.5,23.8,96,101032,9999,9999,398,8,0,8,999900,999900,999900,99990,360,1.1,4,4,999.0,999,9,'999999999,0,0.0000,0,88,999.000,0.0,1.0
2056/1/6,08:00,?9?9?9?9E0?9?9?9?9*9?9*9?9?9?9?9?9?9*9*_?9*9*9?9?9,25.3,24.3,94,101032,9999,9999,403,136,222,91,999900,999900,999900,99990,360,1.1,4,4,999.0,999,9,'999999999,0,0.0000,0,88,999.000,0.0,1.0
2056/1/6,09:00,?9?9?9?9E0?9?9?9?9*9?9*9?9?9?9?9?9?9*9*_?9*9*9?9?9,26.2,23.3,84,101132,9999,9999,407,340,432,161,999900,999900,999900,99990,360,1.7,4,4,999.0,999,9,'999999999,0,0.0000,0,88,999.000,0.0,1.0
2056/1/6,10:00,?9?9?9?9E0?9?9?9?9*9?9*9?9?9?9?9?9?9*9*_?9*9*9?9?9,28.4,23.6,75,101132,9999,9999,419,523,529,210,999900,999900,999900,99990,360,0.9,4,4,999.0,999,9,'999999999,0,0.0000,0,88,999.000,0.0,1.0
2056/1/6,11:00,?9?9?9?9E0?9?9?9?9*9?9*9?9?9?9?9?9?9*9*_?9*9*9?9?9,29.4,23.1,69,101132,9999,9999,431,620,478,275,999900,999900,999900,99990,360,1.8,6,6,999.0,999,9,'999999999,0,0.0000,0,88,999.000,0.0,1.0
2056/1/6,12:00,?9?9?9?9E0?9?9?9?9*9?9*9?9?9?9?9?9?9*9*_?9*9*9?9?9,29.5,23.2,69,101232,9999,9999,437,648,400,329,999900,999900,999900,99990,50,1.7,7,7,999.0,999,9,'999999999,0,0.0000,0,88,999.000,0.0,1.0
2056/1/6,13:00,?9?9?9?9E0?9?9?9?9*9?9*9?9?9?9?9?9?9*9*_?9*9*9?9?9,29.9,22.1,63,101232,9999,9999,438,687,442,328,999900,999900,999900,99990,50,1.8,7,7,999.0,999,9,'999999999,0,0.0000,0,88,999.000,0.0,1.0
2056/1/6,14:00,?9?9?9?9E0?9?9?9?9*9?9*9?9?9?9?9?9?9*9*_?9*9*9?9?9,30.1,21.8,61,101132,9999,9999,438,633,419,313,999900,999900,999900,99990,50,1.7,7,7,999.0,999,9,'999999999,0,0.0000,0,88,999.000,0.0,1.0
2056/1/6,15:00,?9?9?9?9E0?9?9?9?9*9?9*9?9?9?9?9?9?9*9*_?9*9*9?9?9,29.9,21.6,61,101132,9999,9999,437,516,356,281,999900,999900,999900,99990,50,1.9,7,7,999.0,999,9,'999999999,0,0.0000,0,88,999.000,0.0,1.0
2056/1/6,16:00,?9?9?9?9E0?9?9?9?9*9?9*9?9?9?9?9?9?9*9*_?9*9*9?9?9,29.6,22.3,65,101132,9999,9999,436,356,259,225,999900,999900,999900,99990,50,1.3,7,7,999.0,999,9,'999999999,0,0.0000,0,88,999.000,0.0,1.0
2056/1/6,17:00,?9?9?9?9E0?9?9?9?9*9?9*9?9?9?9?9?9?9*9*_?9*9*9?9?9,29.2,23.2,70,101132,9999,9999,435,180,136,138,999900,999900,999900,99990,50,1.7,7,7,999.0,999,9,'999999999,0,0.0000,0,88,999.000,0.0,1.0
2056/1/6,18:00,?9?9?9?9E0?9?9?9?9*9?9*9?9?9?9?9?9?9*9*_?9*9*9?9?9,28.2,24.0,78,101032,9999,9999,425,36,47,32,999900,999900,999900,99990,20,0.9,6,6,999.0,999,9,'999999999,0,0.0000,0,88,999.000,0.0,1.0
2056/1/6,19:00,?9?9?9?9E0?9?9?9?9*9?9*9?9?9?9?9?9?9*9*_?9*9*9?9?9,27.6,24.9,85,101132,9999,9999,423,0,0,0,999900,999900,999900,99990,20,0.9,6,6,999.0,999,9,'999999999,0,0.0000,0,88,999.000,0.0,1.0
2056/1/6,20:00,?9?9?9?9E0?9?9?9?9*9?9*9?9?9?9?9?9?9*9*_?9*9*9?9?9,27.1,24.8,87,101132,9999,9999,420,0,0,0,999900,999900,999900,99990,20,1.1,6,6,999.0,999,9,'999999999,0,0.0000,0,88,999.000,0.0,1.0
2056/1/6,21:00,?9?9?9?9E0?9?9?9?9*9?9*9?9?9?9?9?9?9*9*_?9*9*9?9?9,27.0,25.1,89,101232,9999,9999,420,0,0,0,999900,999900,999900,99990,360,0.6,6,6,999.0,999,9,'999999999,0,0.0000,0,88,999.000,0.0,1.0
2056/1/6,22:00,?9?9?9?9E0?9?9?9?9*9?9*9?9?9?9?9?9?9*9*_?9*9*9?9?9,26.9,25.0,89,101332,9999,9999,419,0,0,0,999900,999900,999900,99990,360,0.6,6,6,999.0,999,9,'999999999,0,0.0000,0,88,999.000,0.0,1.0
2056/1/6,23:00,?9?9?9?9E0?9?9?9?9*9?9*9?9?9?9?9?9?9*9*_?9*9*9?9?9,26.7,25.1,91,101332,9999,9999,418,0,0,0,999900,999900,999900,99990,360,0.6,6,6,999.0,999,9,'999999999,0,0.0000,0,88,999.000,0.0,1.0
2056/1/6,24:00,?9?9?9?9E0?9?9?9?9*9?9*9?9?9?9?9?9?9*9*_?9*9*9?9?9,26.4,25.6,95,101332,9999,9999,417,0,0,0,999900,999900,999900,99990,360,0.4,6,6,999.0,999,9,'999999999,0,0.0000,0,88,999.000,0.0,1.0
2056/1/7,01:00,?9?9?9?9E0?9?9?9?9*9?9*9?9?9?9?9?9?9*9*_?9*9*9?9?9,26.2,25.4,95,101232,9999,9999,412,0,0,0,999900,999900,999900,99990,360,0.4,5,5,999.0,999,9,'999999999,0,0.0000,0,88,999.000,0.0,1.0
2056/1/7,02:00,?9?9?9?9E0?9?9?9?9*9?9*9?9?9?9?9?9?9*9*_?9*9*9?9?9,26.2,25.4,95,101232,9999,9999,412,0,0,0,999900,999900,999900,99990,360,0.4,5,5,999.0,999,9,'999999999,0,0.0000,0,88,999.000,0.0,1.0
2056/1/7,03:00,?9?9?9?9E0?9?9?9?9*9?9*9?9?9?9?9?9?9*9*_?9*9*9?9?9,25.7,24.9,95,101132,9999,9999,409,0,0,0,999900,999900,999900,99990,360,1.0,5,5,999.0,999,9,'999999999,0,0.0000,0,88,999.000,0.0,1.0
2056/1/7,04:00,?9?9?9?9E0?9?9?9?9*9?9*9?9?9?9?9?9?9*9*_?9*9*9?9?9,25.4,24.6,95,101132,9999,9999,404,0,0,0,999900,999900,999900,99990,360,0.5,4,4,999.0,999,9,'999999999,0,0.0000,0,88,999.000,0.0,1.0
2056/1/7,05:00,?9?9?9?9E0?9?9?9?9*9?9*9?9?9?9?9?9?9*9*_?9*9*9?9?9,25.2,24.4,95,101132,9999,9999,403,0,0,0,999900,999900,999900,99990,360,0.3,4,4,999.0,999,9,'999999999,0,0.0000,0,88,999.000,0.0,1.0
2056/1/7,06:00,?9?9?9?9E0?9?9?9?9*9?9*9?9?9?9?9?9?9*9*_?9*9*9?9?9,25.1,24.3,95,101132,9999,9999,402,0,0,0,999900,999900,999900,99990,360,0.3,4,4,999.0,999,9,'999999999,0,0.0000,0,88,999.000,0.0,1.0
2056/1/7,07:00,?9?9?9?9E0?9?9?9?9*9?9*9?9?9?9?9?9?9*9*_?9*9*9?9?9,25.2,24.4,95,101132,9999,9999,403,8,0,8,999900,999900,999900,99990,360,0.6,4,4,999.0,999,9,'999999999,0,0.0000,0,88,999.000,0.0,1.0
2056/1/7,08:00,?9?9?9?9E0?9?9?9?9*9?9*9?9?9?9?9?9?9*9*_?9*9*9?9?9,26.2,25.0,93,101232,9999,9999,416,116,118,92,999900,999900,999900,99990,360,0.5,6,6,999.0,999,9,'999999999,0,0.0000,0,88,999.000,0.0,1.0
2056/1/7,09:00,?9?9?9?9E0?9?9?9?9*9?9*9?9?9?9?9?9?9*9*_?9*9*9?9?9,27.5,24.6,84,101332,9999,9999,427,266,171,195,999900,999900,999900,99990,360,0.9,7,7,999.0,999,9,'999999999,0,0.0000,0,88,999.000,0.0,1.0
2056/1/7,10:00,?9?9?9?9E0?9?9?9?9*9?9*9?9?9?9?9?9?9*9*_?9*9*9?9?9,29.3,22.3,66,101432,9999,9999,441,396,195,280,999900,999900,999900,99990,360,1.9,8,8,999.0,999,9,'999999999,0,0.0000,0,88,999.000,0.0,1.0
2056/1/7,11:00,?9?9?9?9E0?9?9?9?9*9?9*9?9?9?9?9?9?9*9*_?9*9*9?9?9,29.4,21.9,64,101432,9999,9999,441,530,257,345,999900,999900,999900,99990,360,1.9,8,8,999.0,999,9,'999999999,0,0.0000,0,88,999.000,0.0,1.0
2056/1/7,12:00,?9?9?9?9E0?9?9?9?9*9?9*9?9?9?9?9?9?9*9*_?9*9*9?9?9,30.2,22.1,62,101432,9999,9999,446,607,288,378,999900,999900,999900,99990,360,1.5,8,8,999.0,999,9,'999999999,0,0.0000,0,88,999.000,0.0,1.0
2056/1/7,13:00,?9?9?9?9E0?9?9?9?9*9?9*9?9?9?9?9?9?9*9*_?9*9*9?9?9,30.3,22.0,61,101432,9999,9999,447,630,305,382,999900,999900,999900,99990,360,1.7,8,8,999.0,999,9,'999999999,0,0.0000,0,88,999.000,0.0,1.0
2056/1/7,14:00,?9?9?9?9E0?9?9?9?9*9?9*9?9?9?9?9?9?9*9*_?9*9*9?9?9,30.2,20.8,57,101432,9999,9999,445,582,288,361,999900,999900,999900,99990,360,1.6,8,8,999.0,999,9,'999999999,0,0.0000,0,88,999.000,0.0,1.0
2056/1/7,15:00,?9?9?9?9E0?9?9?9?9*9?9*9?9?9?9?9?9?9*9*_?9*9*9?9?9,29.9,21.0,59,101432,9999,9999,443,470,233,316,999900,999900,999900,99990,70,1.7,8,8,999.0,999,9,'999999999,0,0.0000,0,88,999.000,0.0,1.0
2056/1/7,16:00,?9?9?9?9E0?9?9?9?9*9?9*9?9?9?9?9?9?9*9*_?9*9*9?9?9,29.2,22.0,65,101332,9999,9999,440,318,156,239,999900,999900,999900,99990,70,1.3,8,8,999.0,999,9,'999999999,0,0.0000,0,88,999.000,0.0,1.0
2056/1/7,17:00,?9?9?9?9E0?9?9?9?9*9?9*9?9?9?9?9?9?9*9*_?9*9*9?9?9,28.7,22.7,70,101232,9999,9999,438,156,72,134,999900,999900,999900,99990,70,0.9,8,8,999.0,999,9,'999999999,0,0.0000,0,88,999.000,0.0,1.0
2056/1/7,18:00,?9?9?9?9E0?9?9?9?9*9?9*9?9?9?9?9?9?9*9*_?9*9*9?9?9,28.2,23.6,76,101232,9999,9999,437,24,15,23,999900,999900,999900,99990,50,1.5,8,8,999.0,999,9,'999999999,0,0.0000,0,88,999.000,0.0,1.0
2056/1/7,19:00,?9?9?9?9E0?9?9?9?9*9?9*9?9?9?9?9?9?9*9*_?9*9*9?9?9,27.7,24.0,80,101232,9999,9999,434,0,0,0,999900,999900,999900,99990,50,1.2,8,8,999.0,999,9,'999999999,0,0.0000,0,88,999.000,0.0,1.0
2056/1/7,20:00,?9?9?9?9E0?9?9?9?9*9?9*9?9?9?9?9?9?9*9*_?9*9*9?9?9,27.2,24.9,87,101232,9999,9999,421,0,0,0,999900,999900,999900,99990,50,0.7,6,6,999.0,999,9,'999999999,0,0.0000,0,88,999.000,0.0,1.0
2056/1/7,21:00,?9?9?9?9E0?9?9?9?9*9?9*9?9?9?9?9?9?9*9*_?9*9*9?9?9,27.0,25.1,89,101332,9999,9999,413,0,0,0,999900,999900,999900,99990,50,0.7,4,4,999.0,999,9,'999999999,0,0.0000,0,88,999.000,0.0,1.0
2056/1/7,22:00,?9?9?9?9E0?9?9?9?9*9?9*9?9?9?9?9?9?9*9*_?9*9*9?9?9,26.9,25.1,90,101332,9999,9999,410,0,0,0,999900,999900,999900,99990,50,0.8,3,3,999.0,999,9,'999999999,0,0.0000,0,88,999.000,0.0,1.0
2056/1/7,23:00,?9?9?9?9E0?9?9?9?9*9?9*9?9?9?9?9?9?9*9*_?9*9*9?9?9,26.7,25.1,91,101332,9999,9999,408,0,0,0,999900,999900,999900,99990,50,0.7,3,3,999.0,999,9,'999999999,0,0.0000,0,88,999.000,0.0,1.0
2056/1/7,24:00,?9?9?9?9E0?9?9?9?9*9?9*9?9?9?9?9?9?9*9*_?9*9*9?9?9,26.1,25.1,94,101332,9999,9999,405,0,0,0,999900,999900,999900,99990,360,0.6,3,3,999.0,999,9,'999999999,0,0.0000,0,88,999.000,0.0,1.0
2056/1/8,01:00,?9?9?9?9E0?9?9?9?9*9?9*9?9?9?9?9?9?9*9*_?9*9*9?9?9,25.7,24.7,94,101332,9999,9999,402,0,0,0,999900,999900,999900,99990,360,0.4,3,3,999.0,999,9,'999999999,0,0.0000,0,88,999.000,0.0,1.0
2056/1/8,02:00,?9?9?9?9E0?9?9?9?9*9?9*9?9?9?9?9?9?9*9*_?9*9*9?9?9,25.4,24.7,96,101232,9999,9999,401,0,0,0,999900,999900,999900,99990,360,0.4,3,3,999.0,999,9,'999999999,0,0.0000,0,88,999.000,0.0,1.0
2056/1/8,03:00,?9?9?9?9E0?9?9?9?9*9?9*9?9?9?9?9?9?9*9*_?9*9*9?9?9,25.2,24.7,97,101232,9999,9999,400,0,0,0,999900,999900,999900,99990,50,0.3,3,3,999.0,999,9,'999999999,0,0.0000,0,88,999.000,0.0,1.0
2056/1/8,04:00,?9?9?9?9E0?9?9?9?9*9?9*9?9?9?9?9?9?9*9*_?9*9*9?9?9,25.0,24.5,97,101232,9999,9999,399,0,0,0,999900,999900,999900,99990,50,0.4,3,3,999.0,999,9,'999999999,0,0.0000,0,88,999.000,0.0,1.0
2056/1/8,05:00,?9?9?9?9E0?9?9?9?9*9?9*9?9?9?9?9?9?9*9*_?9*9*9?9?9,24.6,24.1,97,101232,9999,9999,396,0,0,0,999900,999900,999900,99990,50,0.5,3,3,999.0,999,9,'999999999,0,0.0000,0,88,999.000,0.0,1.0
2056/1/8,06:00,?9?9?9?9E0?9?9?9?9*9?9*9?9?9?9?9?9?9*9*_?9*9*9?9?9,24.3,24.2,99,101232,9999,9999,394,0,0,0,999900,999900,999900,99990,20,0.5,3,3,999.0,999,9,'999999999,0,0.0000,0,88,999.000,0.0,1.0
2056/1/8,07:00,?9?9?9?9E0?9?9?9?9*9?9*9?9?9?9?9?9?9*9*_?9*9*9?9?9,24.3,24.2,99,101232,9999,9999,394,8,0,8,999900,999900,999900,99990,20,0.5,3,3,999.0,999,9,'999999999,0,0.0000,0,88,999.000,0.0,1.0
2056/1/8,08:00,?9?9?9?9E0?9?9?9?9*9?9*9?9?9?9?9?9?9*9*_?9*9*9?9?9,25.3,25.0,98,101332,9999,9999,404,132,214,89,999900,999900,999900,99990,20,0.3,4,4,999.0,999,9,'999999999,0,0.0000,0,88,999.000,0.0,1.0
2056/1/8,09:00,?9?9?9?9E0?9?9?9?9*9?9*9?9?9?9?9?9?9*9*_?9*9*9?9?9,26.9,24.8,88,101432,9999,9999,412,329,398,164,999900,999900,999900,99990,360,0.3,4,4,999.0,999,9,'999999999,0,0.0000,0,88,999.000,0.0,1.0
2056/1/8,10:00,?9?9?9?9E0?9?9?9?9*9?9*9?9?9?9?9?9?9*9*_?9*9*9?9?9,28.2,23.6,76,101432,9999,9999,421,495,463,221,999900,999900,999900,99990,360,1.1,5,5,999.0,999,9,'999999999,0,0.0000,0,88,999.000,0.0,1.0
2056/1/8,11:00,?9?9?9?9E0?9?9?9?9*9?9*9?9?9?9?9?9?9*9*_?9*9*9?9?9,29.0,21.3,63,101432,9999,9999,426,637,521,260,999900,999900,999900,99990,360,1.4,6,6,999.0,999,9,'999999999,0,0.0000,0,88,999.000,0.0,1.0
2056/1/8,12:00,?9?9?9?9E0?9?9?9?9*9?9*9?9?9?9?9?9?9*9*_?9*9*9?9?9,30.3,21.4,59,101432,9999,9999,439,678,465,307,999900,999900,999900,99990,50,1.5,7,7,999.0,999,9,'999999999,0,0.0000,0,88,999.000,0.0,1.0
2056/1/8,13:00,?9?9?9?9E0?9?9?9?9*9?9*9?9?9?9?9?9?9*9*_?9*9*9?9?9,30.2,21.6,60,101332,9999,9999,439,693,461,318,999900,999900,999900,99990,50,1.2,7,7,999.0,999,9,'999999999,0,0.0000,0,88,999.000,0.0,1.0
2056/1/8,14:00,?9?9?9?9E0?9?9?9?9*9?9*9?9?9?9?9?9?9*9*_?9*9*9?9?9,29.9,21.3,60,101332,9999,9999,437,635,434,302,999900,999900,999900,99990,50,1.1,7,7,999.0,999,9,'999999999,0,0.0000,0,88,999.000,0.0,1.0
2056/1/8,15:00,?9?9?9?9E0?9?9?9?9*9?9*9?9?9?9?9?9?9*9*_?9*9*9?9?9,29.6,20.8,59,101232,9999,9999,429,574,500,242,999900,999900,999900,99990,50,1.6,6,6,999.0,999,9,'999999999,0,0.0000,0,88,999.000,0.0,1.0
2056/1/8,16:00,?9?9?9?9E0?9?9?9?9*9?9*9?9?9?9?9?9?9*9*_?9*9*9?9?9,29.3,21.3,62,101132,9999,9999,424,432,483,186,999900,999900,999900,99990,50,1.4,5,5,999.0,999,9,'999999999,0,0.0000,0,88,999.000,0.0,1.0
2056/1/8,17:00,?9?9?9?9E0?9?9?9?9*9?9*9?9?9?9?9?9?9*9*_?9*9*9?9?9,28.8,20.8,62,101132,9999,9999,421,233,325,131,999900,999900,999900,99990,50,1.3,5,5,999.0,999,9,'999999999,0,0.0000,0,88,999.000,0.0,1.0
2056/1/8,18:00,?9?9?9?9E0?9?9?9?9*9?9*9?9?9?9?9?9?9*9*_?9*9*9?9?9,27.8,21.6,69,101132,9999,9999,413,53,142,40,999900,999900,999900,99990,50,0.6,4,4,999.0,999,9,'999999999,0,0.0000,0,88,999.000,0.0,1.0
2056/1/8,19:00,?9?9?9?9E0?9?9?9?9*9?9*9?9?9?9?9?9?9*9*_?9*9*9?9?9,27.2,23.0,78,101232,9999,9999,409,0,0,0,999900,999900,999900,99990,50,0.7,3,3,999.0,999,9,'999999999,0,0.0000,0,88,999.000,0.0,1.0
2056/1/8,20:00,?9?9?9?9E0?9?9?9?9*9?9*9?9?9?9?9?9?9*9*_?9*9*9?9?9,26.7,23.2,81,101232,9999,9999,406,0,0,0,999900,999900,999900,99990,50,0.5,3,3,999.0,999,9,'999999999,0,0.0000,0,88,999.000,0.0,1.0
2056/1/8,21:00,?9?9?9?9E0?9?9?9?9*9?9*9?9?9?9?9?9?9*9*_?9*9*9?9?9,25.7,24.0,90,101232,9999,9999,398,0,0,0,999900,999900,999900,99990,50,0.4,2,2,999.0,999,9,'999999999,0,0.0000,0,88,999.000,0.0,1.0
2056/1/8,22:00,?9?9?9?9E0?9?9?9?9*9?9*9?9?9?9?9?9?9*9*_?9*9*9?9?9,25.3,23.9,92,101232,9999,9999,396,0,0,0,999900,999900,999900,99990,50,0.4,2,2,999.0,999,9,'999999999,0,0.0000,0,88,999.000,0.0,1.0
2056/1/8,23:00,?9?9?9?9E0?9?9?9?9*9?9*9?9?9?9?9?9?9*9*_?9*9*9?9?9,24.9,23.9,94,101232,9999,9999,388,0,0,0,999900,999900,999900,99990,50,0.4,1,1,999.0,999,9,'999999999,0,0.0000,0,88,999.000,0.0,1.0
2056/1/8,24:00,?9?9?9?9E0?9?9?9?9*9?9*9?9?9?9?9?9?9*9*_?9*9*9?9?9,24.4,23.7,96,101332,9999,9999,385,0,0,0,999900,999900,999900,99990,320,0.3,1,1,999.0,999,9,'999999999,0,0.0000,0,88,999.000,0.0,1.0
2056/1/9,01:00,?9?9?9?9E0?9?9?9?9*9?9*9?9?9?9?9?9?9*9*_?9*9*9?9?9,24.4,23.9,97,101332,9999,9999,386,0,0,0,999900,999900,999900,99990,320,0.4,1,1,999.0,999,9,'999999999,0,0.0000,0,88,999.000,0.0,1.0
2056/1/9,02:00,?9?9?9?9E0?9?9?9?9*9?9*9?9?9?9?9?9?9*9*_?9*9*9?9?9,24.3,23.8,97,101232,9999,9999,385,0,0,0,999900,999900,999900,99990,320,0.4,1,1,999.0,999,9,'999999999,0,0.0000,0,88,999.000,0.0,1.0
2056/1/9,03:00,?9?9?9?9E0?9?9?9?9*9?9*9?9?9?9?9?9?9*9*_?9*9*9?9?9,24.8,24.3,97,101132,9999,9999,388,0,0,0,999900,999900,999900,99990,320,0.5,1,1,999.0,999,9,'999999999,0,0.0000,0,88,999.000,0.0,1.0
2056/1/9,04:00,?9?9?9?9E0?9?9?9?9*9?9*9?9?9?9?9?9?9*9*_?9*9*9?9?9,23.5,23.0,97,101132,9999,9999,380,0,0,0,999900,999900,999900,99990,320,0.4,1,1,999.0,999,9,'999999999,0,0.0000,0,88,999.000,0.0,1.0
2056/1/9,05:00,?9?9?9?9E0?9?9?9?9*9?9*9?9?9?9?9?9?9*9*_?9*9*9?9?9,23.4,22.9,97,101132,9999,9999,384,0,0,0,999900,999900,999900,99990,320,0.4,2,2,999.0,999,9,'999999999,0,0.0000,0,88,999.000,0.0,1.0
2056/1/9,06:00,?9?9?9?9E0?9?9?9?9*9?9*9?9?9?9?9?9?9*9*_?9*9*9?9?9,23.4,22.9,97,101132,9999,9999,384,0,0,0,999900,999900,999900,99990,320,0.4,2,2,999.0,999,9,'999999999,0,0.0000,0,88,999.000,0.0,1.0
2056/1/9,07:00,?9?9?9?9E0?9?9?9?9*9?9*9?9?9?9?9?9?9*9*_?9*9*9?9?9,23.2,22.7,97,101232,9999,9999,387,8,0,8,999900,999900,999900,99990,320,0.4,3,3,999.0,999,9,'999999999,0,0.0000,0,88,999.000,0.0,1.0
2056/1/9,08:00,?9?9?9?9E0?9?9?9?9*9?9*9?9?9?9?9?9?9*9*_?9*9*9?9?9,24.4,23.9,97,101332,9999,9999,395,138,277,82,999900,999900,999900,99990,320,0.6,3,3,999.0,999,9,'999999999,0,0.0000,0,88,999.000,0.0,1.0
2056/1/9,09:00,?9?9?9?9E0?9?9?9?9*9?9*9?9?9?9?9?9?9*9*_?9*9*9?9?9,26.3,24.7,91,101432,9999,9999,406,337,475,140,999900,999900,999900,99990,360,0.6,3,3,999.0,999,9,'999999999,0,0.0000,0,88,999.000,0.0,1.0
2056/1/9,10:00,?9?9?9?9E0?9?9?9?9*9?9*9?9?9?9?9?9?9*9*_?9*9*9?9?9,28.5,21.5,66,101432,9999,9999,414,556,679,154,999900,999900,999900,99990,360,0.8,3,3,999.0,999,9,'999999999,0,0.0000,0,88,999.000,0.0,1.0
2056/1/9,11:00,?9?9?9?9E0?9?9?9?9*9?9*9?9?9?9?9?9?9*9*_?9*9*9?9?9,29.9,19.9,55,101332,9999,9999,419,744,823,149,999900,999900,999900,99990,360,0.8,3,3,999.0,999,9,'999999999,0,0.0000,0,88,999.000,0.0,1.0
2056/1/9,12:00,?9?9?9?9E0?9?9?9?9*9?9*9?9?9?9?9?9?9*9*_?9*9*9?9?9,29.5,20.4,58,101332,9999,9999,418,842,860,155,999900,999900,999900,99990,360,0.8,3,3,999.0,999,9,'999999999,0,0.0000,0,88,999.000,0.0,1.0
2056/1/9,13:00,?9?9?9?9E0?9?9?9?9*9?9*9?9?9?9?9?9?9*9*_?9*9*9?9?9,30.2,19.9,54,101232,9999,9999,424,853,849,161,999900,999900,999900,99990,360,1.0,4,4,999.0,999,9,'999999999,0,0.0000,0,88,999.000,0.0,1.0
2056/1/9,14:00,?9?9?9?9E0?9?9?9?9*9?9*9?9?9?9?9?9?9*9*_?9*9*9?9?9,30.5,17.9,47,101232,9999,9999,424,805,848,152,999900,999900,999900,99990,360,0.5,4,4,999.0,999,9,'999999999,0,0.0000,0,88,999.000,0.0,1.0
2056/1/9,15:00,?9?9?9?9E0?9?9?9?9*9?9*9?9?9?9?9?9?9*9*_?9*9*9?9?9,29.9,18.0,49,101132,9999,9999,420,660,766,149,999900,999900,999900,99990,90,0.7,4,4,999.0,999,9,'999999999,0,0.0000,0,88,999.000,0.0,1.0
2056/1/9,16:00,?9?9?9?9E0?9?9?9?9*9?9*9?9?9?9?9?9?9*9*_?9*9*9?9?9,29.4,18.5,52,101132,9999,9999,418,475,664,135,999900,999900,999900,99990,90,1.1,4,4,999.0,999,9,'999999999,0,0.0000,0,88,999.000,0.0,1.0
2056/1/9,17:00,?9?9?9?9E0?9?9?9?9*9?9*9?9?9?9?9?9?9*9*_?9*9*9?9?9,28.7,19.6,58,101132,9999,9999,416,255,461,109,999900,999900,999900,99990,90,1.1,4,4,999.0,999,9,'999999999,0,0.0000,0,88,999.000,0.0,1.0
2056/1/9,18:00,?9?9?9?9E0?9?9?9?9*9?9*9?9?9?9?9?9?9*9*_?9*9*9?9?9,27.3,19.9,64,101132,9999,9999,405,61,233,39,999900,999900,999900,99990,50,1.0,3,3,999.0,999,9,'999999999,0,0.0000,0,88,999.000,0.0,1.0
2056/1/9,19:00,?9?9?9?9E0?9?9?9?9*9?9*9?9?9?9?9?9?9*9*_?9*9*9?9?9,26.6,21.2,72,101132,9999,9999,403,0,0,0,999900,999900,999900,99990,50,0.5,3,3,999.0,999,9,'999999999,0,0.0000,0,88,999.000,0.0,1.0
2056/1/9,20:00,?9?9?9?9E0?9?9?9?9*9?9*9?9?9?9?9?9?9*9*_?9*9*9?9?9,26.2,21.4,75,101232,9999,9999,401,0,0,0,999900,999900,999900,99990,50,0.1,3,3,999.0,999,9,'999999999,0,0.0000,0,88,999.000,0.0,1.0
2056/1/9,21:00,?9?9?9?9E0?9?9?9?9*9?9*9?9?9?9?9?9?9*9*_?9*9*9?9?9,25.7,21.8,79,101232,9999,9999,399,0,0,0,999900,999900,999900,99990,50,0.1,3,3,999.0,999,9,'999999999,0,0.0000,0,88,999.000,0.0,1.0
2056/1/9,22:00,?9?9?9?9E0?9?9?9?9*9?9*9?9?9?9?9?9?9*9*_?9*9*9?9?9,25.0,22.5,86,101232,9999,9999,399,0,0,0,999900,999900,999900,99990,50,0.2,4,4,999.0,999,9,'999999999,0,0.0000,0,88,999.000,0.0,1.0
2056/1/9,23:00,?9?9?9?9E0?9?9?9?9*9?9*9?9?9?9?9?9?9*9*_?9*9*9?9?9,24.3,22.9,92,101232,9999,9999,396,0,0,0,999900,999900,999900,99990,50,0.0,4,4,999.0,999,9,'999999999,0,0.0000,0,88,999.000,0.0,1.0
2056/1/9,24:00,?9?9?9?9E0?9?9?9?9*9?9*9?9?9?9?9?9?9*9*_?9*9*9?9?9,23.7,22.9,95,101232,9999,9999,393,0,0,0,999900,999900,999900,99990,50,0.2,4,4,999.0,999,9,'999999999,0,0.0000,0,88,999.000,0.0,1.0
2056/1/10,01:00,?9?9?9?9E0?9?9?9?9*9?9*9?9?9?9?9?9?9*9*_?9*9*9?9?9,23.5,22.8,96,101232,9999,9999,392,0,0,0,999900,999900,999900,99990,50,0.2,4,4,999.0,999,9,'999999999,0,0.0000,0,88,999.000,0.0,1.0
2056/1/10,02:00,?9?9?9?9E0?9?9?9?9*9?9*9?9?9?9?9?9?9*9*_?9*9*9?9?9,23.3,22.6,96,101232,9999,9999,390,0,0,0,999900,999900,999900,99990,50,0.2,4,4,999.0,999,9,'999999999,0,0.0000,0,88,999.000,0.0,1.0
2056/1/10,03:00,?9?9?9?9E0?9?9?9?9*9?9*9?9?9?9?9?9?9*9*_?9*9*9?9?9,22.7,22.2,97,101132,9999,9999,387,0,0,0,999900,999900,999900,99990,50,0.3,4,4,999.0,999,9,'999999999,0,0.0000,0,88,999.000,0.0,1.0
2056/1/10,04:00,?9?9?9?9E0?9?9?9?9*9?9*9?9?9?9?9?9?9*9*_?9*9*9?9?9,22.7,22.2,97,101132,9999,9999,387,0,0,0,999900,999900,999900,99990,50,0.0,4,4,999.0,999,9,'999999999,0,0.0000,0,88,999.000,0.0,1.0
2056/1/10,05:00,?9?9?9?9E0?9?9?9?9*9?9*9?9?9?9?9?9?9*9*_?9*9*9?9?9,22.6,22.1,97,101132,9999,9999,386,0,0,0,999900,999900,999900,99990,50,0.3,4,4,999.0,999,9,'999999999,0,0.0000,0,88,999.000,0.0,1.0
2056/1/10,06:00,?9?9?9?9E0?9?9?9?9*9?9*9?9?9?9?9?9?9*9*_?9*9*9?9?9,22.3,22.0,98,101132,9999,9999,384,0,0,0,999900,999900,999900,99990,50,0.3,4,4,999.0,999,9,'999999999,0,0.0000,0,88,999.000,0.0,1.0
2056/1/10,07:00,?9?9?9?9E0?9?9?9?9*9?9*9?9?9?9?9?9?9*9*_?9*9*9?9?9,22.5,22.2,98,101132,9999,9999,386,7,0,7,999900,999900,999900,99990,50,0.4,4,4,999.0,999,9,'999999999,0,0.0000,0,88,999.000,0.0,1.0
2056/1/10,08:00,?9?9?9?9E0?9?9?9?9*9?9*9?9?9?9?9?9?9*9*_?9*9*9?9?9,28.8,28.3,97,101232,9999,9999,427,124,189,86,999900,999900,999900,99990,50,0.2,4,4,999.0,999,9,'999999999,0,0.0000,0,88,999.000,0.0,1.0
2056/1/10,09:00,?9?9?9?9E0?9?9?9?9*9?9*9?9?9?9?9?9?9*9*_?9*9*9?9?9,26.3,22.8,81,101332,9999,9999,407,335,440,153,999900,999900,999900,99990,50,0.1,4,4,999.0,999,9,'999999999,0,0.0000,0,88,999.000,0.0,1.0
2056/1/10,10:00,?9?9?9?9E0?9?9?9?9*9?9*9?9?9?9?9?9?9*9*_?9*9*9?9?9,29.2,18.7,53,101332,9999,9999,420,534,598,180,999900,999900,999900,99990,50,0.7,5,5,999.0,999,9,'999999999,0,0.0000,0,88,999.000,0.0,1.0
2056/1/10,11:00,?9?9?9?9E0?9?9?9?9*9?9*9?9?9?9?9?9?9*9*_?9*9*9?9?9,30.2,18.0,48,101332,9999,9999,425,729,765,175,999900,999900,999900,99990,50,1.0,5,5,999.0,999,9,'999999999,0,0.0000,0,88,999.000,0.0,1.0
2056/1/10,12:00,?9?9?9?9E0?9?9?9?9*9?9*9?9?9?9?9?9?9*9*_?9*9*9?9?9,30.9,18.0,46,101332,9999,9999,429,810,767,196,999900,999900,999900,99990,140,0.8,5,5,999.0,999,9,'999999999,0,0.0000,0,88,999.000,0.0,1.0
2056/1/10,13:00,?9?9?9?9E0?9?9?9?9*9?9*9?9?9?9?9?9?9*9*_?9*9*9?9?9,30.8,21.3,57,101232,9999,9999,437,765,635,246,999900,999900,999900,99990,140,1.4,6,6,999.0,999,9,'999999999,0,0.0000,0,88,999.000,0.0,1.0
2056/1/10,14:00,?9?9?9?9E0?9?9?9?9*9?9*9?9?9?9?9?9?9*9*_?9*9*9?9?9,30.6,18.4,48,101132,9999,9999,437,675,530,266,999900,999900,999900,99990,140,0.9,7,7,999.0,999,9,'999999999,0,0.0000,0,88,999.000,0.0,1.0
2056/1/10,15:00,?9?9?9?9E0?9?9?9?9*9?9*9?9?9?9?9?9?9*9*_?9*9*9?9?9,29.6,17.4,48,101032,9999,9999,430,560,479,240,999900,999900,999900,99990,140,1.2,7,7,999.0,999,9,'999999999,0,0.0000,0,88,999.000,0.0,1.0
2056/1/10,16:00,?9?9?9?9E0?9?9?9?9*9?9*9?9?9?9?9?9?9*9*_?9*9*9?9?9,29.1,17.9,51,101032,9999,9999,423,429,485,180,999900,999900,999900,99990,140,0.8,6,6,999.0,999,9,'999999999,0,0.0000,0,88,999.000,0.0,1.0
2056/1/10,17:00,?9?9?9?9E0?9?9?9?9*9?9*9?9?9?9?9?9?9*9*_?9*9*9?9?9,28.3,17.2,51,101032,9999,9999,410,266,480,113,999900,999900,999900,99990,140,0.6,4,4,999.0,999,9,'999999999,0,0.0000,0,88,999.000,0.0,1.0
2056/1/10,18:00,?9?9?9?9E0?9?9?9?9*9?9*9?9?9?9?9?9?9*9*_?9*9*9?9?9,27.2,18.5,59,101032,9999,9999,399,66,266,41,999900,999900,999900,99990,70,0.5,2,2,999.0,999,9,'999999999,0,0.0000,0,88,999.000,0.0,1.0
2056/1/10,19:00,?9?9?9?9E0?9?9?9?9*9?9*9?9?9?9?9?9?9*9*_?9*9*9?9?9,26.3,19.2,65,101132,9999,9999,390,0,0,0,999900,999900,999900,99990,70,0.0,1,1,999.0,999,9,'999999999,0,0.0000,0,88,999.000,0.0,1.0
2056/1/10,20:00,?9?9?9?9E0?9?9?9?9*9?9*9?9?9?9?9?9?9*9*_?9*9*9?9?9,29.8,25.4,77,101132,9999,9999,422,0,0,0,999900,999900,999900,99990,70,0.4,2,2,999.0,999,9,'999999999,0,0.0000,0,88,999.000,0.0,1.0
2056/1/10,21:00,?9?9?9?9E0?9?9?9?9*9?9*9?9?9?9?9?9?9*9*_?9*9*9?9?9,29.1,25.3,80,101232,9999,9999,418,0,0,0,999900,999900,999900,99990,70,0.5,2,2,999.0,999,9,'999999999,0,0.0000,0,88,999.000,0.0,1.0
2056/1/10,22:00,?9?9?9?9E0?9?9?9?9*9?9*9?9?9?9?9?9?9*9*_?9*9*9?9?9,28.3,25.6,85,101232,9999,9999,418,0,0,0,999900,999900,999900,99990,70,0.3,3,3,999.0,999,9,'999999999,0,0.0000,0,88,999.000,0.0,1.0
2056/1/10,23:00,?9?9?9?9E0?9?9?9?9*9?9*9?9?9?9?9?9?9*9*_?9*9*9?9?9,27.7,25.0,85,101232,9999,9999,414,0,0,0,999900,999900,999900,99990,70,0.2,3,3,999.0,999,9,'999999999,0,0.0000,0,88,999.000,0.0,1.0
2056/1/10,24:00,?9?9?9?9E0?9?9?9?9*9?9*9?9?9?9?9?9?9*9*_?9*9*9?9?9,22.7,20.4,87,101232,9999,9999,382,0,0,0,999900,999900,999900,99990,320,0.3,3,3,999.0,999,9,'999999999,0,0.0000,0,88,999.000,0.0,1.0
2056/1/11,01:00,?9?9?9?9E0?9?9?9?9*9?9*9?9?9?9?9?9?9*9*_?9*9*9?9?9,22.5,20.4,88,101232,9999,9999,381,0,0,0,999900,999900,999900,99990,320,0.3,3,3,999.0,999,9,'999999999,0,0.0000,0,88,999.000,0.0,1.0
2056/1/11,02:00,?9?9?9?9E0?9?9?9?9*9?9*9?9?9?9?9?9?9*9*_?9*9*9?9?9,22.5,18.9,80,101232,9999,9999,379,0,0,0,999900,999900,999900,99990,320,0.8,3,3,999.0,999,9,'999999999,0,0.0000,0,88,999.000,0.0,1.0
2056/1/11,03:00,?9?9?9?9E0?9?9?9?9*9?9*9?9?9?9?9?9?9*9*_?9*9*9?9?9,21.7,19.6,88,101132,9999,9999,376,0,0,0,999900,999900,999900,99990,320,0.2,3,3,999.0,999,9,'999999999,0,0.0000,0,88,999.000,0.0,1.0
2056/1/11,04:00,?9?9?9?9E0?9?9?9?9*9?9*9?9?9?9?9?9?9*9*_?9*9*9?9?9,21.2,19.7,91,101132,9999,9999,373,0,0,0,999900,999900,999900,99990,320,0.2,3,3,999.0,999,9,'999999999,0,0.0000,0,88,999.000,0.0,1.0
2056/1/11,05:00,?9?9?9?9E0?9?9?9?9*9?9*9?9?9?9?9?9?9*9*_?9*9*9?9?9,20.9,19.6,92,101132,9999,9999,371,0,0,0,999900,999900,999900,99990,320,0.2,3,3,999.0,999,9,'999999999,0,0.0000,0,88,999.000,0.0,1.0
2056/1/11,06:00,?9?9?9?9E0?9?9?9?9*9?9*9?9?9?9?9?9?9*9*_?9*9*9?9?9,20.6,19.3,92,101132,9999,9999,370,0,0,0,999900,999900,999900,99990,320,0.3,3,3,999.0,999,9,'999999999,0,0.0000,0,88,999.000,0.0,1.0
2056/1/11,07:00,?9?9?9?9E0?9?9?9?9*9?9*9?9?9?9?9?9?9*9*_?9*9*9?9?9,21.2,19.7,91,101132,9999,9999,373,7,0,7,999900,999900,999900,99990,320,0.4,3,3,999.0,999,9,'999999999,0,0.0000,0,88,999.000,0.0,1.0
2056/1/11,08:00,?9?9?9?9E0?9?9?9?9*9?9*9?9?9?9?9?9?9*9*_?9*9*9?9?9,22.5,20.2,87,101232,9999,9999,380,144,332,77,999900,999900,999900,99990,320,0.2,3,3,999.0,999,9,'999999999,0,0.0000,0,88,999.000,0.0,1.0
2056/1/11,09:00,?9?9?9?9E0?9?9?9?9*9?9*9?9?9?9?9?9?9*9*_?9*9*9?9?9,25.5,21.0,76,101232,9999,9999,397,354,563,121,999900,999900,999900,99990,320,0.4,3,3,999.0,999,9,'999999999,0,0.0000,0,88,999.000,0.0,1.0
2056/1/11,10:00,?9?9?9?9E0?9?9?9?9*9?9*9?9?9?9?9?9?9*9*_?9*9*9?9?9,28.3,16.6,49,101332,9999,9999,406,588,783,124,999900,999900,999900,99990,320,1.3,3,3,999.0,999,9,'999999999,0,0.0000,0,88,999.000,0.0,1.0
2056/1/11,11:00,?9?9?9?9E0?9?9?9?9*9?9*9?9?9?9?9?9?9*9*_?9*9*9?9?9,29.3,16.2,45,101332,9999,9999,411,767,888,124,999900,999900,999900,99990,320,1.0,3,3,999.0,999,9,'999999999,0,0.0000,0,88,999.000,0.0,1.0
2056/1/11,12:00,?9?9?9?9E0?9?9?9?9*9?9*9?9?9?9?9?9?9*9*_?9*9*9?9?9,29.9,15.2,41,101332,9999,9999,413,889,962,118,999900,999900,999900,99990,320,0.9,3,3,999.0,999,9,'999999999,0,0.0000,0,88,999.000,0.0,1.0
2056/1/11,13:00,?9?9?9?9E0?9?9?9?9*9?9*9?9?9?9?9?9?9*9*_?9*9*9?9?9,30.2,14.7,39,101232,9999,9999,414,926,995,112,999900,999900,999900,99990,320,0.9,3,3,999.0,999,9,'999999999,0,0.0000,0,88,999.000,0.0,1.0
2056/1/11,14:00,?9?9?9?9E0?9?9?9?9*9?9*9?9?9?9?9?9?9*9*_?9*9*9?9?9,29.7,14.7,40,101232,9999,9999,412,857,962,112,999900,999900,999900,99990,320,1.2,3,3,999.0,999,9,'999999999,0,0.0000,0,88,999.000,0.0,1.0
2056/1/11,15:00,?9?9?9?9E0?9?9?9?9*9?9*9?9?9?9?9?9?9*9*_?9*9*9?9?9,29.9,14.5,39,101132,9999,9999,412,715,901,111,999900,999900,999900,99990,320,1.1,3,3,999.0,999,9,'999999999,0,0.0000,0,88,999.000,0.0,1.0
2056/1/11,16:00,?9?9?9?9E0?9?9?9?9*9?9*9?9?9?9?9?9?9*9*_?9*9*9?9?9,29.3,14.7,41,101132,9999,9999,413,501,753,112,999900,999900,999900,99990,320,1.0,4,4,999.0,999,9,'999999999,0,0.0000,0,88,999.000,0.0,1.0
2056/1/11,17:00,?9?9?9?9E0?9?9?9?9*9?9*9?9?9?9?9?9?9*9*_?9*9*9?9?9,28.2,15.8,47,101032,9999,9999,408,272,543,98,999900,999900,999900,99990,320,0.9,4,4,999.0,999,9,'999999999,0,0.0000,0,88,999.000,0.0,1.0
2056/1/11,18:00,?9?9?9?9E0?9?9?9?9*9?9*9?9?9?9?9?9?9*9*_?9*9*9?9?9,27.0,17.8,57,101032,9999,9999,404,64,256,39,999900,999900,999900,99990,70,0.6,4,4,999.0,999,9,'999999999,0,0.0000,0,88,999.000,0.0,1.0
2056/1/11,19:00,?9?9?9?9E0?9?9?9?9*9?9*9?9?9?9?9?9?9*9*_?9*9*9?9?9,25.5,19.9,71,101032,9999,9999,399,0,0,0,999900,999900,999900,99990,70,0.3,4,4,999.0,999,9,'999999999,0,0.0000,0,88,999.000,0.0,1.0
2056/1/11,20:00,?9?9?9?9E0?9?9?9?9*9?9*9?9?9?9?9?9?9*9*_?9*9*9?9?9,24.7,20.6,78,101032,9999,9999,392,0,0,0,999900,999900,999900,99990,70,0.5,3,3,999.0,999,9,'999999999,0,0.0000,0,88,999.000,0.0,1.0
2056/1/11,21:00,?9?9?9?9E0?9?9?9?9*9?9*9?9?9?9?9?9?9*9*_?9*9*9?9?9,24.3,21.0,82,101132,9999,9999,382,0,0,0,999900,999900,999900,99990,20,0.3,1,1,999.0,999,9,'999999999,0,0.0000,0,88,999.000,0.0,1.0
2056/1/11,22:00,?9?9?9?9E0?9?9?9?9*9?9*9?9?9?9?9?9?9*9*_?9*9*9?9?9,23.5,22.0,91,101132,9999,9999,371,0,0,0,999900,999900,999900,99990,20,0.0,0,0,999.0,999,9,'999999999,0,0.0000,0,88,999.000,0.0,1.0
2056/1/11,23:00,?9?9?9?9E0?9?9?9?9*9?9*9?9?9?9?9?9?9*9*_?9*9*9?9?9,23.3,21.9,92,101232,9999,9999,370,0,0,0,999900,999900,999900,99990,20,0.2,0,0,999.0,999,9,'999999999,0,0.0000,0,88,999.000,0.0,1.0
2056/1/11,24:00,?9?9?9?9E0?9?9?9?9*9?9*9?9?9?9?9?9?9*9*_?9*9*9?9?9,22.8,21.8,94,101232,9999,9999,368,0,0,0,999900,999900,999900,99990,360,0.2,0,0,999.0,999,9,'999999999,0,0.0000,0,88,999.000,0.0,1.0
2056/1/12,01:00,?9?9?9?9E0?9?9?9?9*9?9*9?9?9?9?9?9?9*9*_?9*9*9?9?9,22.6,21.6,94,101232,9999,9999,367,0,0,0,999900,999900,999900,99990,360,0.3,0,0,999.0,999,9,'999999999,0,0.0000,0,88,999.000,0.0,1.0
2056/1/12,02:00,?9?9?9?9E0?9?9?9?9*9?9*9?9?9?9?9?9?9*9*_?9*9*9?9?9,22.6,22.3,98,101132,9999,9999,367,0,0,0,999900,999900,999900,99990,360,0.3,0,0,999.0,999,9,'999999999,0,0.0000,0,88,999.000,0.0,1.0
2056/1/12,03:00,?9?9?9?9E0?9?9?9?9*9?9*9?9?9?9?9?9?9*9*_?9*9*9?9?9,22.4,22.2,99,101132,9999,9999,366,0,0,0,999900,999900,999900,99990,360,0.3,0,0,999.0,999,9,'999999999,0,0.0000,0,88,999.000,0.0,1.0
2056/1/12,04:00,?9?9?9?9E0?9?9?9?9*9?9*9?9?9?9?9?9?9*9*_?9*9*9?9?9,22.2,21.9,98,101032,9999,9999,365,0,0,0,999900,999900,999900,99990,360,0.4,0,0,999.0,999,9,'999999999,0,0.0000,0,88,999.000,0.0,1.0
2056/1/12,05:00,?9?9?9?9E0?9?9?9?9*9?9*9?9?9?9?9?9?9*9*_?9*9*9?9?9,22.0,21.5,97,101032,9999,9999,371,0,0,0,999900,999900,999900,99990,360,0.4,1,1,999.0,999,9,'999999999,0,0.0000,0,88,999.000,0.0,1.0
2056/1/12,06:00,?9?9?9?9E0?9?9?9?9*9?9*9?9?9?9?9?9?9*9*_?9*9*9?9?9,21.8,21.1,96,101032,9999,9999,374,0,0,0,999900,999900,999900,99990,360,0.4,2,2,999.0,999,9,'999999999,0,0.0000,0,88,999.000,0.0,1.0
2056/1/12,07:00,?9?9?9?9E0?9?9?9?9*9?9*9?9?9?9?9?9?9*9*_?9*9*9?9?9,21.9,21.2,96,101032,9999,9999,378,7,0,7,999900,999900,999900,99990,360,0.5,3,3,999.0,999,9,'999999999,0,0.0000,0,88,999.000,0.0,1.0
2056/1/12,08:00,?9?9?9?9E0?9?9?9?9*9?9*9?9?9?9?9?9?9*9*_?9*9*9?9?9,23.8,22.3,91,101132,9999,9999,389,140,274,85,999900,999900,999900,99990,360,0.2,3,3,999.0,999,9,'999999999,0,0.0000,0,88,999.000,0.0,1.0
2056/1/12,09:00,?9?9?9?9E0?9?9?9?9*9?9*9?9?9?9?9?9?9*9*_?9*9*9?9?9,26.1,21.3,75,101132,9999,9999,404,344,472,149,999900,999900,999900,99990,360,0.5,4,4,999.0,999,9,'999999999,0,0.0000,0,88,999.000,0.0,1.0
2056/1/12,10:00,?9?9?9?9E0?9?9?9?9*9?9*9?9?9?9?9?9?9*9*_?9*9*9?9?9,28.1,21.7,68,101132,9999,9999,415,530,572,191,999900,999900,999900,99990,360,0.8,4,4,999.0,999,9,'999999999,0,0.0000,0,88,999.000,0.0,1.0
2056/1/12,11:00,?9?9?9?9E0?9?9?9?9*9?9*9?9?9?9?9?9?9*9*_?9*9*9?9?9,29.4,20.8,60,101132,9999,9999,424,678,633,219,999900,999900,999900,99990,360,1.0,5,5,999.0,999,9,'999999999,0,0.0000,0,88,999.000,0.0,1.0
2056/1/12,12:00,?9?9?9?9E0?9?9?9?9*9?9*9?9?9?9?9?9?9*9*_?9*9*9?9?9,30.1,20.4,56,101232,9999,9999,428,786,695,228,999900,999900,999900,99990,110,1.0,5,5,999.0,999,9,'999999999,0,0.0000,0,88,999.000,0.0,1.0
2056/1/12,13:00,?9?9?9?9E0?9?9?9?9*9?9*9?9?9?9?9?9?9*9*_?9*9*9?9?9,30.0,21.1,59,101232,9999,9999,432,758,603,264,999900,999900,999900,99990,110,1.0,6,6,999.0,999,9,'999999999,0,0.0000,0,88,999.000,0.0,1.0
2056/1/12,14:00,?9?9?9?9E0?9?9?9?9*9?9*9?9?9?9?9?9?9*9*_?9*9*9?9?9,30.0,22.2,63,101132,9999,9999,433,688,538,271,999900,999900,999900,99990,110,1.0,6,6,999.0,999,9,'999999999,0,0.0000,0,88,999.000,0.0,1.0
2056/1/12,15:00,?9?9?9?9E0?9?9?9?9*9?9*9?9?9?9?9?9?9*9*_?9*9*9?9?9,29.9,22.4,64,101132,9999,9999,433,565,458,257,999900,999900,999900,99990,110,1.1,6,6,999.0,999,9,'999999999,0,0.0000,0,88,999.000,0.0,1.0
2056/1/12,16:00,?9?9?9?9E0?9?9?9?9*9?9*9?9?9?9?9?9?9*9*_?9*9*9?9?9,29.2,22.7,68,101032,9999,9999,434,363,269,224,999900,999900,999900,99990,110,1.2,7,7,999.0,999,9,'999999999,0,0.0000,0,88,999.000,0.0,1.0
2056/1/12,17:00,?9?9?9?9E0?9?9?9?9*9?9*9?9?9?9?9?9?9*9*_?9*9*9?9?9,28.5,22.5,70,101032,9999,9999,430,191,149,143,999900,999900,999900,99990,110,0.9,7,7,999.0,999,9,'999999999,0,0.0000,0,88,999.000,0.0,1.0
2056/1/12,18:00,?9?9?9?9E0?9?9?9?9*9?9*9?9?9?9?9?9?9*9*_?9*9*9?9?9,28.0,23.4,76,101032,9999,9999,429,38,43,34,999900,999900,999900,99990,50,0.7,7,7,999.0,999,9,'999999999,0,0.0000,0,88,999.000,0.0,1.0
2056/1/12,19:00,?9?9?9?9E0?9?9?9?9*9?9*9?9?9?9?9?9?9*9*_?9*9*9?9?9,27.5,24.4,83,101032,9999,9999,422,0,0,0,999900,999900,999900,99990,50,0.8,6,6,999.0,999,9,'999999999,0,0.0000,0,88,999.000,0.0,1.0
2056/1/12,20:00,?9?9?9?9E0?9?9?9?9*9?9*9?9?9?9?9?9?9*9*_?9*9*9?9?9,27.1,25.0,88,101032,9999,9999,414,0,0,0,999900,999900,999900,99990,50,0.9,4,4,999.0,999,9,'999999999,0,0.0000,0,88,999.000,0.0,1.0
2056/1/12,21:00,?9?9?9?9E0?9?9?9?9*9?9*9?9?9?9?9?9?9*9*_?9*9*9?9?9,26.9,24.8,88,101132,9999,9999,405,0,0,0,999900,999900,999900,99990,90,0.5,2,2,999.0,999,9,'999999999,0,0.0000,0,88,999.000,0.0,1.0
2056/1/12,22:00,?9?9?9?9E0?9?9?9?9*9?9*9?9?9?9?9?9?9*9*_?9*9*9?9?9,26.5,24.7,90,101232,9999,9999,390,0,0,0,999900,999900,999900,99990,90,0.5,0,0,999.0,999,9,'999999999,0,0.0000,0,88,999.000,0.0,1.0
2056/1/12,23:00,?9?9?9?9E0?9?9?9?9*9?9*9?9?9?9?9?9?9*9*_?9*9*9?9?9,26.2,24.8,92,101232,9999,9999,389,0,0,0,999900,999900,999900,99990,90,0.4,0,0,999.0,999,9,'999999999,0,0.0000,0,88,999.000,0.0,1.0
2056/1/12,24:00,?9?9?9?9E0?9?9?9?9*9?9*9?9?9?9?9?9?9*9*_?9*9*9?9?9,25.9,25.1,95,101232,9999,9999,387,0,0,0,999900,999900,999900,99990,90,0.3,0,0,999.0,999,9,'999999999,0,0.0000,0,88,999.000,0.0,1.0
2056/1/13,01:00,?9?9?9?9E0?9?9?9?9*9?9*9?9?9?9?9?9?9*9*_?9*9*9?9?9,25.1,24.4,96,101232,9999,9999,382,0,0,0,999900,999900,999900,99990,90,0.2,0,0,999.0,999,9,'999999999,0,0.0000,0,88,999.000,0.0,1.0
2056/1/13,02:00,?9?9?9?9E0?9?9?9?9*9?9*9?9?9?9?9?9?9*9*_?9*9*9?9?9,24.6,24.3,98,101132,9999,9999,387,0,0,0,999900,999900,999900,99990,90,0.2,1,1,999.0,999,9,'999999999,0,0.0000,0,88,999.000,0.0,1.0
2056/1/13,03:00,?9?9?9?9E0?9?9?9?9*9?9*9?9?9?9?9?9?9*9*_?9*9*9?9?9,24.3,24.0,98,101132,9999,9999,390,0,0,0,999900,999900,999900,99990,90,0.2,2,2,999.0,999,9,'999999999,0,0.0000,0,88,999.000,0.0,1.0
2056/1/13,04:00,?9?9?9?9E0?9?9?9?9*9?9*9?9?9?9?9?9?9*9*_?9*9*9?9?9,24.1,23.8,98,101132,9999,9999,389,0,0,0,999900,999900,999900,99990,90,0.2,2,2,999.0,999,9,'999999999,0,0.0000,0,88,999.000,0.0,1.0
2056/1/13,05:00,?9?9?9?9E0?9?9?9?9*9?9*9?9?9?9?9?9?9*9*_?9*9*9?9?9,24.1,23.8,98,101132,9999,9999,384,0,0,0,999900,999900,999900,99990,90,0.2,1,1,999.0,999,9,'999999999,0,0.0000,0,88,999.000,0.0,1.0
2056/1/13,06:00,?9?9?9?9E0?9?9?9?9*9?9*9?9?9?9?9?9?9*9*_?9*9*9?9?9,24.0,23.7,98,101132,9999,9999,376,0,0,0,999900,999900,999900,99990,90,0.2,0,0,999.0,999,9,'999999999,0,0.0000,0,88,999.000,0.0,1.0
2056/1/13,07:00,?9?9?9?9E0?9?9?9?9*9?9*9?9?9?9?9?9?9*9*_?9*9*9?9?9,24.0,23.7,98,101132,9999,9999,376,7,0,7,999900,999900,999900,99990,90,0.2,0,0,999.0,999,9,'999999999,0,0.0000,0,88,999.000,0.0,1.0
2056/1/13,08:00,?9?9?9?9E0?9?9?9?9*9?9*9?9?9?9?9?9?9*9*_?9*9*9?9?9,24.6,24.3,98,101232,9999,9999,392,140,267,87,999900,999900,999900,99990,90,0.2,2,2,999.0,999,9,'999999999,0,0.0000,0,88,999.000,0.0,1.0
2056/1/13,09:00,?9?9?9?9E0?9?9?9?9*9?9*9?9?9?9?9?9?9*9*_?9*9*9?9?9,27.2,23.5,80,101232,9999,9999,412,340,443,157,999900,999900,999900,99990,50,0.8,4,4,999.0,999,9,'999999999,0,0.0000,0,88,999.000,0.0,1.0
2056/1/13,10:00,?9?9?9?9E0?9?9?9?9*9?9*9?9?9?9?9?9?9*9*_?9*9*9?9?9,29.4,22.9,68,101232,9999,9999,427,507,489,217,999900,999900,999900,99990,50,0.7,5,5,999.0,999,9,'999999999,0,0.0000,0,88,999.000,0.0,1.0
2056/1/13,11:00,?9?9?9?9E0?9?9?9?9*9?9*9?9?9?9?9?9?9*9*_?9*9*9?9?9,29.2,22.7,68,101232,9999,9999,429,619,471,277,999900,999900,999900,99990,50,0.7,6,6,999.0,999,9,'999999999,0,0.0000,0,88,999.000,0.0,1.0
2056/1/13,12:00,?9?9?9?9E0?9?9?9?9*9?9*9?9?9?9?9?9?9*9*_?9*9*9?9?9,30.2,22.4,63,101232,9999,9999,440,669,431,323,999900,999900,999900,99990,90,0.6,7,7,999.0,999,9,'999999999,0,0.0000,0,88,999.000,0.0,1.0
2056/1/13,13:00,?9?9?9?9E0?9?9?9?9*9?9*9?9?9?9?9?9?9*9*_?9*9*9?9?9,30.4,22.0,61,101132,9999,9999,441,700,454,327,999900,999900,999900,99990,90,0.7,7,7,999.0,999,9,'999999999,0,0.0000,0,88,999.000,0.0,1.0
2056/1/13,14:00,?9?9?9?9E0?9?9?9?9*9?9*9?9?9?9?9?9?9*9*_?9*9*9?9?9,30.5,22.1,61,101032,9999,9999,441,638,417,314,999900,999900,999900,99990,90,1.0,7,7,999.0,999,9,'999999999,0,0.0000,0,88,999.000,0.0,1.0
2056/1/13,15:00,?9?9?9?9E0?9?9?9?9*9?9*9?9?9?9?9?9?9*9*_?9*9*9?9?9,30.7,22.3,61,100932,9999,9999,438,571,458,262,999900,999900,999900,99990,20,1.1,6,6,999.0,999,9,'999999999,0,0.0000,0,88,999.000,0.0,1.0
2056/1/13,16:00,?9?9?9?9E0?9?9?9?9*9?9*9?9?9?9?9?9?9*9*_?9*9*9?9?9,29.7,22.9,67,100932,9999,9999,433,403,359,216,999900,999900,999900,99990,20,1.3,6,6,999.0,999,9,'999999999,0,0.0000,0,88,999.000,0.0,1.0
2056/1/13,17:00,?9?9?9?9E0?9?9?9?9*9?9*9?9?9?9?9?9?9*9*_?9*9*9?9?9,28.7,23.4,73,100932,9999,9999,428,213,207,146,999900,999900,999900,99990,20,1.2,6,6,999.0,999,9,'999999999,0,0.0000,0,88,999.000,0.0,1.0
2056/1/13,18:00,?9?9?9?9E0?9?9?9?9*9?9*9?9?9?9?9?9?9*9*_?9*9*9?9?9,27.8,23.6,78,100932,9999,9999,423,47,71,40,999900,999900,999900,99990,90,0.5,6,6,999.0,999,9,'999999999,0,0.0000,0,88,999.000,0.0,1.0
2056/1/13,19:00,?9?9?9?9E0?9?9?9?9*9?9*9?9?9?9?9?9?9*9*_?9*9*9?9?9,27.2,23.9,82,100932,9999,9999,416,0,0,0,999900,999900,999900,99990,90,0.5,5,5,999.0,999,9,'999999999,0,0.0000,0,88,999.000,0.0,1.0
2056/1/13,20:00,?9?9?9?9E0?9?9?9?9*9?9*9?9?9?9?9?9?9*9*_?9*9*9?9?9,26.8,23.9,84,101032,9999,9999,414,0,0,0,999900,999900,999900,99990,90,0.6,5,5,999.0,999,9,'999999999,0,0.0000,0,88,999.000,0.0,1.0
2056/1/13,21:00,?9?9?9?9E0?9?9?9?9*9?9*9?9?9?9?9?9?9*9*_?9*9*9?9?9,26.3,23.8,86,101032,9999,9999,408,0,0,0,999900,999900,999900,99990,70,0.3,4,4,999.0,999,9,'999999999,0,0.0000,0,88,999.000,0.0,1.0
2056/1/13,22:00,?9?9?9?9E0?9?9?9?9*9?9*9?9?9?9?9?9?9*9*_?9*9*9?9?9,25.9,24.7,93,101132,9999,9999,407,0,0,0,999900,999900,999900,99990,70,0.1,4,4,999.0,999,9,'999999999,0,0.0000,0,88,999.000,0.0,1.0
2056/1/13,23:00,?9?9?9?9E0?9?9?9?9*9?9*9?9?9?9?9?9?9*9*_?9*9*9?9?9,25.4,24.6,95,101132,9999,9999,404,0,0,0,999900,999900,999900,99990,70,0.1,4,4,999.0,999,9,'999999999,0,0.0000,0,88,999.000,0.0,1.0
2056/1/13,24:00,?9?9?9?9E0?9?9?9?9*9?9*9?9?9?9?9?9?9*9*_?9*9*9?9?9,25.2,24.9,98,101132,9999,9999,403,0,0,0,999900,999900,999900,99990,50,0.1,4,4,999.0,999,9,'999999999,0,0.0000,0,88,999.000,0.0,1.0
2056/1/14,01:00,?9?9?9?9E0?9?9?9?9*9?9*9?9?9?9?9?9?9*9*_?9*9*9?9?9,24.7,24.4,98,101132,9999,9999,400,0,0,0,999900,999900,999900,99990,50,0.1,4,4,999.0,999,9,'999999999,0,0.0000,0,88,999.000,0.0,1.0
2056/1/14,02:00,?9?9?9?9E0?9?9?9?9*9?9*9?9?9?9?9?9?9*9*_?9*9*9?9?9,24.5,24.4,99,101032,9999,9999,399,0,0,0,999900,999900,999900,99990,50,0.1,4,4,999.0,999,9,'999999999,0,0.0000,0,88,999.000,0.0,1.0
2056/1/14,03:00,?9?9?9?9E0?9?9?9?9*9?9*9?9?9?9?9?9?9*9*_?9*9*9?9?9,24.3,24.2,99,100932,9999,9999,397,0,0,0,999900,999900,999900,99990,320,0.1,4,4,999.0,999,9,'999999999,0,0.0000,0,88,999.000,0.0,1.0
2056/1/14,04:00,?9?9?9?9E0?9?9?9?9*9?9*9?9?9?9?9?9?9*9*_?9*9*9?9?9,24.2,24.2,100,100932,9999,9999,397,0,0,0,999900,999900,999900,99990,320,0.3,4,4,999.0,999,9,'999999999,0,0.0000,0,88,999.000,0.0,1.0
2056/1/14,05:00,?9?9?9?9E0?9?9?9?9*9?9*9?9?9?9?9?9?9*9*_?9*9*9?9?9,23.8,23.8,100,100932,9999,9999,397,0,0,0,999900,999900,999900,99990,320,0.3,5,5,999.0,999,9,'999999999,0,0.0000,0,88,999.000,0.0,1.0
2056/1/14,06:00,?9?9?9?9E0?9?9?9?9*9?9*9?9?9?9?9?9?9*9*_?9*9*9?9?9,23.6,23.6,100,100932,9999,9999,396,0,0,0,999900,999900,999900,99990,320,0.3,5,5,999.0,999,9,'999999999,0,0.0000,0,88,999.000,0.0,1.0
2056/1/14,07:00,?9?9?9?9E0?9?9?9?9*9?9*9?9?9?9?9?9?9*9*_?9*9*9?9?9,23.7,23.7,100,100932,9999,9999,397,7,0,7,999900,999900,999900,99990,320,0.2,5,5,999.0,999,9,'999999999,0,0.0000,0,88,999.000,0.0,1.0
2056/1/14,08:00,?9?9?9?9E0?9?9?9?9*9?9*9?9?9?9?9?9?9*9*_?9*9*9?9?9,24.5,24.5,100,101032,9999,9999,402,118,176,83,999900,999900,999900,99990,320,0.1,5,5,999.0,999,9,'999999999,0,0.0000,0,88,999.000,0.0,1.0
2056/1/14,09:00,?9?9?9?9E0?9?9?9?9*9?9*9?9?9?9?9?9?9*9*_?9*9*9?9?9,26.5,24.0,86,101032,9999,9999,409,330,432,151,999900,999900,999900,99990,320,0.3,4,4,999.0,999,9,'999999999,0,0.0000,0,88,999.000,0.0,1.0
2056/1/14,10:00,?9?9?9?9E0?9?9?9?9*9?9*9?9?9?9?9?9?9*9*_?9*9*9?9?9,27.9,22.9,74,101032,9999,9999,415,525,579,182,999900,999900,999900,99990,320,0.7,4,4,999.0,999,9,'999999999,0,0.0000,0,88,999.000,0.0,1.0
2056/1/14,11:00,?9?9?9?9E0?9?9?9?9*9?9*9?9?9?9?9?9?9*9*_?9*9*9?9?9,28.9,21.7,65,101032,9999,9999,419,704,712,186,999900,999900,999900,99990,320,1.1,4,4,999.0,999,9,'999999999,0,0.0000,0,88,999.000,0.0,1.0
2056/1/14,12:00,?9?9?9?9E0?9?9?9?9*9?9*9?9?9?9?9?9?9*9*_?9*9*9?9?9,29.4,20.6,59,100932,9999,9999,421,821,794,181,999900,999900,999900,99990,320,0.9,4,4,999.0,999,9,'999999999,0,0.0000,0,88,999.000,0.0,1.0
2056/1/14,13:00,?9?9?9?9E0?9?9?9?9*9?9*9?9?9?9?9?9?9*9*_?9*9*9?9?9,30.4,20.4,55,100932,9999,9999,426,853,822,176,999900,999900,999900,99990,320,0.9,4,4,999.0,999,9,'999999999,0,0.0000,0,88,999.000,0.0,1.0
2056/1/14,14:00,?9?9?9?9E0?9?9?9?9*9?9*9?9?9?9?9?9?9*9*_?9*9*9?9?9,30.2,19.3,52,100832,9999,9999,424,798,804,171,999900,999900,999900,99990,320,0.9,4,4,999.0,999,9,'999999999,0,0.0000,0,88,999.000,0.0,1.0
2056/1/14,15:00,?9?9?9?9E0?9?9?9?9*9?9*9?9?9?9?9?9?9*9*_?9*9*9?9?9,30.3,20.0,54,100832,9999,9999,425,658,725,167,999900,999900,999900,99990,50,1.1,4,4,999.0,999,9,'999999999,0,0.0000,0,88,999.000,0.0,1.0
2056/1/14,16:00,?9?9?9?9E0?9?9?9?9*9?9*9?9?9?9?9?9?9*9*_?9*9*9?9?9,29.7,19.7,55,100732,9999,9999,421,480,640,145,999900,999900,999900,99990,50,0.9,4,4,999.0,999,9,'999999999,0,0.0000,0,88,999.000,0.0,1.0
2056/1/14,17:00,?9?9?9?9E0?9?9?9?9*9?9*9?9?9?9?9?9?9*9*_?9*9*9?9?9,28.8,20.3,60,100732,9999,9999,414,274,498,111,999900,999900,999900,99990,50,0.8,3,3,999.0,999,9,'999999999,0,0.0000,0,88,999.000,0.0,1.0
2056/1/14,18:00,?9?9?9?9E0?9?9?9?9*9?9*9?9?9?9?9?9?9*9*_?9*9*9?9?9,27.7,22.9,75,100732,9999,9999,402,68,241,43,999900,999900,999900,99990,110,0.5,1,1,999.0,999,9,'999999999,0,0.0000,0,88,999.000,0.0,1.0
2056/1/14,19:00,?9?9?9?9E0?9?9?9?9*9?9*9?9?9?9?9?9?9*9*_?9*9*9?9?9,26.9,23.2,80,100732,9999,9999,398,0,0,0,999900,999900,999900,99990,110,0.3,1,1,999.0,999,9,'999999999,0,0.0000,0,88,999.000,0.0,1.0
2056/1/14,20:00,?9?9?9?9E0?9?9?9?9*9?9*9?9?9?9?9?9?9*9*_?9*9*9?9?9,26.2,22.3,79,100832,9999,9999,398,0,0,0,999900,999900,999900,99990,110,0.2,2,2,999.0,999,9,'999999999,0,0.0000,0,88,999.000,0.0,1.0
2056/1/14,21:00,?9?9?9?9E0?9?9?9?9*9?9*9?9?9?9?9?9?9*9*_?9*9*9?9?9,25.5,23.9,91,100932,9999,9999,397,0,0,0,999900,999900,999900,99990,110,0.2,2,2,999.0,999,9,'999999999,0,0.0000,0,88,999.000,0.0,1.0
2056/1/14,22:00,?9?9?9?9E0?9?9?9?9*9?9*9?9?9?9?9?9?9*9*_?9*9*9?9?9,25.0,23.8,93,100932,9999,9999,398,0,0,0,999900,999900,999900,99990,110,0.1,3,3,999.0,999,9,'999999999,0,0.0000,0,88,999.000,0.0,1.0
2056/1/14,23:00,?9?9?9?9E0?9?9?9?9*9?9*9?9?9?9?9?9?9*9*_?9*9*9?9?9,24.6,23.6,94,100932,9999,9999,395,0,0,0,999900,999900,999900,99990,110,0.1,3,3,999.0,999,9,'999999999,0,0.0000,0,88,999.000,0.0,1.0
2056/1/14,24:00,?9?9?9?9E0?9?9?9?9*9?9*9?9?9?9?9?9?9*9*_?9*9*9?9?9,24.3,24.0,98,100932,9999,9999,394,0,0,0,999900,999900,999900,99990,110,0.1,3,3,999.0,999,9,'999999999,0,0.0000,0,88,999.000,0.0,1.0
2056/1/15,01:00,?9?9?9?9E0?9?9?9?9*9?9*9?9?9?9?9?9?9*9*_?9*9*9?9?9,24.1,23.6,97,100932,9999,9999,393,0,0,0,999900,999900,999900,99990,110,0.1,3,3,999.0,999,9,'999999999,0,0.0000,0,88,999.000,0.0,1.0
2056/1/15,02:00,?9?9?9?9E0?9?9?9?9*9?9*9?9?9?9?9?9?9*9*_?9*9*9?9?9,23.8,23.5,98,100832,9999,9999,391,0,0,0,999900,999900,999900,99990,110,0.1,3,3,999.0,999,9,'999999999,0,0.0000,0,88,999.000,0.0,1.0
2056/1/15,03:00,?9?9?9?9E0?9?9?9?9*9?9*9?9?9?9?9?9?9*9*_?9*9*9?9?9,23.6,23.3,98,100832,9999,9999,390,0,0,0,999900,999900,999900,99990,110,0.1,3,3,999.0,999,9,'999999999,0,0.0000,0,88,999.000,0.0,1.0
2056/1/15,04:00,?9?9?9?9E0?9?9?9?9*9?9*9?9?9?9?9?9?9*9*_?9*9*9?9?9,23.4,23.1,98,100732,9999,9999,388,0,0,0,999900,999900,999900,99990,110,0.5,3,3,999.0,999,9,'999999999,0,0.0000,0,88,999.000,0.0,1.0
2056/1/15,05:00,?9?9?9?9E0?9?9?9?9*9?9*9?9?9?9?9?9?9*9*_?9*9*9?9?9,23.3,23.0,98,100732,9999,9999,388,0,0,0,999900,999900,999900,99990,110,0.2,3,3,999.0,999,9,'999999999,0,0.0000,0,88,999.000,0.0,1.0
2056/1/15,06:00,?9?9?9?9E0?9?9?9?9*9?9*9?9?9?9?9?9?9*9*_?9*9*9?9?9,23.3,23.0,98,100732,9999,9999,388,0,0,0,999900,999900,999900,99990,320,0.2,3,3,999.0,999,9,'999999999,0,0.0000,0,88,999.000,0.0,1.0
2056/1/15,07:00,?9?9?9?9E0?9?9?9?9*9?9*9?9?9?9?9?9?9*9*_?9*9*9?9?9,23.2,22.9,98,100832,9999,9999,390,6,0,6,999900,999900,999900,99990,320,0.3,4,4,999.0,999,9,'999999999,0,0.0000,0,88,999.000,0.0,1.0
2056/1/15,08:00,?9?9?9?9E0?9?9?9?9*9?9*9?9?9?9?9?9?9*9*_?9*9*9?9?9,23.8,23.5,98,100832,9999,9999,394,129,202,89,999900,999900,999900,99990,320,0.4,4,4,999.0,999,9,'999999999,0,0.0000,0,88,999.000,0.0,1.0
2056/1/15,09:00,?9?9?9?9E0?9?9?9?9*9?9*9?9?9?9?9?9?9*9*_?9*9*9?9?9,26.3,24.9,92,100932,9999,9999,409,320,366,169,999900,999900,999900,99990,320,0.5,4,4,999.0,999,9,'999999999,0,0.0000,0,88,999.000,0.0,1.0
2056/1/15,10:00,?9?9?9?9E0?9?9?9?9*9?9*9?9?9?9?9?9?9*9*_?9*9*9?9?9,28.2,23.6,76,100932,9999,9999,418,516,501,219,999900,999900,999900,99990,320,0.2,4,4,999.0,999,9,'999999999,0,0.0000,0,88,999.000,0.0,1.0
2056/1/15,11:00,?9?9?9?9E0?9?9?9?9*9?9*9?9?9?9?9?9?9*9*_?9*9*9?9?9,30.4,23.8,68,100932,9999,9999,438,610,444,287,999900,999900,999900,99990,320,0.5,6,6,999.0,999,9,'999999999,0,0.0000,0,88,999.000,0.0,1.0
2056/1/15,12:00,?9?9?9?9E0?9?9?9?9*9?9*9?9?9?9?9?9?9*9*_?9*9*9?9?9,31.2,23.9,65,100832,9999,9999,448,655,394,337,999900,999900,999900,99990,180,0.5,7,7,999.0,999,9,'999999999,0,0.0000,0,88,999.000,0.0,1.0
2056/1/15,13:00,?9?9?9?9E0?9?9?9?9*9?9*9?9?9?9?9?9?9*9*_?9*9*9?9?9,32.2,23.7,61,100832,9999,9999,453,687,419,342,999900,999900,999900,99990,180,0.7,7,7,999.0,999,9,'999999999,0,0.0000,0,88,999.000,0.0,1.0
2056/1/15,14:00,?9?9?9?9E0?9?9?9?9*9?9*9?9?9?9?9?9?9*9*_?9*9*9?9?9,32.2,23.5,60,100732,9999,9999,453,641,410,321,999900,999900,999900,99990,180,0.8,7,7,999.0,999,9,'999999999,0,0.0000,0,88,999.000,0.0,1.0
2056/1/15,15:00,?9?9?9?9E0?9?9?9?9*9?9*9?9?9?9?9?9?9*9*_?9*9*9?9?9,32.1,23.9,62,100632,9999,9999,448,571,444,269,999900,999900,999900,99990,180,1.0,6,6,999.0,999,9,'999999999,0,0.0000,0,88,999.000,0.0,1.0
2056/1/15,16:00,?9?9?9?9E0?9?9?9?9*9?9*9?9?9?9?9?9?9*9*_?9*9*9?9?9,30.9,24.8,70,100532,9999,9999,442,402,340,223,999900,999900,999900,99990,180,0.9,6,6,999.0,999,9,'999999999,0,0.0000,0,88,999.000,0.0,1.0
2056/1/15,17:00,?9?9?9?9E0?9?9?9?9*9?9*9?9?9?9?9?9?9*9*_?9*9*9?9?9,30.4,26.1,78,100532,9999,9999,441,210,184,149,999900,999900,999900,99990,180,0.9,6,6,999.0,999,9,'999999999,0,0.0000,0,88,999.000,0.0,1.0
2056/1/15,18:00,?9?9?9?9E0?9?9?9?9*9?9*9?9?9?9?9?9?9*9*_?9*9*9?9?9,28.7,26.9,90,100532,9999,9999,432,46,58,40,999900,999900,999900,99990,140,0.7,6,6,999.0,999,9,'999999999,0,0.0000,0,88,999.000,0.0,1.0
2056/1/15,19:00,?9?9?9?9E0?9?9?9?9*9?9*9?9?9?9?9?9?9*9*_?9*9*9?9?9,28.1,27.1,94,100532,9999,9999,425,0,0,0,999900,999900,999900,99990,140,0.7,5,5,999.0,999,9,'999999999,0,0.0000,0,88,999.000,0.0,1.0
2056/1/15,20:00,?9?9?9?9E0?9?9?9?9*9?9*9?9?9?9?9?9?9*9*_?9*9*9?9?9,27.8,27.1,96,100632,9999,9999,423,0,0,0,999900,999900,999900,99990,140,0.9,5,5,999.0,999,9,'999999999,0,0.0000,0,88,999.000,0.0,1.0
2056/1/15,21:00,?9?9?9?9E0?9?9?9?9*9?9*9?9?9?9?9?9?9*9*_?9*9*9?9?9,27.4,26.7,96,100632,9999,9999,421,0,0,0,999900,999900,999900,99990,140,0.7,5,5,999.0,999,9,'999999999,0,0.0000,0,88,999.000,0.0,1.0
2056/1/15,22:00,?9?9?9?9E0?9?9?9?9*9?9*9?9?9?9?9?9?9*9*_?9*9*9?9?9,27.4,26.7,96,100632,9999,9999,418,0,0,0,999900,999900,999900,99990,140,0.4,4,4,999.0,999,9,'999999999,0,0.0000,0,88,999.000,0.0,1.0
2056/1/15,23:00,?9?9?9?9E0?9?9?9?9*9?9*9?9?9?9?9?9?9*9*_?9*9*9?9?9,27.1,26.6,97,100732,9999,9999,416,0,0,0,999900,999900,999900,99990,140,0.5,4,4,999.0,999,9,'999999999,0,0.0000,0,88,999.000,0.0,1.0
2056/1/15,24:00,?9?9?9?9E0?9?9?9?9*9?9*9?9?9?9?9?9?9*9*_?9*9*9?9?9,26.9,26.9,100,100732,9999,9999,415,0,0,0,999900,999900,999900,99990,160,0.3,4,4,999.0,999,9,'999999999,0,0.0000,0,88,999.000,0.0,1.0
2056/1/16,01:00,?9?9?9?9E0?9?9?9?9*9?9*9?9?9?9?9?9?9*9*_?9*9*9?9?9,26.9,26.9,100,100732,9999,9999,415,0,0,0,999900,999900,999900,99990,160,0.4,4,4,999.0,999,9,'999999999,0,0.0000,0,88,999.000,0.0,1.0
2056/1/16,02:00,?9?9?9?9E0?9?9?9?9*9?9*9?9?9?9?9?9?9*9*_?9*9*9?9?9,26.4,26.4,100,100732,9999,9999,412,0,0,0,999900,999900,999900,99990,160,0.2,4,4,999.0,999,9,'999999999,0,0.0000,0,88,999.000,0.0,1.0
2056/1/16,03:00,?9?9?9?9E0?9?9?9?9*9?9*9?9?9?9?9?9?9*9*_?9*9*9?9?9,26.1,26.1,100,100732,9999,9999,410,0,0,0,999900,999900,999900,99990,160,0.3,4,4,999.0,999,9,'999999999,0,0.0000,0,88,999.000,0.0,1.0
2056/1/16,04:00,?9?9?9?9E0?9?9?9?9*9?9*9?9?9?9?9?9?9*9*_?9*9*9?9?9,26.1,26.1,100,100732,9999,9999,413,0,0,0,999900,999900,999900,99990,160,0.2,5,5,999.0,999,9,'999999999,0,0.0000,0,88,999.000,0.0,1.0
2056/1/16,05:00,?9?9?9?9E0?9?9?9?9*9?9*9?9?9?9?9?9?9*9*_?9*9*9?9?9,26.1,26.1,100,100732,9999,9999,413,0,0,0,999900,999900,999900,99990,160,0.2,5,5,999.0,999,9,'999999999,0,0.0000,0,88,999.000,0.0,1.0
2056/1/16,06:00,?9?9?9?9E0?9?9?9?9*9?9*9?9?9?9?9?9?9*9*_?9*9*9?9?9,26.0,26.0,100,100732,9999,9999,412,0,0,0,999900,999900,999900,99990,160,0.1,5,5,999.0,999,9,'999999999,0,0.0000,0,88,999.000,0.0,1.0
2056/1/16,07:00,?9?9?9?9E0?9?9?9?9*9?9*9?9?9?9?9?9?9*9*_?9*9*9?9?9,26.2,26.2,100,100732,9999,9999,417,6,0,6,999900,999900,999900,99990,160,0.3,6,6,999.0,999,9,'999999999,0,0.0000,0,88,999.000,0.0,1.0
2056/1/16,08:00,?9?9?9?9E0?9?9?9?9*9?9*9?9?9?9?9?9?9*9*_?9*9*9?9?9,26.2,26.2,100,100832,9999,9999,422,93,68,80,999900,999900,999900,99990,160,0.2,7,7,999.0,999,9,'999999999,0,0.0000,0,88,999.000,0.0,1.0
2056/1/16,09:00,?9?9?9?9E0?9?9?9?9*9?9*9?9?9?9?9?9?9*9*_?9*9*9?9?9,27.4,26.4,94,100932,9999,9999,429,250,144,191,999900,999900,999900,99990,160,0.0,7,7,999.0,999,9,'999999999,0,0.0000,0,88,999.000,0.0,1.0
2056/1/16,10:00,?9?9?9?9E0?9?9?9?9*9?9*9?9?9?9?9?9?9*9*_?9*9*9?9?9,29.3,24.9,77,100932,9999,9999,445,374,165,276,999900,999900,999900,99990,160,0.5,8,8,999.0,999,9,'999999999,0,0.0000,0,88,999.000,0.0,1.0
2056/1/16,11:00,?9?9?9?9E0?9?9?9?9*9?9*9?9?9?9?9?9?9*9*_?9*9*9?9?9,30.6,24.3,69,100932,9999,9999,452,511,225,347,999900,999900,999900,99990,160,1.0,8,8,999.0,999,9,'999999999,0,0.0000,0,88,999.000,0.0,1.0
2056/1/16,12:00,?9?9?9?9E0?9?9?9?9*9?9*9?9?9?9?9?9?9*9*_?9*9*9?9?9,30.0,25.1,75,100932,9999,9999,449,573,234,384,999900,999900,999900,99990,140,0.8,8,8,999.0,999,9,'999999999,0,0.0000,0,88,999.000,0.0,1.0
2056/1/16,13:00,?9?9?9?9E0?9?9?9?9*9?9*9?9?9?9?9?9?9*9*_?9*9*9?9?9,30.8,24.5,69,100832,9999,9999,453,611,277,382,999900,999900,999900,99990,140,1.0,8,8,999.0,999,9,'999999999,0,0.0000,0,88,999.000,0.0,1.0
2056/1/16,14:00,?9?9?9?9E0?9?9?9?9*9?9*9?9?9?9?9?9?9*9*_?9*9*9?9?9,31.7,24.3,65,100732,9999,9999,446,686,482,308,999900,999900,999900,99990,140,0.8,6,6,999.0,999,9,'999999999,0,0.0000,0,88,999.000,0.0,1.0
2056/1/16,15:00,?9?9?9?9E0?9?9?9?9*9?9*9?9?9?9?9?9?9*9*_?9*9*9?9?9,31.6,23.7,63,100632,9999,9999,437,637,602,227,999900,999900,999900,99990,90,1.1,4,4,999.0,999,9,'999999999,0,0.0000,0,88,999.000,0.0,1.0
2056/1/16,16:00,?9?9?9?9E0?9?9?9?9*9?9*9?9?9?9?9?9?9*9*_?9*9*9?9?9,30.9,24.1,67,100532,9999,9999,430,476,558,182,999900,999900,999900,99990,90,0.9,3,3,999.0,999,9,'999999999,0,0.0000,0,88,999.000,0.0,1.0
2056/1/16,17:00,?9?9?9?9E0?9?9?9?9*9?9*9?9?9?9?9?9?9*9*_?9*9*9?9?9,29.7,24.8,75,100632,9999,9999,425,261,370,138,999900,999900,999900,99990,90,0.8,3,3,999.0,999,9,'999999999,0,0.0000,0,88,999.000,0.0,1.0
2056/1/16,18:00,?9?9?9?9E0?9?9?9?9*9?9*9?9?9?9?9?9?9*9*_?9*9*9?9?9,28.7,26.3,87,100632,9999,9999,421,65,158,48,999900,999900,999900,99990,90,1.2,3,3,999.0,999,9,'999999999,0,0.0000,0,88,999.000,0.0,1.0
2056/1/16,19:00,?9?9?9?9E0?9?9?9?9*9?9*9?9?9?9?9?9?9*9*_?9*9*9?9?9,28.2,26.4,90,100632,9999,9999,414,0,0,0,999900,999900,999900,99990,90,0.9,2,2,999.0,999,9,'999999999,0,0.0000,0,88,999.000,0.0,1.0
2056/1/16,20:00,?9?9?9?9E0?9?9?9?9*9?9*9?9?9?9?9?9?9*9*_?9*9*9?9?9,27.8,26.2,91,100732,9999,9999,412,0,0,0,999900,999900,999900,99990,90,0.6,2,2,999.0,999,9,'999999999,0,0.0000,0,88,999.000,0.0,1.0
2056/1/16,21:00,?9?9?9?9E0?9?9?9?9*9?9*9?9?9?9?9?9?9*9*_?9*9*9?9?9,27.7,26.5,93,100832,9999,9999,406,0,0,0,999900,999900,999900,99990,110,0.6,1,1,999.0,999,9,'999999999,0,0.0000,0,88,999.000,0.0,1.0
2056/1/16,22:00,?9?9?9?9E0?9?9?9?9*9?9*9?9?9?9?9?9?9*9*_?9*9*9?9?9,27.7,26.5,93,100932,9999,9999,406,0,0,0,999900,999900,999900,99990,110,0.5,1,1,999.0,999,9,'999999999,0,0.0000,0,88,999.000,0.0,1.0
2056/1/16,23:00,?9?9?9?9E0?9?9?9?9*9?9*9?9?9?9?9?9?9*9*_?9*9*9?9?9,27.4,26.2,93,100932,9999,9999,404,0,0,0,999900,999900,999900,99990,110,0.3,1,1,999.0,999,9,'999999999,0,0.0000,0,88,999.000,0.0,1.0
2056/1/16,24:00,?9?9?9?9E0?9?9?9?9*9?9*9?9?9?9?9?9?9*9*_?9*9*9?9?9,27.2,26.0,93,100932,9999,9999,403,0,0,0,999900,999900,999900,99990,140,0.3,1,1,999.0,999,9,'999999999,0,0.0000,0,88,999.000,0.0,1.0
2056/1/17,01:00,?9?9?9?9E0?9?9?9?9*9?9*9?9?9?9?9?9?9*9*_?9*9*9?9?9,26.8,25.6,93,100932,9999,9999,400,0,0,0,999900,999900,999900,99990,140,0.2,1,1,999.0,999,9,'999999999,0,0.0000,0,88,999.000,0.0,1.0
2056/1/17,02:00,?9?9?9?9E0?9?9?9?9*9?9*9?9?9?9?9?9?9*9*_?9*9*9?9?9,26.7,25.5,93,100832,9999,9999,409,0,0,0,999900,999900,999900,99990,140,0.0,3,3,999.0,999,9,'999999999,0,0.0000,0,88,999.000,0.0,1.0
2056/1/17,03:00,?9?9?9?9E0?9?9?9?9*9?9*9?9?9?9?9?9?9*9*_?9*9*9?9?9,26.7,25.9,95,100832,9999,9999,416,0,0,0,999900,999900,999900,99990,140,0.0,5,5,999.0,999,9,'999999999,0,0.0000,0,88,999.000,0.0,1.0
2056/1/17,04:00,?9?9?9?9E0?9?9?9?9*9?9*9?9?9?9?9?9?9*9*_?9*9*9?9?9,26.7,25.9,95,100832,9999,9999,419,0,0,0,999900,999900,999900,99990,140,0.0,6,6,999.0,999,9,'999999999,0,0.0000,0,88,999.000,0.0,1.0
2056/1/17,05:00,?9?9?9?9E0?9?9?9?9*9?9*9?9?9?9?9?9?9*9*_?9*9*9?9?9,26.7,25.9,95,100832,9999,9999,424,0,0,0,999900,999900,999900,99990,140,0.0,7,7,999.0,999,9,'999999999,0,0.0000,0,88,999.000,0.0,1.0
2056/1/17,06:00,?9?9?9?9E0?9?9?9?9*9?9*9?9?9?9?9?9?9*9*_?9*9*9?9?9,26.7,25.9,95,100832,9999,9999,424,0,0,0,999900,999900,999900,99990,140,0.1,7,7,999.0,999,9,'999999999,0,0.0000,0,88,999.000,0.0,1.0
2056/1/17,07:00,?9?9?9?9E0?9?9?9?9*9?9*9?9?9?9?9?9?9*9*_?9*9*9?9?9,26.6,25.8,95,100832,9999,9999,424,6,0,6,999900,999900,999900,99990,140,0.0,7,7,999.0,999,9,'999999999,0,0.0000,0,88,999.000,0.0,1.0
2056/1/17,08:00,?9?9?9?9E0?9?9?9?9*9?9*9?9?9?9?9?9?9*9*_?9*9*9?9?9,27.7,26.3,92,100832,9999,9999,431,98,88,80,999900,999900,999900,99990,140,0.2,7,7,999.0,999,9,'999999999,0,0.0000,0,88,999.000,0.0,1.0
2056/1/17,09:00,?9?9?9?9E0?9?9?9?9*9?9*9?9?9?9?9?9?9*9*_?9*9*9?9?9,29.4,26.2,83,100932,9999,9999,435,293,268,182,999900,999900,999900,99990,90,0.2,6,6,999.0,999,9,'999999999,0,0.0000,0,88,999.000,0.0,1.0
2056/1/17,10:00,?9?9?9?9E0?9?9?9?9*9?9*9?9?9?9?9?9?9*9*_?9*9*9?9?9,30.6,24.3,69,100932,9999,9999,440,478,403,239,999900,999900,999900,99990,90,0.5,6,6,999.0,999,9,'999999999,0,0.0000,0,88,999.000,0.0,1.0
2056/1/17,11:00,?9?9?9?9E0?9?9?9?9*9?9*9?9?9?9?9?9?9*9*_?9*9*9?9?9,31.5,24.4,66,101032,9999,9999,445,632,495,271,999900,999900,999900,99990,90,0.7,6,6,999.0,999,9,'999999999,0,0.0000,0,88,999.000,0.0,1.0
2056/1/17,12:00,?9?9?9?9E0?9?9?9?9*9?9*9?9?9?9?9?9?9*9*_?9*9*9?9?9,31.6,24.2,65,101032,9999,9999,445,728,544,288,999900,999900,999900,99990,110,0.7,6,6,999.0,999,9,'999999999,0,0.0000,0,88,999.000,0.0,1.0
2056/1/17,13:00,?9?9?9?9E0?9?9?9?9*9?9*9?9?9?9?9?9?9*9*_?9*9*9?9?9,31.9,24.8,66,101032,9999,9999,448,747,546,294,999900,999900,999900,99990,110,1.0,6,6,999.0,999,9,'999999999,0,0.0000,0,88,999.000,0.0,1.0
2056/1/17,14:00,?9?9?9?9E0?9?9?9?9*9?9*9?9?9?9?9?9?9*9*_?9*9*9?9?9,31.6,24.2,65,101032,9999,9999,445,693,516,287,999900,999900,999900,99990,110,0.9,6,6,999.0,999,9,'999999999,0,0.0000,0,88,999.000,0.0,1.0
2056/1/17,15:00,?9?9?9?9E0?9?9?9?9*9?9*9?9?9?9?9?9?9*9*_?9*9*9?9?9,31.5,24.4,66,101032,9999,9999,445,569,446,264,999900,999900,999900,99990,110,1.0,6,6,999.0,999,9,'999999999,0,0.0000,0,88,999.000,0.0,1.0
2056/1/17,16:00,?9?9?9?9E0?9?9?9?9*9?9*9?9?9?9?9?9?9*9*_?9*9*9?9?9,30.6,25.7,75,101032,9999,9999,438,427,406,211,999900,999900,999900,99990,110,1.1,5,5,999.0,999,9,'999999999,0,0.0000,0,88,999.000,0.0,1.0
2056/1/17,17:00,?9?9?9?9E0?9?9?9?9*9?9*9?9?9?9?9?9?9*9*_?9*9*9?9?9,29.6,26.0,81,101132,9999,9999,432,230,247,147,999900,999900,999900,99990,110,1.0,5,5,999.0,999,9,'999999999,0,0.0000,0,88,999.000,0.0,1.0
2056/1/17,18:00,?9?9?9?9E0?9?9?9?9*9?9*9?9?9?9?9?9?9*9*_?9*9*9?9?9,28.4,26.4,89,101132,9999,9999,426,56,97,45,999900,999900,999900,99990,110,0.9,5,5,999.0,999,9,'999999999,0,0.0000,0,88,999.000,0.0,1.0
2056/1/17,19:00,?9?9?9?9E0?9?9?9?9*9?9*9?9?9?9?9?9?9*9*_?9*9*9?9?9,28.1,26.5,91,101132,9999,9999,421,0,0,0,999900,999900,999900,99990,110,0.8,4,4,999.0,999,9,'999999999,0,0.0000,0,88,999.000,0.0,1.0
2056/1/17,20:00,?9?9?9?9E0?9?9?9?9*9?9*9?9?9?9?9?9?9*9*_?9*9*9?9?9,27.7,26.1,91,101132,9999,9999,418,0,0,0,999900,999900,999900,99990,110,0.7,4,4,999.0,999,9,'999999999,0,0.0000,0,88,999.000,0.0,1.0
2056/1/17,21:00,?9?9?9?9E0?9?9?9?9*9?9*9?9?9?9?9?9?9*9*_?9*9*9?9?9,27.5,25.9,91,101132,9999,9999,417,0,0,0,999900,999900,999900,99990,70,0.8,4,4,999.0,999,9,'999999999,0,0.0000,0,88,999.000,0.0,1.0
2056/1/17,22:00,?9?9?9?9E0?9?9?9?9*9?9*9?9?9?9?9?9?9*9*_?9*9*9?9?9,27.2,25.6,91,101132,9999,9999,412,0,0,0,999900,999900,999900,99990,70,0.4,3,3,999.0,999,9,'999999999,0,0.0000,0,88,999.000,0.0,1.0
2056/1/17,23:00,?9?9?9?9E0?9?9?9?9*9?9*9?9?9?9?9?9?9*9*_?9*9*9?9?9,27.1,25.5,91,101132,9999,9999,407,0,0,0,999900,999900,999900,99990,70,0.4,2,2,999.0,999,9,'999999999,0,0.0000,0,88,999.000,0.0,1.0
2056/1/17,24:00,?9?9?9?9E0?9?9?9?9*9?9*9?9?9?9?9?9?9*9*_?9*9*9?9?9,26.6,25.8,95,101232,9999,9999,399,0,0,0,999900,999900,999900,99990,70,0.2,1,1,999.0,999,9,'999999999,0,0.0000,0,88,999.000,0.0,1.0
2056/1/18,01:00,?9?9?9?9E0?9?9?9?9*9?9*9?9?9?9?9?9?9*9*_?9*9*9?9?9,26.4,25.7,96,101132,9999,9999,398,0,0,0,999900,999900,999900,99990,70,0.2,1,1,999.0,999,9,'999999999,0,0.0000,0,88,999.000,0.0,1.0
2056/1/18,02:00,?9?9?9?9E0?9?9?9?9*9?9*9?9?9?9?9?9?9*9*_?9*9*9?9?9,26.1,25.4,96,101132,9999,9999,402,0,0,0,999900,999900,999900,99990,70,0.3,2,2,999.0,999,9,'999999999,0,0.0000,0,88,999.000,0.0,1.0
2056/1/18,03:00,?9?9?9?9E0?9?9?9?9*9?9*9?9?9?9?9?9?9*9*_?9*9*9?9?9,25.6,25.1,97,101132,9999,9999,402,0,0,0,999900,999900,999900,99990,70,0.0,3,3,999.0,999,9,'999999999,0,0.0000,0,88,999.000,0.0,1.0
2056/1/18,04:00,?9?9?9?9E0?9?9?9?9*9?9*9?9?9?9?9?9?9*9*_?9*9*9?9?9,25.6,25.5,99,101132,9999,9999,406,0,0,0,999900,999900,999900,99990,70,0.1,4,4,999.0,999,9,'999999999,0,0.0000,0,88,999.000,0.0,1.0
2056/1/18,05:00,?9?9?9?9E0?9?9?9?9*9?9*9?9?9?9?9?9?9*9*_?9*9*9?9?9,25.5,25.4,99,101132,9999,9999,405,0,0,0,999900,999900,999900,99990,70,0.1,4,4,999.0,999,9,'999999999,0,0.0000,0,88,999.000,0.0,1.0
2056/1/18,06:00,?9?9?9?9E0?9?9?9?9*9?9*9?9?9?9?9?9?9*9*_?9*9*9?9?9,25.3,25.2,99,101132,9999,9999,404,0,0,0,999900,999900,999900,99990,70,0.1,4,4,999.0,999,9,'999999999,0,0.0000,0,88,999.000,0.0,1.0
2056/1/18,07:00,?9?9?9?9E0?9?9?9?9*9?9*9?9?9?9?9?9?9*9*_?9*9*9?9?9,25.6,25.5,99,101232,9999,9999,406,6,0,6,999900,999900,999900,99990,70,0.0,4,4,999.0,999,9,'999999999,0,0.0000,0,88,999.000,0.0,1.0
2056/1/18,08:00,?9?9?9?9E0?9?9?9?9*9?9*9?9?9?9?9?9?9*9*_?9*9*9?9?9,27.8,25.5,87,101232,9999,9999,421,125,207,84,999900,999900,999900,99990,70,0.3,5,5,999.0,999,9,'999999999,0,0.0000,0,88,999.000,0.0,1.0
2056/1/18,09:00,?9?9?9?9E0?9?9?9?9*9?9*9?9?9?9?9?9?9*9*_?9*9*9?9?9,28.9,22.7,69,101332,9999,9999,424,337,452,150,999900,999900,999900,99990,110,0.5,5,5,999.0,999,9,'999999999,0,0.0000,0,88,999.000,0.0,1.0
2056/1/18,10:00,?9?9?9?9E0?9?9?9?9*9?9*9?9?9?9?9?9?9*9*_?9*9*9?9?9,29.9,22.6,65,101332,9999,9999,430,519,549,192,999900,999900,999900,99990,110,0.3,5,5,999.0,999,9,'999999999,0,0.0000,0,88,999.000,0.0,1.0
2056/1/18,11:00,?9?9?9?9E0?9?9?9?9*9?9*9?9?9?9?9?9?9*9*_?9*9*9?9?9,30.6,22.8,63,101332,9999,9999,434,688,655,209,999900,999900,999900,99990,110,0.7,5,5,999.0,999,9,'999999999,0,0.0000,0,88,999.000,0.0,1.0
2056/1/18,12:00,?9?9?9?9E0?9?9?9?9*9?9*9?9?9?9?9?9?9*9*_?9*9*9?9?9,31.7,22.4,58,101332,9999,9999,440,794,715,214,999900,999900,999900,99990,90,0.8,5,5,999.0,999,9,'999999999,0,0.0000,0,88,999.000,0.0,1.0
2056/1/18,13:00,?9?9?9?9E0?9?9?9?9*9?9*9?9?9?9?9?9?9*9*_?9*9*9?9?9,31.2,21.7,57,101232,9999,9999,436,823,733,214,999900,999900,999900,99990,90,0.6,5,5,999.0,999,9,'999999999,0,0.0000,0,88,999.000,0.0,1.0
2056/1/18,14:00,?9?9?9?9E0?9?9?9?9*9?9*9?9?9?9?9?9?9*9*_?9*9*9?9?9,31.4,21.6,56,101232,9999,9999,437,763,702,210,999900,999900,999900,99990,90,0.9,5,5,999.0,999,9,'999999999,0,0.0000,0,88,999.000,0.0,1.0
2056/1/18,15:00,?9?9?9?9E0?9?9?9?9*9?9*9?9?9?9?9?9?9*9*_?9*9*9?9?9,31.2,22.5,60,101132,9999,9999,434,658,688,185,999900,999900,999900,99990,90,0.8,4,4,999.0,999,9,'999999999,0,0.0000,0,88,999.000,0.0,1.0
2056/1/18,16:00,?9?9?9?9E0?9?9?9?9*9?9*9?9?9?9?9?9?9*9*_?9*9*9?9?9,30.4,23.1,65,101132,9999,9999,430,470,571,165,999900,999900,999900,99990,90,0.7,4,4,999.0,999,9,'999999999,0,0.0000,0,88,999.000,0.0,1.0
2056/1/18,17:00,?9?9?9?9E0?9?9?9?9*9?9*9?9?9?9?9?9?9*9*_?9*9*9?9?9,29.7,23.2,68,101032,9999,9999,423,274,449,123,999900,999900,999900,99990,90,0.5,3,3,999.0,999,9,'999999999,0,0.0000,0,88,999.000,0.0,1.0
2056/1/18,18:00,?9?9?9?9E0?9?9?9?9*9?9*9?9?9?9?9?9?9*9*_?9*9*9?9?9,28.4,24.4,79,101032,9999,9999,417,71,213,47,999900,999900,999900,99990,110,0.6,3,3,999.0,999,9,'999999999,0,0.0000,0,88,999.000,0.0,1.0
2056/1/18,19:00,?9?9?9?9E0?9?9?9?9*9?9*9?9?9?9?9?9?9*9*_?9*9*9?9?9,28.1,25.6,86,101032,9999,9999,417,0,0,0,999900,999900,999900,99990,110,0.5,3,3,999.0,999,9,'999999999,0,0.0000,0,88,999.000,0.0,1.0
2056/1/18,20:00,?9?9?9?9E0?9?9?9?9*9?9*9?9?9?9?9?9?9*9*_?9*9*9?9?9,27.8,25.3,86,101032,9999,9999,415,0,0,0,999900,999900,999900,99990,110,0.5,3,3,999.0,999,9,'999999999,0,0.0000,0,88,999.000,0.0,1.0
2056/1/18,21:00,?9?9?9?9E0?9?9?9?9*9?9*9?9?9?9?9?9?9*9*_?9*9*9?9?9,27.4,25.3,88,101032,9999,9999,412,0,0,0,999900,999900,999900,99990,110,0.4,3,3,999.0,999,9,'999999999,0,0.0000,0,88,999.000,0.0,1.0
2056/1/18,22:00,?9?9?9?9E0?9?9?9?9*9?9*9?9?9?9?9?9?9*9*_?9*9*9?9?9,27.4,25.3,88,101132,9999,9999,412,0,0,0,999900,999900,999900,99990,110,0.5,3,3,999.0,999,9,'999999999,0,0.0000,0,88,999.000,0.0,1.0
2056/1/18,23:00,?9?9?9?9E0?9?9?9?9*9?9*9?9?9?9?9?9?9*9*_?9*9*9?9?9,27.1,25.0,88,101132,9999,9999,410,0,0,0,999900,999900,999900,99990,110,0.3,3,3,999.0,999,9,'999999999,0,0.0000,0,88,999.000,0.0,1.0
2056/1/18,24:00,?9?9?9?9E0?9?9?9?9*9?9*9?9?9?9?9?9?9*9*_?9*9*9?9?9,26.9,25.3,91,101232,9999,9999,410,0,0,0,999900,999900,999900,99990,110,0.5,3,3,999.0,999,9,'999999999,0,0.0000,0,88,999.000,0.0,1.0
2056/1/19,01:00,?9?9?9?9E0?9?9?9?9*9?9*9?9?9?9?9?9?9*9*_?9*9*9?9?9,26.6,25.2,92,101232,9999,9999,408,0,0,0,999900,999900,999900,99990,110,0.1,3,3,999.0,999,9,'999999999,0,0.0000,0,88,999.000,0.0,1.0
2056/1/19,02:00,?9?9?9?9E0?9?9?9?9*9?9*9?9?9?9?9?9?9*9*_?9*9*9?9?9,26.4,25.2,93,101132,9999,9999,407,0,0,0,999900,999900,999900,99990,110,0.1,3,3,999.0,999,9,'999999999,0,0.0000,0,88,999.000,0.0,1.0
2056/1/19,03:00,?9?9?9?9E0?9?9?9?9*9?9*9?9?9?9?9?9?9*9*_?9*9*9?9?9,25.9,25.2,96,101132,9999,9999,404,0,0,0,999900,999900,999900,99990,110,0.1,3,3,999.0,999,9,'999999999,0,0.0000,0,88,999.000,0.0,1.0
2056/1/19,04:00,?9?9?9?9E0?9?9?9?9*9?9*9?9?9?9?9?9?9*9*_?9*9*9?9?9,25.6,24.9,96,101132,9999,9999,405,0,0,0,999900,999900,999900,99990,110,0.0,4,4,999.0,999,9,'999999999,0,0.0000,0,88,999.000,0.0,1.0
2056/1/19,05:00,?9?9?9?9E0?9?9?9?9*9?9*9?9?9?9?9?9?9*9*_?9*9*9?9?9,25.5,24.8,96,101132,9999,9999,405,0,0,0,999900,999900,999900,99990,110,0.1,4,4,999.0,999,9,'999999999,0,0.0000,0,88,999.000,0.0,1.0
2056/1/19,06:00,?9?9?9?9E0?9?9?9?9*9?9*9?9?9?9?9?9?9*9*_?9*9*9?9?9,25.4,24.9,97,101132,9999,9999,404,0,0,0,999900,999900,999900,99990,50,0.0,4,4,999.0,999,9,'999999999,0,0.0000,0,88,999.000,0.0,1.0
2056/1/19,07:00,?9?9?9?9E0?9?9?9?9*9?9*9?9?9?9?9?9?9*9*_?9*9*9?9?9,25.4,24.9,97,101132,9999,9999,404,6,0,6,999900,999900,999900,99990,50,0.0,4,4,999.0,999,9,'999999999,0,0.0000,0,88,999.000,0.0,1.0
2056/1/19,08:00,?9?9?9?9E0?9?9?9?9*9?9*9?9?9?9?9?9?9*9*_?9*9*9?9?9,26.7,26.0,96,101232,9999,9999,413,128,193,90,999900,999900,999900,99990,50,0.0,4,4,999.0,999,9,'999999999,0,0.0000,0,88,999.000,0.0,1.0
2056/1/19,09:00,?9?9?9?9E0?9?9?9?9*9?9*9?9?9?9?9?9?9*9*_?9*9*9?9?9,28.6,25.4,83,101232,9999,9999,423,335,406,167,999900,999900,999900,99990,50,0.1,4,4,999.0,999,9,'999999999,0,0.0000,0,88,999.000,0.0,1.0
2056/1/19,10:00,?9?9?9?9E0?9?9?9?9*9?9*9?9?9?9?9?9?9*9*_?9*9*9?9?9,29.9,22.9,66,101332,9999,9999,427,543,561,209,999900,999900,999900,99990,50,0.2,4,4,999.0,999,9,'999999999,0,0.0000,0,88,999.000,0.0,1.0
2056/1/19,11:00,?9?9?9?9E0?9?9?9?9*9?9*9?9?9?9?9?9?9*9*_?9*9*9?9?9,31.0,23.4,64,101332,9999,9999,441,636,482,283,999900,999900,999900,99990,50,0.5,6,6,999.0,999,9,'999999999,0,0.0000,0,88,999.000,0.0,1.0
2056/1/19,12:00,?9?9?9?9E0?9?9?9?9*9?9*9?9?9?9?9?9?9*9*_?9*9*9?9?9,30.6,24.5,70,101232,9999,9999,445,661,379,353,999900,999900,999900,99990,50,0.8,7,7,999.0,999,9,'999999999,0,0.0000,0,88,999.000,0.0,1.0
2056/1/19,13:00,?9?9?9?9E0?9?9?9?9*9?9*9?9?9?9?9?9?9*9*_?9*9*9?9?9,31.8,23.1,60,101232,9999,9999,457,640,308,384,999900,999900,999900,99990,50,0.9,8,8,999.0,999,9,'999999999,0,0.0000,0,88,999.000,0.0,1.0
2056/1/19,14:00,?9?9?9?9E0?9?9?9?9*9?9*9?9?9?9?9?9?9*9*_?9*9*9?9?9,31.6,23.7,63,101232,9999,9999,457,580,262,373,999900,999900,999900,99990,50,0.8,8,8,999.0,999,9,'999999999,0,0.0000,0,88,999.000,0.0,1.0
2056/1/19,15:00,?9?9?9?9E0?9?9?9?9*9?9*9?9?9?9?9?9?9*9*_?9*9*9?9?9,30.9,23.8,66,101232,9999,9999,453,467,205,325,999900,999900,999900,99990,50,0.9,8,8,999.0,999,9,'999999999,0,0.0000,0,88,999.000,0.0,1.0
2056/1/19,16:00,?9?9?9?9E0?9?9?9?9*9?9*9?9?9?9?9?9?9*9*_?9*9*9?9?9,30.2,24.1,70,101232,9999,9999,449,330,150,250,999900,999900,999900,99990,50,0.9,8,8,999.0,999,9,'999999999,0,0.0000,0,88,999.000,0.0,1.0
2056/1/19,17:00,?9?9?9?9E0?9?9?9?9*9?9*9?9?9?9?9?9?9*9*_?9*9*9?9?9,29.0,25.0,79,101232,9999,9999,443,166,71,142,999900,999900,999900,99990,50,0.4,8,8,999.0,999,9,'999999999,0,0.0000,0,88,999.000,0.0,1.0
2056/1/19,18:00,?9?9?9?9E0?9?9?9?9*9?9*9?9?9?9?9?9?9*9*_?9*9*9?9?9,28.6,26.0,86,101232,9999,9999,442,35,21,33,999900,999900,999900,99990,110,0.8,8,8,999.0,999,9,'999999999,0,0.0000,0,88,999.000,0.0,1.0
2056/1/19,19:00,?9?9?9?9E0?9?9?9?9*9?9*9?9?9?9?9?9?9*9*_?9*9*9?9?9,28.0,25.7,87,101232,9999,9999,431,0,0,0,999900,999900,999900,99990,110,1.2,7,7,999.0,999,9,'999999999,0,0.0000,0,88,999.000,0.0,1.0
2056/1/19,20:00,?9?9?9?9E0?9?9?9?9*9?9*9?9?9?9?9?9?9*9*_?9*9*9?9?9,27.1,26.2,95,101232,9999,9999,422,0,0,0,999900,999900,999900,99990,110,0.7,6,6,999.0,999,9,'999999999,0,0.0000,0,88,999.000,0.9,1.0
2056/1/19,21:00,?9?9?9?9E0?9?9?9?9*9?9*9?9?9?9?9?9?9*9*_?9*9*9?9?9,27.1,25.7,92,101232,9999,9999,415,0,0,0,999900,999900,999900,99990,50,0.5,4,4,999.0,999,9,'999999999,0,0.0000,0,88,999.000,0.0,1.0
2056/1/19,22:00,?9?9?9?9E0?9?9?9?9*9?9*9?9?9?9?9?9?9*9*_?9*9*9?9?9,27.4,25.8,91,101132,9999,9999,413,0,0,0,999900,999900,999900,99990,50,0.7,3,3,999.0,999,9,'999999999,0,0.0000,0,88,999.000,0.0,1.0
2056/1/19,23:00,?9?9?9?9E0?9?9?9?9*9?9*9?9?9?9?9?9?9*9*_?9*9*9?9?9,27.5,25.5,89,101132,9999,9999,413,0,0,0,999900,999900,999900,99990,50,0.5,3,3,999.0,999,9,'999999999,0,0.0000,0,88,999.000,0.0,1.0
2056/1/19,24:00,?9?9?9?9E0?9?9?9?9*9?9*9?9?9?9?9?9?9*9*_?9*9*9?9?9,27.5,25.4,88,101132,9999,9999,413,0,0,0,999900,999900,999900,99990,50,0.5,3,3,999.0,999,9,'999999999,0,0.0000,0,88,999.000,0.0,1.0
2056/1/20,01:00,?9?9?9?9E0?9?9?9?9*9?9*9?9?9?9?9?9?9*9*_?9*9*9?9?9,27.3,25.0,87,101132,9999,9999,412,0,0,0,999900,999900,999900,99990,50,0.6,3,3,999.0,999,9,'999999999,0,0.0000,0,88,999.000,0.0,1.0
2056/1/20,02:00,?9?9?9?9E0?9?9?9?9*9?9*9?9?9?9?9?9?9*9*_?9*9*9?9?9,26.9,24.8,88,101032,9999,9999,409,0,0,0,999900,999900,999900,99990,50,0.2,3,3,999.0,999,9,'999999999,0,0.0000,0,88,999.000,0.0,1.0
2056/1/20,03:00,?9?9?9?9E0?9?9?9?9*9?9*9?9?9?9?9?9?9*9*_?9*9*9?9?9,26.4,24.6,90,101032,9999,9999,406,0,0,0,999900,999900,999900,99990,90,0.4,3,3,999.0,999,9,'999999999,0,0.0000,0,88,999.000,0.0,1.0
2056/1/20,04:00,?9?9?9?9E0?9?9?9?9*9?9*9?9?9?9?9?9?9*9*_?9*9*9?9?9,26.1,24.3,90,101032,9999,9999,404,0,0,0,999900,999900,999900,99990,90,0.2,3,3,999.0,999,9,'999999999,0,0.0000,0,88,999.000,0.0,1.0
2056/1/20,05:00,?9?9?9?9E0?9?9?9?9*9?9*9?9?9?9?9?9?9*9*_?9*9*9?9?9,25.8,24.1,90,101032,9999,9999,402,0,0,0,999900,999900,999900,99990,90,0.2,3,3,999.0,999,9,'999999999,0,0.0000,0,88,999.000,0.0,1.0
2056/1/20,06:00,?9?9?9?9E0?9?9?9?9*9?9*9?9?9?9?9?9?9*9*_?9*9*9?9?9,25.4,23.8,91,101032,9999,9999,400,0,0,0,999900,999900,999900,99990,50,0.1,3,3,999.0,999,9,'999999999,0,0.0000,0,88,999.000,0.0,1.0
2056/1/20,07:00,?9?9?9?9E0?9?9?9?9*9?9*9?9?9?9?9?9?9*9*_?9*9*9?9?9,25.4,24.0,92,101032,9999,9999,400,6,0,6,999900,999900,999900,99990,50,0.3,3,3,999.0,999,9,'999999999,0,0.0000,0,88,999.000,0.0,1.0
2056/1/20,08:00,?9?9?9?9E0?9?9?9?9*9?9*9?9?9?9?9?9?9*9*_?9*9*9?9?9,27.2,24.7,86,101132,9999,9999,414,136,273,82,999900,999900,999900,99990,50,0.2,4,4,999.0,999,9,'999999999,0,0.0000,0,88,999.000,0.0,1.0
2056/1/20,09:00,?9?9?9?9E0?9?9?9?9*9?9*9?9?9?9?9?9?9*9*_?9*9*9?9?9,28.2,20.8,64,101232,9999,9999,414,367,570,131,999900,999900,999900,99990,90,0.9,4,4,999.0,999,9,'999999999,0,0.0000,0,88,999.000,0.0,1.0
2056/1/20,10:00,?9?9?9?9E0?9?9?9?9*9?9*9?9?9?9?9?9?9*9*_?9*9*9?9?9,29.0,21.3,63,101232,9999,9999,423,531,584,183,999900,999900,999900,99990,90,1.1,5,5,999.0,999,9,'999999999,0,0.0000,0,88,999.000,0.0,1.0
2056/1/20,11:00,?9?9?9?9E0?9?9?9?9*9?9*9?9?9?9?9?9?9*9*_?9*9*9?9?9,29.5,21.5,62,101232,9999,9999,426,697,672,204,999900,999900,999900,99990,90,1.3,5,5,999.0,999,9,'999999999,0,0.0000,0,88,999.000,0.0,1.0
2056/1/20,12:00,?9?9?9?9E0?9?9?9?9*9?9*9?9?9?9?9?9?9*9*_?9*9*9?9?9,30.3,21.4,59,101232,9999,9999,430,799,718,214,999900,999900,999900,99990,110,1.1,5,5,999.0,999,9,'999999999,0,0.0000,0,88,999.000,0.0,1.0
2056/1/20,13:00,?9?9?9?9E0?9?9?9?9*9?9*9?9?9?9?9?9?9*9*_?9*9*9?9?9,30.2,21.6,60,101232,9999,9999,430,821,719,221,999900,999900,999900,99990,110,1.4,5,5,999.0,999,9,'999999999,0,0.0000,0,88,999.000,0.0,1.0
2056/1/20,14:00,?9?9?9?9E0?9?9?9?9*9?9*9?9?9?9?9?9?9*9*_?9*9*9?9?9,30.0,21.7,61,101132,9999,9999,429,756,673,223,999900,999900,999900,99990,110,1.3,5,5,999.0,999,9,'999999999,0,0.0000,0,88,999.000,0.0,1.0
2056/1/20,15:00,?9?9?9?9E0?9?9?9?9*9?9*9?9?9?9?9?9?9*9*_?9*9*9?9?9,29.4,21.1,61,101032,9999,9999,425,633,615,208,999900,999900,999900,99990,90,1.3,5,5,999.0,999,9,'999999999,0,0.0000,0,88,999.000,0.0,1.0
2056/1/20,16:00,?9?9?9?9E0?9?9?9?9*9?9*9?9?9?9?9?9?9*9*_?9*9*9?9?9,29.3,20.2,58,101032,9999,9999,423,468,543,176,999900,999900,999900,99990,90,1.5,5,5,999.0,999,9,'999999999,0,0.0000,0,88,999.000,0.0,1.0
2056/1/20,17:00,?9?9?9?9E0?9?9?9?9*9?9*9?9?9?9?9?9?9*9*_?9*9*9?9?9,28.9,20.6,61,101032,9999,9999,421,261,379,131,999900,999900,999900,99990,90,1.0,5,5,999.0,999,9,'999999999,0,0.0000,0,88,999.000,0.0,1.0
2056/1/20,18:00,?9?9?9?9E0?9?9?9?9*9?9*9?9?9?9?9?9?9*9*_?9*9*9?9?9,28.0,21.3,67,101032,9999,9999,414,76,226,49,999900,999900,999900,99990,20,1.0,4,4,999.0,999,9,'999999999,0,0.0000,0,88,999.000,0.0,1.0
2056/1/20,19:00,?9?9?9?9E0?9?9?9?9*9?9*9?9?9?9?9?9?9*9*_?9*9*9?9?9,27.6,21.9,71,101032,9999,9999,413,0,0,0,999900,999900,999900,99990,20,1.3,4,4,999.0,999,9,'999999999,0,0.0000,0,88,999.000,0.0,1.0
2056/1/20,20:00,?9?9?9?9E0?9?9?9?9*9?9*9?9?9?9?9?9?9*9*_?9*9*9?9?9,27.3,21.4,70,101132,9999,9999,407,0,0,0,999900,999900,999900,99990,20,1.0,3,3,999.0,999,9,'999999999,0,0.0000,0,88,999.000,0.0,1.0
2056/1/20,21:00,?9?9?9?9E0?9?9?9?9*9?9*9?9?9?9?9?9?9*9*_?9*9*9?9?9,27.1,21.2,70,101232,9999,9999,406,0,0,0,999900,999900,999900,99990,90,0.6,3,3,999.0,999,9,'999999999,0,0.0000,0,88,999.000,0.0,1.0
2056/1/20,22:00,?9?9?9?9E0?9?9?9?9*9?9*9?9?9?9?9?9?9*9*_?9*9*9?9?9,26.9,21.2,71,101232,9999,9999,401,0,0,0,999900,999900,999900,99990,90,0.7,2,2,999.0,999,9,'999999999,0,0.0000,0,88,999.000,0.0,1.0
2056/1/20,23:00,?9?9?9?9E0?9?9?9?9*9?9*9?9?9?9?9?9?9*9*_?9*9*9?9?9,26.6,21.6,74,101232,9999,9999,400,0,0,0,999900,999900,999900,99990,90,0.5,2,2,999.0,999,9,'999999999,0,0.0000,0,88,999.000,0.0,1.0
2056/1/20,24:00,?9?9?9?9E0?9?9?9?9*9?9*9?9?9?9?9?9?9*9*_?9*9*9?9?9,26.1,22.4,80,101232,9999,9999,393,0,0,0,999900,999900,999900,99990,50,0.3,1,1,999.0,999,9,'999999999,0,0.0000,0,88,999.000,0.0,1.0
2056/1/21,01:00,?9?9?9?9E0?9?9?9?9*9?9*9?9?9?9?9?9?9*9*_?9*9*9?9?9,25.1,23.7,92,101232,9999,9999,389,0,0,0,999900,999900,999900,99990,50,0.2,1,1,999.0,999,9,'999999999,0,0.0000,0,88,999.000,0.0,1.0
2056/1/21,02:00,?9?9?9?9E0?9?9?9?9*9?9*9?9?9?9?9?9?9*9*_?9*9*9?9?9,24.3,23.3,94,101232,9999,9999,384,0,0,0,999900,999900,999900,99990,50,0.4,1,1,999.0,999,9,'999999999,0,0.0000,0,88,999.000,0.0,1.0
2056/1/21,03:00,?9?9?9?9E0?9?9?9?9*9?9*9?9?9?9?9?9?9*9*_?9*9*9?9?9,24.0,23.2,95,101132,9999,9999,383,0,0,0,999900,999900,999900,99990,50,0.3,1,1,999.0,999,9,'999999999,0,0.0000,0,88,999.000,0.0,1.0
2056/1/21,04:00,?9?9?9?9E0?9?9?9?9*9?9*9?9?9?9?9?9?9*9*_?9*9*9?9?9,23.9,23.1,95,101132,9999,9999,382,0,0,0,999900,999900,999900,99990,50,0.2,1,1,999.0,999,9,'999999999,0,0.0000,0,88,999.000,0.0,1.0
2056/1/21,05:00,?9?9?9?9E0?9?9?9?9*9?9*9?9?9?9?9?9?9*9*_?9*9*9?9?9,23.6,22.9,96,101132,9999,9999,380,0,0,0,999900,999900,999900,99990,50,0.3,1,1,999.0,999,9,'999999999,0,0.0000,0,88,999.000,0.0,1.0
2056/1/21,06:00,?9?9?9?9E0?9?9?9?9*9?9*9?9?9?9?9?9?9*9*_?9*9*9?9?9,23.4,22.7,96,101132,9999,9999,379,0,0,0,999900,999900,999900,99990,50,0.4,1,1,999.0,999,9,'999999999,0,0.0000,0,88,999.000,0.0,1.0
2056/1/21,07:00,?9?9?9?9E0?9?9?9?9*9?9*9?9?9?9?9?9?9*9*_?9*9*9?9?9,23.2,22.5,96,101132,9999,9999,378,6,0,6,999900,999900,999900,99990,50,0.3,1,1,999.0,999,9,'999999999,0,0.0000,0,88,999.000,0.0,1.0
2056/1/21,08:00,?9?9?9?9E0?9?9?9?9*9?9*9?9?9?9?9?9?9*9*_?9*9*9?9?9,24.2,23.2,94,101232,9999,9999,389,141,295,82,999900,999900,999900,99990,50,0.1,2,2,999.0,999,9,'999999999,0,0.0000,0,88,999.000,0.0,1.0
2056/1/21,09:00,?9?9?9?9E0?9?9?9?9*9?9*9?9?9?9?9?9?9*9*_?9*9*9?9?9,26.9,23.0,79,101332,9999,9999,403,363,554,133,999900,999900,999900,99990,50,0.5,2,2,999.0,999,9,'999999999,0,0.0000,0,88,999.000,0.0,1.0
2056/1/21,10:00,?9?9?9?9E0?9?9?9?9*9?9*9?9?9?9?9?9?9*9*_?9*9*9?9?9,29.5,19.5,55,101332,9999,9999,417,586,727,151,999900,999900,999900,99990,50,1.6,3,3,999.0,999,9,'999999999,0,0.0000,0,88,999.000,0.0,1.0
2056/1/21,11:00,?9?9?9?9E0?9?9?9?9*9?9*9?9?9?9?9?9?9*9*_?9*9*9?9?9,29.9,18.7,51,101332,9999,9999,421,744,774,175,999900,999900,999900,99990,50,1.0,4,4,999.0,999,9,'999999999,0,0.0000,0,88,999.000,0.0,1.0
2056/1/21,12:00,?9?9?9?9E0?9?9?9?9*9?9*9?9?9?9?9?9?9*9*_?9*9*9?9?9,29.3,19.0,54,101332,9999,9999,421,817,746,208,999900,999900,999900,99990,110,1.6,5,5,999.0,999,9,'999999999,0,0.0000,0,88,999.000,0.0,1.0
2056/1/21,13:00,?9?9?9?9E0?9?9?9?9*9?9*9?9?9?9?9?9?9*9*_?9*9*9?9?9,30.2,18.0,48,101232,9999,9999,429,815,688,239,999900,999900,999900,99990,110,1.1,6,6,999.0,999,9,'999999999,0,0.0000,0,88,999.000,0.0,1.0
2056/1/21,14:00,?9?9?9?9E0?9?9?9?9*9?9*9?9?9?9?9?9?9*9*_?9*9*9?9?9,30.9,19.3,50,101132,9999,9999,440,689,511,283,999900,999900,999900,99990,110,1.6,7,7,999.0,999,9,'999999999,0,0.0000,0,88,999.000,0.0,1.0
2056/1/21,15:00,?9?9?9?9E0?9?9?9?9*9?9*9?9?9?9?9?9?9*9*_?9*9*9?9?9,29.7,18.8,52,101032,9999,9999,432,566,422,273,999900,999900,999900,99990,50,1.6,7,7,999.0,999,9,'999999999,0,0.0000,0,88,999.000,0.0,1.0
2056/1/21,16:00,?9?9?9?9E0?9?9?9?9*9?9*9?9?9?9?9?9?9*9*_?9*9*9?9?9,29.0,18.8,54,101032,9999,9999,435,367,245,235,999900,999900,999900,99990,50,1.5,8,8,999.0,999,9,'999999999,0,0.0000,0,88,999.000,0.0,1.0
2056/1/21,17:00,?9?9?9?9E0?9?9?9?9*9?9*9?9?9?9?9?9?9*9*_?9*9*9?9?9,28.3,19.3,58,101032,9999,9999,432,198,139,150,999900,999900,999900,99990,50,1.1,8,8,999.0,999,9,'999999999,0,0.0000,0,88,999.000,0.0,1.0
2056/1/21,18:00,?9?9?9?9E0?9?9?9?9*9?9*9?9?9?9?9?9?9*9*_?9*9*9?9?9,27.6,20.2,64,101032,9999,9999,429,48,51,42,999900,999900,999900,99990,360,1.1,8,8,999.0,999,9,'999999999,0,0.0000,0,88,999.000,0.0,1.0
2056/1/21,19:00,?9?9?9?9E0?9?9?9?9*9?9*9?9?9?9?9?9?9*9*_?9*9*9?9?9,27.0,20.6,68,101132,9999,9999,435,0,0,0,999900,999900,999900,99990,360,0.8,9,9,999.0,999,9,'999999999,0,0.0000,0,88,999.000,0.0,1.0
2056/1/21,20:00,?9?9?9?9E0?9?9?9?9*9?9*9?9?9?9?9?9?9*9*_?9*9*9?9?9,26.7,21.0,71,101232,9999,9999,434,0,0,0,999900,999900,999900,99990,360,0.5,9,9,999.0,999,9,'999999999,0,0.0000,0,88,999.000,0.0,1.0
2056/1/21,21:00,?9?9?9?9E0?9?9?9?9*9?9*9?9?9?9?9?9?9*9*_?9*9*9?9?9,26.2,22.1,78,101232,9999,9999,432,0,0,0,999900,999900,999900,99990,360,0.4,9,9,999.0,999,9,'999999999,0,0.0000,0,88,999.000,0.0,1.0
2056/1/21,22:00,?9?9?9?9E0?9?9?9?9*9?9*9?9?9?9?9?9?9*9*_?9*9*9?9?9,25.7,22.6,83,101332,9999,9999,421,0,0,0,999900,999900,999900,99990,360,0.6,8,8,999.0,999,9,'999999999,0,0.0000,0,88,999.000,0.0,1.0
2056/1/21,23:00,?9?9?9?9E0?9?9?9?9*9?9*9?9?9?9?9?9?9*9*_?9*9*9?9?9,25.6,22.5,83,101332,9999,9999,420,0,0,0,999900,999900,999900,99990,360,0.5,8,8,999.0,999,9,'999999999,0,0.0000,0,88,999.000,0.0,1.0
2056/1/21,24:00,?9?9?9?9E0?9?9?9?9*9?9*9?9?9?9?9?9?9*9*_?9*9*9?9?9,24.6,22.5,88,101332,9999,9999,415,0,0,0,999900,999900,999900,99990,360,0.4,8,8,999.0,999,9,'999999999,0,0.0000,0,88,999.000,0.0,1.0
2056/1/22,01:00,?9?9?9?9E0?9?9?9?9*9?9*9?9?9?9?9?9?9*9*_?9*9*9?9?9,24.3,22.8,91,101332,9999,9999,414,0,0,0,999900,999900,999900,99990,360,0.3,8,8,999.0,999,9,'999999999,0,0.0000,0,88,999.000,0.0,1.0
2056/1/22,02:00,?9?9?9?9E0?9?9?9?9*9?9*9?9?9?9?9?9?9*9*_?9*9*9?9?9,23.6,22.9,96,101232,9999,9999,410,0,0,0,999900,999900,999900,99990,360,1.0,8,8,999.0,999,9,'999999999,0,0.0000,0,88,999.000,0.0,1.0
2056/1/22,03:00,?9?9?9?9E0?9?9?9?9*9?9*9?9?9?9?9?9?9*9*_?9*9*9?9?9,23.4,22.9,97,101232,9999,9999,409,0,0,0,999900,999900,999900,99990,360,0.3,8,8,999.0,999,9,'999999999,0,0.0000,0,88,999.000,0.0,1.0
2056/1/22,04:00,?9?9?9?9E0?9?9?9?9*9?9*9?9?9?9?9?9?9*9*_?9*9*9?9?9,23.1,22.6,97,101132,9999,9999,400,0,0,0,999900,999900,999900,99990,360,0.3,7,7,999.0,999,9,'999999999,0,0.0000,0,88,999.000,0.0,1.0
2056/1/22,05:00,?9?9?9?9E0?9?9?9?9*9?9*9?9?9?9?9?9?9*9*_?9*9*9?9?9,22.9,22.6,98,101132,9999,9999,395,0,0,0,999900,999900,999900,99990,360,0.3,6,6,999.0,999,9,'999999999,0,0.0000,0,88,999.000,0.0,1.0
2056/1/22,06:00,?9?9?9?9E0?9?9?9?9*9?9*9?9?9?9?9?9?9*9*_?9*9*9?9?9,22.7,22.4,98,101132,9999,9999,390,0,0,0,999900,999900,999900,99990,360,0.3,5,5,999.0,999,9,'999999999,0,0.0000,0,88,999.000,0.0,1.0
2056/1/22,07:00,?9?9?9?9E0?9?9?9?9*9?9*9?9?9?9?9?9?9*9*_?9*9*9?9?9,22.6,22.3,98,101132,9999,9999,389,6,0,6,999900,999900,999900,99990,360,0.1,5,5,999.0,999,9,'999999999,0,0.0000,0,88,999.000,0.0,1.0
2056/1/22,08:00,?9?9?9?9E0?9?9?9?9*9?9*9?9?9?9?9?9?9*9*_?9*9*9?9?9,23.1,22.8,98,101232,9999,9999,392,120,177,85,999900,999900,999900,99990,360,0.2,5,5,999.0,999,9,'999999999,0,0.0000,0,88,999.000,0.0,1.0
2056/1/22,09:00,?9?9?9?9E0?9?9?9?9*9?9*9?9?9?9?9?9?9*9*_?9*9*9?9?9,25.5,23.8,90,101232,9999,9999,407,307,338,167,999900,999900,999900,99990,250,0.2,5,5,999.0,999,9,'999999999,0,0.0000,0,88,999.000,0.0,1.0
2056/1/22,10:00,?9?9?9?9E0?9?9?9?9*9?9*9?9?9?9?9?9?9*9*_?9*9*9?9?9,28.4,20.4,62,101232,9999,9999,418,525,547,197,999900,999900,999900,99990,250,0.8,5,5,999.0,999,9,'999999999,0,0.0000,0,88,999.000,0.0,1.0
2056/1/22,11:00,?9?9?9?9E0?9?9?9?9*9?9*9?9?9?9?9?9?9*9*_?9*9*9?9?9,29.9,18.4,50,101232,9999,9999,424,711,695,199,999900,999900,999900,99990,250,1.3,5,5,999.0,999,9,'999999999,0,0.0000,0,88,999.000,0.0,1.0
2056/1/22,12:00,?9?9?9?9E0?9?9?9?9*9?9*9?9?9?9?9?9?9*9*_?9*9*9?9?9,30.1,17.2,46,101332,9999,9999,424,830,770,200,999900,999900,999900,99990,90,1.4,5,5,999.0,999,9,'999999999,0,0.0000,0,88,999.000,0.0,1.0
2056/1/22,13:00,?9?9?9?9E0?9?9?9?9*9?9*9?9?9?9?9?9?9*9*_?9*9*9?9?9,30.5,17.6,46,101332,9999,9999,430,818,705,226,999900,999900,999900,99990,90,1.7,6,6,999.0,999,9,'999999999,0,0.0000,0,88,999.000,0.0,1.0
2056/1/22,14:00,?9?9?9?9E0?9?9?9?9*9?9*9?9?9?9?9?9?9*9*_?9*9*9?9?9,30.6,17.3,45,101232,9999,9999,430,763,674,225,999900,999900,999900,99990,90,1.6,6,6,999.0,999,9,'999999999,0,0.0000,0,88,999.000,0.0,1.0
2056/1/22,15:00,?9?9?9?9E0?9?9?9?9*9?9*9?9?9?9?9?9?9*9*_?9*9*9?9?9,30.2,16.6,44,101132,9999,9999,427,640,615,211,999900,999900,999900,99990,90,1.8,6,6,999.0,999,9,'999999999,0,0.0000,0,88,999.000,0.0,1.0
2056/1/22,16:00,?9?9?9?9E0?9?9?9?9*9?9*9?9?9?9?9?9?9*9*_?9*9*9?9?9,29.4,17.9,50,101132,9999,9999,424,459,498,189,999900,999900,999900,99990,90,1.6,6,6,999.0,999,9,'999999999,0,0.0000,0,88,999.000,0.0,1.0
2056/1/22,17:00,?9?9?9?9E0?9?9?9?9*9?9*9?9?9?9?9?9?9*9*_?9*9*9?9?9,29.6,20.2,57,101032,9999,9999,428,250,311,142,999900,999900,999900,99990,90,0.9,6,6,999.0,999,9,'999999999,0,0.0000,0,88,999.000,0.0,1.0
2056/1/22,18:00,?9?9?9?9E0?9?9?9?9*9?9*9?9?9?9?9?9?9*9*_?9*9*9?9?9,28.1,20.4,63,101032,9999,9999,420,70,157,51,999900,999900,999900,99990,90,1.9,6,6,999.0,999,9,'999999999,0,0.0000,0,88,999.000,0.0,1.0
2056/1/22,19:00,?9?9?9?9E0?9?9?9?9*9?9*9?9?9?9?9?9?9*9*_?9*9*9?9?9,27.7,21.0,67,101032,9999,9999,419,0,0,0,999900,999900,999900,99990,90,1.4,6,6,999.0,999,9,'999999999,0,0.0000,0,88,999.000,0.0,1.0
2056/1/22,20:00,?9?9?9?9E0?9?9?9?9*9?9*9?9?9?9?9?9?9*9*_?9*9*9?9?9,27.6,21.2,68,101132,9999,9999,418,0,0,0,999900,999900,999900,99990,90,1.2,6,6,999.0,999,9,'999999999,0,0.0000,0,88,999.000,0.0,1.0
2056/1/22,21:00,?9?9?9?9E0?9?9?9?9*9?9*9?9?9?9?9?9?9*9*_?9*9*9?9?9,27.6,21.6,70,101232,9999,9999,419,0,0,0,999900,999900,999900,99990,90,1.2,6,6,999.0,999,9,'999999999,0,0.0000,0,88,999.000,0.0,1.0
2056/1/22,22:00,?9?9?9?9E0?9?9?9?9*9?9*9?9?9?9?9?9?9*9*_?9*9*9?9?9,27.6,22.6,74,101232,9999,9999,420,0,0,0,999900,999900,999900,99990,90,1.3,6,6,999.0,999,9,'999999999,0,0.0000,0,88,999.000,0.0,1.0
2056/1/22,23:00,?9?9?9?9E0?9?9?9?9*9?9*9?9?9?9?9?9?9*9*_?9*9*9?9?9,27.3,22.7,76,101332,9999,9999,419,0,0,0,999900,999900,999900,99990,90,1.1,6,6,999.0,999,9,'999999999,0,0.0000,0,88,999.000,0.0,1.0
2056/1/22,24:00,?9?9?9?9E0?9?9?9?9*9?9*9?9?9?9?9?9?9*9*_?9*9*9?9?9,27.1,22.9,78,101332,9999,9999,418,0,0,0,999900,999900,999900,99990,90,1.1,6,6,999.0,999,9,'999999999,0,0.0000,0,88,999.000,0.0,1.0
2056/1/23,01:00,?9?9?9?9E0?9?9?9?9*9?9*9?9?9?9?9?9?9*9*_?9*9*9?9?9,27.1,22.9,78,101232,9999,9999,418,0,0,0,999900,999900,999900,99990,90,1.0,6,6,999.0,999,9,'999999999,0,0.0000,0,88,999.000,0.0,1.0
2056/1/23,02:00,?9?9?9?9E0?9?9?9?9*9?9*9?9?9?9?9?9?9*9*_?9*9*9?9?9,27.2,23.3,79,101232,9999,9999,419,0,0,0,999900,999900,999900,99990,90,0.5,6,6,999.0,999,9,'999999999,0,0.0000,0,88,999.000,0.0,1.0
2056/1/23,03:00,?9?9?9?9E0?9?9?9?9*9?9*9?9?9?9?9?9?9*9*_?9*9*9?9?9,27.1,23.2,79,101232,9999,9999,418,0,0,0,999900,999900,999900,99990,90,0.9,6,6,999.0,999,9,'999999999,0,0.0000,0,88,999.000,0.0,1.0
2056/1/23,04:00,?9?9?9?9E0?9?9?9?9*9?9*9?9?9?9?9?9?9*9*_?9*9*9?9?9,26.9,23.8,83,101232,9999,9999,418,0,0,0,999900,999900,999900,99990,90,0.6,6,6,999.0,999,9,'999999999,0,0.0000,0,88,999.000,0.0,1.0
2056/1/23,05:00,?9?9?9?9E0?9?9?9?9*9?9*9?9?9?9?9?9?9*9*_?9*9*9?9?9,26.5,24.9,91,101232,9999,9999,422,0,0,0,999900,999900,999900,99990,90,0.7,7,7,999.0,999,9,'999999999,0,0.0000,0,88,999.000,0.0,1.0
2056/1/23,06:00,?9?9?9?9E0?9?9?9?9*9?9*9?9?9?9?9?9?9*9*_?9*9*9?9?9,26.9,24.4,86,101232,9999,9999,424,0,0,0,999900,999900,999900,99990,90,1.2,7,7,999.0,999,9,'999999999,0,0.0000,0,88,999.000,0.0,1.0
2056/1/23,07:00,?9?9?9?9E0?9?9?9?9*9?9*9?9?9?9?9?9?9*9*_?9*9*9?9?9,27.2,23.3,79,101232,9999,9999,431,6,0,6,999900,999900,999900,99990,90,0.9,8,8,999.0,999,9,'999999999,0,0.0000,0,88,999.000,0.0,1.0
2056/1/23,08:00,?9?9?9?9E0?9?9?9?9*9?9*9?9?9?9?9?9?9*9*_?9*9*9?9?9,27.7,23.3,77,101332,9999,9999,433,95,72,81,999900,999900,999900,99990,90,1.7,8,8,999.0,999,9,'999999999,0,0.0000,0,88,999.000,0.0,1.0
2056/1/23,09:00,?9?9?9?9E0?9?9?9?9*9?9*9?9?9?9?9?9?9*9*_?9*9*9?9?9,28.7,23.4,73,101432,9999,9999,439,253,148,191,999900,999900,999900,99990,50,1.2,8,8,999.0,999,9,'999999999,0,0.0000,0,88,999.000,0.0,1.0
2056/1/23,10:00,?9?9?9?9E0?9?9?9?9*9?9*9?9?9?9?9?9?9*9*_?9*9*9?9?9,29.4,22.6,67,101432,9999,9999,442,408,213,280,999900,999900,999900,99990,50,2.0,8,8,999.0,999,9,'999999999,0,0.0000,0,88,999.000,0.0,1.0
2056/1/23,11:00,?9?9?9?9E0?9?9?9?9*9?9*9?9?9?9?9?9?9*9*_?9*9*9?9?9,30.1,22.6,64,101432,9999,9999,446,545,275,342,999900,999900,999900,99990,50,2.0,8,8,999.0,999,9,'999999999,0,0.0000,0,88,999.000,0.0,1.0
2056/1/23,12:00,?9?9?9?9E0?9?9?9?9*9?9*9?9?9?9?9?9?9*9*_?9*9*9?9?9,30.3,20.8,57,101432,9999,9999,445,646,334,372,999900,999900,999900,99990,90,1.8,8,8,999.0,999,9,'999999999,0,0.0000,0,88,999.000,0.0,1.0
2056/1/23,13:00,?9?9?9?9E0?9?9?9?9*9?9*9?9?9?9?9?9?9*9*_?9*9*9?9?9,31.0,20.0,52,101432,9999,9999,448,677,357,376,999900,999900,999900,99990,90,1.7,8,8,999.0,999,9,'999999999,0,0.0000,0,88,999.000,0.0,1.0
2056/1/23,14:00,?9?9?9?9E0?9?9?9?9*9?9*9?9?9?9?9?9?9*9*_?9*9*9?9?9,31.2,19.9,51,101432,9999,9999,449,626,332,360,999900,999900,999900,99990,90,2.1,8,8,999.0,999,9,'999999999,0,0.0000,0,88,999.000,0.0,1.0
2056/1/23,15:00,?9?9?9?9E0?9?9?9?9*9?9*9?9?9?9?9?9?9*9*_?9*9*9?9?9,30.9,17.6,45,101432,9999,9999,444,532,315,312,999900,999900,999900,99990,90,2.1,8,8,999.0,999,9,'999999999,0,0.0000,0,88,999.000,0.0,1.0
2056/1/23,16:00,?9?9?9?9E0?9?9?9?9*9?9*9?9?9?9?9?9?9*9*_?9*9*9?9?9,30.2,18.3,49,101432,9999,9999,434,425,352,233,999900,999900,999900,99990,90,1.8,7,7,999.0,999,9,'999999999,0,0.0000,0,88,999.000,0.0,1.0
2056/1/23,17:00,?9?9?9?9E0?9?9?9?9*9?9*9?9?9?9?9?9?9*9*_?9*9*9?9?9,29.4,20.6,59,101332,9999,9999,424,274,365,146,999900,999900,999900,99990,90,2.4,5,5,999.0,999,9,'999999999,0,0.0000,0,88,999.000,0.0,1.0
2056/1/23,18:00,?9?9?9?9E0?9?9?9?9*9?9*9?9?9?9?9?9?9*9*_?9*9*9?9?9,28.1,21.7,68,101232,9999,9999,412,88,267,55,999900,999900,999900,99990,90,2.0,3,3,999.0,999,9,'999999999,0,0.0000,0,88,999.000,0.0,1.0
2056/1/23,19:00,?9?9?9?9E0?9?9?9?9*9?9*9?9?9?9?9?9?9*9*_?9*9*9?9?9,27.5,21.1,68,101232,9999,9999,404,0,0,0,999900,999900,999900,99990,90,1.8,2,2,999.0,999,9,'999999999,0,0.0000,0,88,999.000,0.0,1.0
2056/1/23,20:00,?9?9?9?9E0?9?9?9?9*9?9*9?9?9?9?9?9?9*9*_?9*9*9?9?9,27.3,22.7,76,101232,9999,9999,405,0,0,0,999900,999900,999900,99990,90,1.1,2,2,999.0,999,9,'999999999,0,0.0000,0,88,999.000,0.0,1.0
2056/1/23,21:00,?9?9?9?9E0?9?9?9?9*9?9*9?9?9?9?9?9?9*9*_?9*9*9?9?9,27.0,22.6,77,101332,9999,9999,398,0,0,0,999900,999900,999900,99990,70,0.7,1,1,999.0,999,9,'999999999,0,0.0000,0,88,999.000,0.0,1.0
2056/1/23,22:00,?9?9?9?9E0?9?9?9?9*9?9*9?9?9?9?9?9?9*9*_?9*9*9?9?9,26.1,24.0,88,101432,9999,9999,394,0,0,0,999900,999900,999900,99990,70,0.4,1,1,999.0,999,9,'999999999,0,0.0000,0,88,999.000,0.0,1.0
2056/1/23,23:00,?9?9?9?9E0?9?9?9?9*9?9*9?9?9?9?9?9?9*9*_?9*9*9?9?9,25.3,24.5,95,101432,9999,9999,396,0,0,0,999900,999900,999900,99990,70,0.4,2,2,999.0,999,9,'999999999,0,0.0000,0,88,999.000,0.0,1.0
2056/1/23,24:00,?9?9?9?9E0?9?9?9?9*9?9*9?9?9?9?9?9?9*9*_?9*9*9?9?9,25.0,24.5,97,101432,9999,9999,399,0,0,0,999900,999900,999900,99990,360,0.5,3,3,999.0,999,9,'999999999,0,0.0000,0,88,999.000,0.0,1.0
2056/1/24,01:00,?9?9?9?9E0?9?9?9?9*9?9*9?9?9?9?9?9?9*9*_?9*9*9?9?9,24.8,24.3,97,101432,9999,9999,397,0,0,0,999900,999900,999900,99990,360,0.4,3,3,999.0,999,9,'999999999,0,0.0000,0,88,999.000,0.0,1.0
2056/1/24,02:00,?9?9?9?9E0?9?9?9?9*9?9*9?9?9?9?9?9?9*9*_?9*9*9?9?9,24.5,24.0,97,101432,9999,9999,391,0,0,0,999900,999900,999900,99990,360,0.5,2,2,999.0,999,9,'999999999,0,0.0000,0,88,999.000,0.0,1.0
2056/1/24,03:00,?9?9?9?9E0?9?9?9?9*9?9*9?9?9?9?9?9?9*9*_?9*9*9?9?9,24.1,24.1,100,101332,9999,9999,384,0,0,0,999900,999900,999900,99990,360,0.4,1,1,999.0,999,9,'999999999,0,0.0000,0,88,999.000,0.0,1.0
2056/1/24,04:00,?9?9?9?9E0?9?9?9?9*9?9*9?9?9?9?9?9?9*9*_?9*9*9?9?9,24.0,24.0,100,101332,9999,9999,384,0,0,0,999900,999900,999900,99990,360,0.5,1,1,999.0,999,9,'999999999,0,0.0000,0,88,999.000,0.0,1.0
2056/1/24,05:00,?9?9?9?9E0?9?9?9?9*9?9*9?9?9?9?9?9?9*9*_?9*9*9?9?9,23.6,23.6,100,101332,9999,9999,386,0,0,0,999900,999900,999900,99990,360,0.5,2,2,999.0,999,9,'999999999,0,0.0000,0,88,999.000,0.0,1.0
2056/1/24,06:00,?9?9?9?9E0?9?9?9?9*9?9*9?9?9?9?9?9?9*9*_?9*9*9?9?9,23.6,23.6,100,101332,9999,9999,386,0,0,0,999900,999900,999900,99990,360,0.5,2,2,999.0,999,9,'999999999,0,0.0000,0,88,999.000,0.0,1.0
2056/1/24,07:00,?9?9?9?9E0?9?9?9?9*9?9*9?9?9?9?9?9?9*9*_?9*9*9?9?9,23.6,23.6,100,101332,9999,9999,390,6,0,6,999900,999900,999900,99990,360,0.5,3,3,999.0,999,9,'999999999,0,0.0000,0,88,999.000,0.0,1.0
2056/1/24,08:00,?9?9?9?9E0?9?9?9?9*9?9*9?9?9?9?9?9?9*9*_?9*9*9?9?9,23.8,23.3,97,101432,9999,9999,394,130,237,83,999900,999900,999900,99990,360,0.7,4,4,999.0,999,9,'999999999,0,0.0000,0,88,999.000,0.0,1.0
2056/1/24,09:00,?9?9?9?9E0?9?9?9?9*9?9*9?9?9?9?9?9?9*9*_?9*9*9?9?9,25.4,20.2,73,101432,9999,9999,402,339,463,146,999900,999900,999900,99990,340,0.8,5,5,999.0,999,9,'999999999,0,0.0000,0,88,999.000,0.0,1.0
2056/1/24,10:00,?9?9?9?9E0?9?9?9?9*9?9*9?9?9?9?9?9?9*9*_?9*9*9?9?9,28.8,19.4,57,101532,9999,9999,419,543,608,177,999900,999900,999900,99990,340,1.8,5,5,999.0,999,9,'999999999,0,0.0000,0,88,999.000,0.0,1.0
2056/1/24,11:00,?9?9?9?9E0?9?9?9?9*9?9*9?9?9?9?9?9?9*9*_?9*9*9?9?9,29.8,19.2,53,101432,9999,9999,424,710,699,194,999900,999900,999900,99990,340,1.5,5,5,999.0,999,9,'999999999,0,0.0000,0,88,999.000,0.0,1.0
2056/1/24,12:00,?9?9?9?9E0?9?9?9?9*9?9*9?9?9?9?9?9?9*9*_?9*9*9?9?9,30.7,18.4,48,101332,9999,9999,429,825,767,195,999900,999900,999900,99990,340,1.6,5,5,999.0,999,9,'999999999,0,0.0000,0,88,999.000,0.0,1.0
2056/1/24,13:00,?9?9?9?9E0?9?9?9?9*9?9*9?9?9?9?9?9?9*9*_?9*9*9?9?9,31.0,18.0,46,101332,9999,9999,430,871,812,186,999900,999900,999900,99990,340,2.0,5,5,999.0,999,9,'999999999,0,0.0000,0,88,999.000,0.0,1.0
2056/1/24,14:00,?9?9?9?9E0?9?9?9?9*9?9*9?9?9?9?9?9?9*9*_?9*9*9?9?9,30.9,18.6,48,101232,9999,9999,430,804,766,189,999900,999900,999900,99990,340,2.1,5,5,999.0,999,9,'999999999,0,0.0000,0,88,999.000,0.0,1.0
2056/1/24,15:00,?9?9?9?9E0?9?9?9?9*9?9*9?9?9?9?9?9?9*9*_?9*9*9?9?9,30.5,18.6,49,101232,9999,9999,428,672,702,179,999900,999900,999900,99990,20,1.7,5,5,999.0,999,9,'999999999,0,0.0000,0,88,999.000,0.0,1.0
2056/1/24,16:00,?9?9?9?9E0?9?9?9?9*9?9*9?9?9?9?9?9?9*9*_?9*9*9?9?9,30.1,18.5,50,101232,9999,9999,422,519,687,143,999900,999900,999900,99990,20,1.8,4,4,999.0,999,9,'999999999,0,0.0000,0,88,999.000,0.0,1.0
2056/1/24,17:00,?9?9?9?9E0?9?9?9?9*9?9*9?9?9?9?9?9?9*9*_?9*9*9?9?9,29.0,19.1,55,101232,9999,9999,417,298,523,114,999900,999900,999900,99990,20,2.2,4,4,999.0,999,9,'999999999,0,0.0000,0,88,999.000,0.0,1.0
2056/1/24,18:00,?9?9?9?9E0?9?9?9?9*9?9*9?9?9?9?9?9?9*9*_?9*9*9?9?9,28.3,20.3,62,101232,9999,9999,414,87,295,50,999900,999900,999900,99990,20,1.5,4,4,999.0,999,9,'999999999,0,0.0000,0,88,999.000,0.0,1.0
2056/1/24,19:00,?9?9?9?9E0?9?9?9?9*9?9*9?9?9?9?9?9?9*9*_?9*9*9?9?9,27.8,22.1,71,101332,9999,9999,411,0,0,0,999900,999900,999900,99990,20,1.3,3,3,999.0,999,9,'999999999,0,0.0000,0,88,999.000,0.0,1.0
2056/1/24,20:00,?9?9?9?9E0?9?9?9?9*9?9*9?9?9?9?9?9?9*9*_?9*9*9?9?9,27.4,22.4,74,101332,9999,9999,409,0,0,0,999900,999900,999900,99990,20,1.0,3,3,999.0,999,9,'999999999,0,0.0000,0,88,999.000,0.0,1.0
2056/1/24,21:00,?9?9?9?9E0?9?9?9?9*9?9*9?9?9?9?9?9?9*9*_?9*9*9?9?9,27.4,21.5,70,101332,9999,9999,408,0,0,0,999900,999900,999900,99990,90,1.6,3,3,999.0,999,9,'999999999,0,0.0000,0,88,999.000,0.0,1.0
2056/1/24,22:00,?9?9?9?9E0?9?9?9?9*9?9*9?9?9?9?9?9?9*9*_?9*9*9?9?9,27.3,21.6,71,101332,9999,9999,407,0,0,0,999900,999900,999900,99990,90,1.3,3,3,999.0,999,9,'999999999,0,0.0000,0,88,999.000,0.0,1.0
2056/1/24,23:00,?9?9?9?9E0?9?9?9?9*9?9*9?9?9?9?9?9?9*9*_?9*9*9?9?9,27.1,21.6,72,101432,9999,9999,410,0,0,0,999900,999900,999900,99990,90,0.9,4,4,999.0,999,9,'999999999,0,0.0000,0,88,999.000,0.0,1.0
2056/1/24,24:00,?9?9?9?9E0?9?9?9?9*9?9*9?9?9?9?9?9?9*9*_?9*9*9?9?9,26.2,23.1,83,101432,9999,9999,406,0,0,0,999900,999900,999900,99990,90,0.5,4,4,999.0,999,9,'999999999,0,0.0000,0,88,999.000,0.0,1.0
2056/1/25,01:00,?9?9?9?9E0?9?9?9?9*9?9*9?9?9?9?9?9?9*9*_?9*9*9?9?9,25.2,23.3,89,101432,9999,9999,401,0,0,0,999900,999900,999900,99990,90,0.4,4,4,999.0,999,9,'999999999,0,0.0000,0,88,999.000,0.0,1.0
2056/1/25,02:00,?9?9?9?9E0?9?9?9?9*9?9*9?9?9?9?9?9?9*9*_?9*9*9?9?9,24.6,23.2,92,101332,9999,9999,398,0,0,0,999900,999900,999900,99990,90,0.5,4,4,999.0,999,9,'999999999,0,0.0000,0,88,999.000,0.0,1.0
2056/1/25,03:00,?9?9?9?9E0?9?9?9?9*9?9*9?9?9?9?9?9?9*9*_?9*9*9?9?9,24.2,23.2,94,101332,9999,9999,396,0,0,0,999900,999900,999900,99990,90,0.5,4,4,999.0,999,9,'999999999,0,0.0000,0,88,999.000,0.0,1.0
2056/1/25,04:00,?9?9?9?9E0?9?9?9?9*9?9*9?9?9?9?9?9?9*9*_?9*9*9?9?9,23.9,22.9,94,101232,9999,9999,394,0,0,0,999900,999900,999900,99990,90,0.4,4,4,999.0,999,9,'999999999,0,0.0000,0,88,999.000,0.0,1.0
2056/1/25,05:00,?9?9?9?9E0?9?9?9?9*9?9*9?9?9?9?9?9?9*9*_?9*9*9?9?9,23.4,22.6,95,101332,9999,9999,391,0,0,0,999900,999900,999900,99990,90,0.4,4,4,999.0,999,9,'999999999,0,0.0000,0,88,999.000,0.0,1.0
2056/1/25,06:00,?9?9?9?9E0?9?9?9?9*9?9*9?9?9?9?9?9?9*9*_?9*9*9?9?9,23.4,22.6,95,101332,9999,9999,391,0,0,0,999900,999900,999900,99990,90,0.5,4,4,999.0,999,9,'999999999,0,0.0000,0,88,999.000,0.0,1.0
2056/1/25,07:00,?9?9?9?9E0?9?9?9?9*9?9*9?9?9?9?9?9?9*9*_?9*9*9?9?9,23.4,22.6,95,101432,9999,9999,394,6,0,6,999900,999900,999900,99990,90,0.5,5,5,999.0,999,9,'999999999,0,0.0000,0,88,999.000,0.0,1.0
2056/1/25,08:00,?9?9?9?9E0?9?9?9?9*9?9*9?9?9?9?9?9?9*9*_?9*9*9?9?9,24.2,22.8,92,101432,9999,9999,398,124,196,85,999900,999900,999900,99990,90,0.4,5,5,999.0,999,9,'999999999,0,0.0000,0,88,999.000,0.0,1.0
2056/1/25,09:00,?9?9?9?9E0?9?9?9?9*9?9*9?9?9?9?9?9?9*9*_?9*9*9?9?9,26.9,22.5,77,101532,9999,9999,413,329,404,160,999900,999900,999900,99990,50,0.7,5,5,999.0,999,9,'999999999,0,0.0000,0,88,999.000,0.0,1.0
2056/1/25,10:00,?9?9?9?9E0?9?9?9?9*9?9*9?9?9?9?9?9?9*9*_?9*9*9?9?9,29.0,19.6,57,101532,9999,9999,424,504,475,218,999900,999900,999900,99990,50,0.4,6,6,999.0,999,9,'999999999,0,0.0000,0,88,999.000,0.0,1.0
2056/1/25,11:00,?9?9?9?9E0?9?9?9?9*9?9*9?9?9?9?9?9?9*9*_?9*9*9?9?9,30.0,19.4,53,101532,9999,9999,435,618,464,274,999900,999900,999900,99990,50,1.2,7,7,999.0,999,9,'999999999,0,0.0000,0,88,999.000,0.0,1.0
2056/1/25,12:00,?9?9?9?9E0?9?9?9?9*9?9*9?9?9?9?9?9?9*9*_?9*9*9?9?9,30.3,19.0,51,101432,9999,9999,436,722,522,292,999900,999900,999900,99990,90,1.1,7,7,999.0,999,9,'999999999,0,0.0000,0,88,999.000,0.0,1.0
2056/1/25,13:00,?9?9?9?9E0?9?9?9?9*9?9*9?9?9?9?9?9?9*9*_?9*9*9?9?9,31.0,18.4,47,101432,9999,9999,439,760,569,279,999900,999900,999900,99990,90,1.0,7,7,999.0,999,9,'999999999,0,0.0000,0,88,999.000,0.0,1.0
2056/1/25,14:00,?9?9?9?9E0?9?9?9?9*9?9*9?9?9?9?9?9?9*9*_?9*9*9?9?9,30.8,18.2,47,101332,9999,9999,429,808,753,202,999900,999900,999900,99990,90,1.3,5,5,999.0,999,9,'999999999,0,0.0000,0,88,999.000,0.0,1.0
2056/1/25,15:00,?9?9?9?9E0?9?9?9?9*9?9*9?9?9?9?9?9?9*9*_?9*9*9?9?9,30.5,18.3,48,101232,9999,9999,421,727,814,153,999900,999900,999900,99990,50,1.1,3,3,999.0,999,9,'999999999,0,0.0000,0,88,999.000,0.0,1.0
2056/1/25,16:00,?9?9?9?9E0?9?9?9?9*9?9*9?9?9?9?9?9?9*9*_?9*9*9?9?9,30.3,19.0,51,101132,9999,9999,421,535,720,138,999900,999900,999900,99990,50,1.3,3,3,999.0,999,9,'999999999,0,0.0000,0,88,999.000,0.0,1.0
2056/1/25,17:00,?9?9?9?9E0?9?9?9?9*9?9*9?9?9?9?9?9?9*9*_?9*9*9?9?9,29.4,19.4,55,101132,9999,9999,419,297,498,120,999900,999900,999900,99990,50,1.0,4,4,999.0,999,9,'999999999,0,0.0000,0,88,999.000,0.0,1.0
2056/1/25,18:00,?9?9?9?9E0?9?9?9?9*9?9*9?9?9?9?9?9?9*9*_?9*9*9?9?9,28.2,20.2,62,101132,9999,9999,414,89,288,52,999900,999900,999900,99990,50,0.9,4,4,999.0,999,9,'999999999,0,0.0000,0,88,999.000,0.0,1.0
2056/1/25,19:00,?9?9?9?9E0?9?9?9?9*9?9*9?9?9?9?9?9?9*9*_?9*9*9?9?9,27.3,22.0,73,101132,9999,9999,411,0,0,0,999900,999900,999900,99990,50,0.7,4,4,999.0,999,9,'999999999,0,0.0000,0,88,999.000,0.0,1.0
2056/1/25,20:00,?9?9?9?9E0?9?9?9?9*9?9*9?9?9?9?9?9?9*9*_?9*9*9?9?9,26.8,23.1,80,101232,9999,9999,410,0,0,0,999900,999900,999900,99990,50,0.6,4,4,999.0,999,9,'999999999,0,0.0000,0,88,999.000,0.0,1.0
2056/1/25,21:00,?9?9?9?9E0?9?9?9?9*9?9*9?9?9?9?9?9?9*9*_?9*9*9?9?9,26.3,23.4,84,101332,9999,9999,407,0,0,0,999900,999900,999900,99990,340,0.7,4,4,999.0,999,9,'999999999,0,0.0000,0,88,999.000,0.0,1.0
2056/1/25,22:00,?9?9?9?9E0?9?9?9?9*9?9*9?9?9?9?9?9?9*9*_?9*9*9?9?9,25.9,23.6,87,101332,9999,9999,405,0,0,0,999900,999900,999900,99990,340,0.5,4,4,999.0,999,9,'999999999,0,0.0000,0,88,999.000,0.0,1.0
2056/1/25,23:00,?9?9?9?9E0?9?9?9?9*9?9*9?9?9?9?9?9?9*9*_?9*9*9?9?9,25.4,23.8,91,101332,9999,9999,403,0,0,0,999900,999900,999900,99990,340,0.5,4,4,999.0,999,9,'999999999,0,0.0000,0,88,999.000,0.0,1.0
2056/1/25,24:00,?9?9?9?9E0?9?9?9?9*9?9*9?9?9?9?9?9?9*9*_?9*9*9?9?9,25.0,23.8,93,101332,9999,9999,401,0,0,0,999900,999900,999900,99990,340,0.5,4,4,999.0,999,9,'999999999,0,0.0000,0,88,999.000,0.0,1.0
2056/1/26,01:00,?9?9?9?9E0?9?9?9?9*9?9*9?9?9?9?9?9?9*9*_?9*9*9?9?9,24.4,23.6,95,101232,9999,9999,394,0,0,0,999900,999900,999900,99990,340,0.6,3,3,999.0,999,9,'999999999,0,0.0000,0,88,999.000,0.0,1.0
2056/1/26,02:00,?9?9?9?9E0?9?9?9?9*9?9*9?9?9?9?9?9?9*9*_?9*9*9?9?9,24.3,24.0,98,101232,9999,9999,394,0,0,0,999900,999900,999900,99990,340,0.6,3,3,999.0,999,9,'999999999,0,0.0000,0,88,999.000,0.0,1.0
2056/1/26,03:00,?9?9?9?9E0?9?9?9?9*9?9*9?9?9?9?9?9?9*9*_?9*9*9?9?9,23.9,23.4,97,101132,9999,9999,391,0,0,0,999900,999900,999900,99990,320,0.5,3,3,999.0,999,9,'999999999,0,0.0000,0,88,999.000,0.0,1.0
2056/1/26,04:00,?9?9?9?9E0?9?9?9?9*9?9*9?9?9?9?9?9?9*9*_?9*9*9?9?9,23.6,23.1,97,101132,9999,9999,389,0,0,0,999900,999900,999900,99990,320,0.5,3,3,999.0,999,9,'999999999,0,0.0000,0,88,999.000,0.0,1.0
2056/1/26,05:00,?9?9?9?9E0?9?9?9?9*9?9*9?9?9?9?9?9?9*9*_?9*9*9?9?9,23.6,23.1,97,101132,9999,9999,389,0,0,0,999900,999900,999900,99990,320,0.7,3,3,999.0,999,9,'999999999,0,0.0000,0,88,999.000,0.0,1.0
2056/1/26,06:00,?9?9?9?9E0?9?9?9?9*9?9*9?9?9?9?9?9?9*9*_?9*9*9?9?9,23.4,23.1,98,101132,9999,9999,388,0,0,0,999900,999900,999900,99990,290,0.7,3,3,999.0,999,9,'999999999,0,0.0000,0,88,999.000,0.0,1.0
2056/1/26,07:00,?9?9?9?9E0?9?9?9?9*9?9*9?9?9?9?9?9?9*9*_?9*9*9?9?9,23.4,23.1,98,101132,9999,9999,388,6,0,6,999900,999900,999900,99990,290,0.5,3,3,999.0,999,9,'999999999,0,0.0000,0,88,999.000,0.0,1.0
2056/1/26,08:00,?9?9?9?9E0?9?9?9?9*9?9*9?9?9?9?9?9?9*9*_?9*9*9?9?9,24.3,23.8,97,101232,9999,9999,390,140,312,78,999900,999900,999900,99990,290,0.3,2,2,999.0,999,9,'999999999,0,0.0000,0,88,999.000,0.0,1.0
2056/1/26,09:00,?9?9?9?9E0?9?9?9?9*9?9*9?9?9?9?9?9?9*9*_?9*9*9?9?9,26.2,23.1,83,101332,9999,9999,394,364,576,123,999900,999900,999900,99990,270,0.3,1,1,999.0,999,9,'999999999,0,0.0000,0,88,999.000,0.0,1.0
2056/1/26,10:00,?9?9?9?9E0?9?9?9?9*9?9*9?9?9?9?9?9?9*9*_?9*9*9?9?9,27.6,22.6,74,101332,9999,9999,401,568,698,147,999900,999900,999900,99990,270,0.1,1,1,999.0,999,9,'999999999,0,0.0000,0,88,999.000,0.0,1.0
2056/1/26,11:00,?9?9?9?9E0?9?9?9?9*9?9*9?9?9?9?9?9?9*9*_?9*9*9?9?9,29.2,20.9,61,101332,9999,9999,413,765,835,145,999900,999900,999900,99990,270,0.9,2,2,999.0,999,9,'999999999,0,0.0000,0,88,999.000,0.0,1.0
2056/1/26,12:00,?9?9?9?9E0?9?9?9?9*9?9*9?9?9?9?9?9?9*9*_?9*9*9?9?9,30.8,19.2,50,101332,9999,9999,424,885,901,141,999900,999900,999900,99990,20,0.6,3,3,999.0,999,9,'999999999,0,0.0000,0,88,999.000,0.0,1.0
2056/1/26,13:00,?9?9?9?9E0?9?9?9?9*9?9*9?9?9?9?9?9?9*9*_?9*9*9?9?9,31.5,14.6,36,101232,9999,9999,421,958,988,120,999900,999900,999900,99990,20,1.0,3,3,999.0,999,9,'999999999,0,0.0000,0,88,999.000,0.0,1.0
2056/1/26,14:00,?9?9?9?9E0?9?9?9?9*9?9*9?9?9?9?9?9?9*9*_?9*9*9?9?9,31.7,16.1,39,101132,9999,9999,420,904,976,116,999900,999900,999900,99990,20,1.5,2,2,999.0,999,9,'999999999,0,0.0000,0,88,999.000,0.0,1.0
2056/1/26,15:00,?9?9?9?9E0?9?9?9?9*9?9*9?9?9?9?9?9?9*9*_?9*9*9?9?9,31.1,18.8,48,101032,9999,9999,415,749,889,121,999900,999900,999900,99990,110,1.1,1,1,999.0,999,9,'999999999,0,0.0000,0,88,999.000,0.0,1.0
2056/1/26,16:00,?9?9?9?9E0?9?9?9?9*9?9*9?9?9?9?9?9?9*9*_?9*9*9?9?9,30.2,21.0,58,101032,9999,9999,413,540,759,120,999900,999900,999900,99990,110,1.3,1,1,999.0,999,9,'999999999,0,0.0000,0,88,999.000,0.0,1.0
2056/1/26,17:00,?9?9?9?9E0?9?9?9?9*9?9*9?9?9?9?9?9?9*9*_?9*9*9?9?9,29.2,22.2,66,101032,9999,9999,409,308,570,104,999900,999900,999900,99990,110,1.0,1,1,999.0,999,9,'999999999,0,0.0000,0,88,999.000,0.0,1.0
2056/1/26,18:00,?9?9?9?9E0?9?9?9?9*9?9*9?9?9?9?9?9?9*9*_?9*9*9?9?9,28.0,23.2,75,101032,9999,9999,404,93,345,48,999900,999900,999900,99990,50,0.9,1,1,999.0,999,9,'999999999,0,0.0000,0,88,999.000,0.0,1.0
2056/1/26,19:00,?9?9?9?9E0?9?9?9?9*9?9*9?9?9?9?9?9?9*9*_?9*9*9?9?9,27.2,23.5,80,101132,9999,9999,400,0,0,0,999900,999900,999900,99990,50,0.7,1,1,999.0,999,9,'999999999,0,0.0000,0,88,999.000,0.0,1.0
2056/1/26,20:00,?9?9?9?9E0?9?9?9?9*9?9*9?9?9?9?9?9?9*9*_?9*9*9?9?9,26.7,23.8,84,101132,9999,9999,407,0,0,0,999900,999900,999900,99990,50,0.6,3,3,999.0,999,9,'999999999,0,0.0000,0,88,999.000,0.0,1.0
2056/1/26,21:00,?9?9?9?9E0?9?9?9?9*9?9*9?9?9?9?9?9?9*9*_?9*9*9?9?9,26.2,24.3,89,101232,9999,9999,411,0,0,0,999900,999900,999900,99990,50,0.7,5,5,999.0,999,9,'999999999,0,0.0000,0,88,999.000,0.0,1.0
2056/1/26,22:00,?9?9?9?9E0?9?9?9?9*9?9*9?9?9?9?9?9?9*9*_?9*9*9?9?9,25.7,24.1,91,101232,9999,9999,408,0,0,0,999900,999900,999900,99990,50,0.6,5,5,999.0,999,9,'999999999,0,0.0000,0,88,999.000,0.0,1.0
2056/1/26,23:00,?9?9?9?9E0?9?9?9?9*9?9*9?9?9?9?9?9?9*9*_?9*9*9?9?9,25.2,24.0,93,101232,9999,9999,405,0,0,0,999900,999900,999900,99990,50,0.5,5,5,999.0,999,9,'999999999,0,0.0000,0,88,999.000,0.0,1.0
2056/1/26,24:00,?9?9?9?9E0?9?9?9?9*9?9*9?9?9?9?9?9?9*9*_?9*9*9?9?9,24.5,24.0,97,101232,9999,9999,401,0,0,0,999900,999900,999900,99990,50,0.5,5,5,999.0,999,9,'999999999,0,0.0000,0,88,999.000,0.0,1.0
2056/1/27,01:00,?9?9?9?9E0?9?9?9?9*9?9*9?9?9?9?9?9?9*9*_?9*9*9?9?9,24.2,23.7,97,101232,9999,9999,399,0,0,0,999900,999900,999900,99990,50,0.5,5,5,999.0,999,9,'999999999,0,0.0000,0,88,999.000,0.0,1.0
2056/1/27,02:00,?9?9?9?9E0?9?9?9?9*9?9*9?9?9?9?9?9?9*9*_?9*9*9?9?9,23.8,23.3,97,101232,9999,9999,397,0,0,0,999900,999900,999900,99990,50,0.5,5,5,999.0,999,9,'999999999,0,0.0000,0,88,999.000,0.0,1.0
2056/1/27,03:00,?9?9?9?9E0?9?9?9?9*9?9*9?9?9?9?9?9?9*9*_?9*9*9?9?9,23.5,23.3,99,101232,9999,9999,395,0,0,0,999900,999900,999900,99990,50,0.6,5,5,999.0,999,9,'999999999,0,0.0000,0,88,999.000,0.0,1.0
2056/1/27,04:00,?9?9?9?9E0?9?9?9?9*9?9*9?9?9?9?9?9?9*9*_?9*9*9?9?9,23.5,23.3,99,101232,9999,9999,395,0,0,0,999900,999900,999900,99990,50,0.5,5,5,999.0,999,9,'999999999,0,0.0000,0,88,999.000,0.0,1.0
2056/1/27,05:00,?9?9?9?9E0?9?9?9?9*9?9*9?9?9?9?9?9?9*9*_?9*9*9?9?9,23.4,23.2,99,101232,9999,9999,395,0,0,0,999900,999900,999900,99990,50,1.0,5,5,999.0,999,9,'999999999,0,0.0000,0,88,999.000,0.0,1.0
2056/1/27,06:00,?9?9?9?9E0?9?9?9?9*9?9*9?9?9?9?9?9?9*9*_?9*9*9?9?9,23.0,22.8,99,101232,9999,9999,392,0,0,0,999900,999900,999900,99990,50,0.5,5,5,999.0,999,9,'999999999,0,0.0000,0,88,999.000,0.0,1.0
2056/1/27,07:00,?9?9?9?9E0?9?9?9?9*9?9*9?9?9?9?9?9?9*9*_?9*9*9?9?9,22.9,22.7,99,101332,9999,9999,391,6,0,6,999900,999900,999900,99990,50,0.6,5,5,999.0,999,9,'999999999,0,0.0000,0,88,999.000,0.0,1.0
2056/1/27,08:00,?9?9?9?9E0?9?9?9?9*9?9*9?9?9?9?9?9?9*9*_?9*9*9?9?9,23.6,23.3,98,101332,9999,9999,396,122,185,85,999900,999900,999900,99990,50,0.5,5,5,999.0,999,9,'999999999,0,0.0000,0,88,999.000,0.0,1.0
2056/1/27,09:00,?9?9?9?9E0?9?9?9?9*9?9*9?9?9?9?9?9?9*9*_?9*9*9?9?9,26.4,23.7,85,101432,9999,9999,411,317,367,163,999900,999900,999900,99990,340,0.5,5,5,999.0,999,9,'999999999,0,0.0000,0,88,999.000,0.0,1.0
2056/1/27,10:00,?9?9?9?9E0?9?9?9?9*9?9*9?9?9?9?9?9?9*9*_?9*9*9?9?9,29.0,17.9,51,101532,9999,9999,418,554,616,181,999900,999900,999900,99990,340,0.8,5,5,999.0,999,9,'999999999,0,0.0000,0,88,999.000,0.0,1.0
2056/1/27,11:00,?9?9?9?9E0?9?9?9?9*9?9*9?9?9?9?9?9?9*9*_?9*9*9?9?9,30.4,17.2,45,101532,9999,9999,425,732,730,189,999900,999900,999900,99990,340,1.1,5,5,999.0,999,9,'999999999,0,0.0000,0,88,999.000,0.0,1.0
2056/1/27,12:00,?9?9?9?9E0?9?9?9?9*9?9*9?9?9?9?9?9?9*9*_?9*9*9?9?9,30.5,17.6,46,101532,9999,9999,426,840,774,199,999900,999900,999900,99990,90,0.7,5,5,999.0,999,9,'999999999,0,0.0000,0,88,999.000,0.0,1.0
2056/1/27,13:00,?9?9?9?9E0?9?9?9?9*9?9*9?9?9?9?9?9?9*9*_?9*9*9?9?9,30.8,17.2,44,101432,9999,9999,431,834,716,225,999900,999900,999900,99990,90,1.1,6,6,999.0,999,9,'999999999,0,0.0000,0,88,999.000,0.0,1.0
2056/1/27,14:00,?9?9?9?9E0?9?9?9?9*9?9*9?9?9?9?9?9?9*9*_?9*9*9?9?9,31.0,17.7,45,101332,9999,9999,433,772,669,230,999900,999900,999900,99990,90,1.0,6,6,999.0,999,9,'999999999,0,0.0000,0,88,999.000,0.0,1.0
2056/1/27,15:00,?9?9?9?9E0?9?9?9?9*9?9*9?9?9?9?9?9?9*9*_?9*9*9?9?9,31.0,17.0,43,101232,9999,9999,432,650,611,216,999900,999900,999900,99990,90,1.2,6,6,999.0,999,9,'999999999,0,0.0000,0,88,999.000,0.0,1.0
2056/1/27,16:00,?9?9?9?9E0?9?9?9?9*9?9*9?9?9?9?9?9?9*9*_?9*9*9?9?9,30.1,19.2,52,101132,9999,9999,430,464,485,194,999900,999900,999900,99990,90,1.3,6,6,999.0,999,9,'999999999,0,0.0000,0,88,999.000,0.0,1.0
2056/1/27,17:00,?9?9?9?9E0?9?9?9?9*9?9*9?9?9?9?9?9?9*9*_?9*9*9?9?9,29.0,19.4,56,101132,9999,9999,424,265,337,144,999900,999900,999900,99990,90,1.3,6,6,999.0,999,9,'999999999,0,0.0000,0,88,999.000,0.0,1.0
2056/1/27,18:00,?9?9?9?9E0?9?9?9?9*9?9*9?9?9?9?9?9?9*9*_?9*9*9?9?9,28.0,20.6,64,101132,9999,9999,420,79,180,55,999900,999900,999900,99990,70,1.0,6,6,999.0,999,9,'999999999,0,0.0000,0,88,999.000,0.0,1.0
2056/1/27,19:00,?9?9?9?9E0?9?9?9?9*9?9*9?9?9?9?9?9?9*9*_?9*9*9?9?9,27.4,21.0,68,101232,9999,9999,413,0,0,0,999900,999900,999900,99990,70,0.7,5,5,999.0,999,9,'999999999,0,0.0000,0,88,999.000,0.0,1.0
2056/1/27,20:00,?9?9?9?9E0?9?9?9?9*9?9*9?9?9?9?9?9?9*9*_?9*9*9?9?9,26.7,21.2,72,101232,9999,9999,410,0,0,0,999900,999900,999900,99990,70,1.2,5,5,999.0,999,9,'999999999,0,0.0000,0,88,999.000,0.0,1.0
2056/1/27,21:00,?9?9?9?9E0?9?9?9?9*9?9*9?9?9?9?9?9?9*9*_?9*9*9?9?9,26.5,21.5,74,101332,9999,9999,406,0,0,0,999900,999900,999900,99990,70,0.6,4,4,999.0,999,9,'999999999,0,0.0000,0,88,999.000,0.0,1.0
2056/1/27,22:00,?9?9?9?9E0?9?9?9?9*9?9*9?9?9?9?9?9?9*9*_?9*9*9?9?9,25.4,22.7,85,101432,9999,9999,402,0,0,0,999900,999900,999900,99990,70,0.4,4,4,999.0,999,9,'999999999,0,0.0000,0,88,999.000,0.0,1.0
2056/1/27,23:00,?9?9?9?9E0?9?9?9?9*9?9*9?9?9?9?9?9?9*9*_?9*9*9?9?9,25.0,23.3,90,101432,9999,9999,400,0,0,0,999900,999900,999900,99990,70,0.3,4,4,999.0,999,9,'999999999,0,0.0000,0,88,999.000,0.0,1.0
2056/1/27,24:00,?9?9?9?9E0?9?9?9?9*9?9*9?9?9?9?9?9?9*9*_?9*9*9?9?9,24.6,23.4,93,101432,9999,9999,398,0,0,0,999900,999900,999900,99990,320,0.4,4,4,999.0,999,9,'999999999,0,0.0000,0,88,999.000,0.0,1.0
2056/1/28,01:00,?9?9?9?9E0?9?9?9?9*9?9*9?9?9?9?9?9?9*9*_?9*9*9?9?9,24.1,23.3,95,101432,9999,9999,398,0,0,0,999900,999900,999900,99990,320,0.5,5,5,999.0,999,9,'999999999,0,0.0000,0,88,999.000,0.0,1.0
2056/1/28,02:00,?9?9?9?9E0?9?9?9?9*9?9*9?9?9?9?9?9?9*9*_?9*9*9?9?9,23.8,23.1,96,101332,9999,9999,397,0,0,0,999900,999900,999900,99990,320,0.5,5,5,999.0,999,9,'999999999,0,0.0000,0,88,999.000,0.0,1.0
2056/1/28,03:00,?9?9?9?9E0?9?9?9?9*9?9*9?9?9?9?9?9?9*9*_?9*9*9?9?9,23.6,23.3,98,101332,9999,9999,396,0,0,0,999900,999900,999900,99990,320,0.4,5,5,999.0,999,9,'999999999,0,0.0000,0,88,999.000,0.0,1.0
2056/1/28,04:00,?9?9?9?9E0?9?9?9?9*9?9*9?9?9?9?9?9?9*9*_?9*9*9?9?9,23.6,22.9,96,101232,9999,9999,399,0,0,0,999900,999900,999900,99990,320,0.4,6,6,999.0,999,9,'999999999,0,0.0000,0,88,999.000,0.0,1.0
2056/1/28,05:00,?9?9?9?9E0?9?9?9?9*9?9*9?9?9?9?9?9?9*9*_?9*9*9?9?9,23.3,23.0,98,101232,9999,9999,402,0,0,0,999900,999900,999900,99990,320,0.0,7,7,999.0,999,9,'999999999,0,0.0000,0,88,999.000,0.0,1.0
2056/1/28,06:00,?9?9?9?9E0?9?9?9?9*9?9*9?9?9?9?9?9?9*9*_?9*9*9?9?9,23.0,22.8,99,101232,9999,9999,400,0,0,0,999900,999900,999900,99990,270,0.5,7,7,999.0,999,9,'999999999,0,0.0000,0,88,999.000,0.0,1.0
2056/1/28,07:00,?9?9?9?9E0?9?9?9?9*9?9*9?9?9?9?9?9?9*9*_?9*9*9?9?9,22.7,22.5,99,101232,9999,9999,398,6,0,6,999900,999900,999900,99990,270,0.5,7,7,999.0,999,9,'999999999,0,0.0000,0,88,999.000,0.0,1.0
2056/1/28,08:00,?9?9?9?9E0?9?9?9?9*9?9*9?9?9?9?9?9?9*9*_?9*9*9?9?9,23.6,22.8,95,101332,9999,9999,399,113,153,82,999900,999900,999900,99990,270,0.4,6,6,999.0,999,9,'999999999,0,0.0000,0,88,999.000,0.0,1.0
2056/1/28,09:00,?9?9?9?9E0?9?9?9?9*9?9*9?9?9?9?9?9?9*9*_?9*9*9?9?9,26.6,22.5,78,101432,9999,9999,411,329,415,155,999900,999900,999900,99990,320,0.5,5,5,999.0,999,9,'999999999,0,0.0000,0,88,999.000,0.0,1.0
2056/1/28,10:00,?9?9?9?9E0?9?9?9?9*9?9*9?9?9?9?9?9?9*9*_?9*9*9?9?9,27.9,20.5,64,101532,9999,9999,412,556,636,171,999900,999900,999900,99990,320,0.8,4,4,999.0,999,9,'999999999,0,0.0000,0,88,999.000,0.0,1.0
2056/1/28,11:00,?9?9?9?9E0?9?9?9?9*9?9*9?9?9?9?9?9?9*9*_?9*9*9?9?9,29.5,18.9,53,101432,9999,9999,419,747,774,170,999900,999900,999900,99990,320,0.8,4,4,999.0,999,9,'999999999,0,0.0000,0,88,999.000,0.0,1.0
2056/1/28,12:00,?9?9?9?9E0?9?9?9?9*9?9*9?9?9?9?9?9?9*9*_?9*9*9?9?9,30.4,19.5,52,101432,9999,9999,425,865,838,170,999900,999900,999900,99990,90,1.4,4,4,999.0,999,9,'999999999,0,0.0000,0,88,999.000,0.0,1.0
2056/1/28,13:00,?9?9?9?9E0?9?9?9?9*9?9*9?9?9?9?9?9?9*9*_?9*9*9?9?9,30.9,18.6,48,101432,9999,9999,427,904,865,166,999900,999900,999900,99990,90,1.3,4,4,999.0,999,9,'999999999,0,0.0000,0,88,999.000,0.0,1.0
2056/1/28,14:00,?9?9?9?9E0?9?9?9?9*9?9*9?9?9?9?9?9?9*9*_?9*9*9?9?9,30.5,18.9,50,101332,9999,9999,425,842,830,167,999900,999900,999900,99990,90,1.5,4,4,999.0,999,9,'999999999,0,0.0000,0,88,999.000,0.0,1.0
2056/1/28,15:00,?9?9?9?9E0?9?9?9?9*9?9*9?9?9?9?9?9?9*9*_?9*9*9?9?9,30.4,19.1,51,101332,9999,9999,425,707,766,162,999900,999900,999900,99990,90,1.4,4,4,999.0,999,9,'999999999,0,0.0000,0,88,999.000,0.0,1.0
2056/1/28,16:00,?9?9?9?9E0?9?9?9?9*9?9*9?9?9?9?9?9?9*9*_?9*9*9?9?9,30.0,18.5,50,101232,9999,9999,421,529,694,141,999900,999900,999900,99990,90,1.5,4,4,999.0,999,9,'999999999,0,0.0000,0,88,999.000,0.0,1.0
2056/1/28,17:00,?9?9?9?9E0?9?9?9?9*9?9*9?9?9?9?9?9?9*9*_?9*9*9?9?9,29.4,19.1,54,101232,9999,9999,419,305,525,115,999900,999900,999900,99990,90,1.5,4,4,999.0,999,9,'999999999,0,0.0000,0,88,999.000,0.0,1.0
2056/1/28,18:00,?9?9?9?9E0?9?9?9?9*9?9*9?9?9?9?9?9?9*9*_?9*9*9?9?9,28.0,19.5,60,101132,9999,9999,412,96,331,51,999900,999900,999900,99990,90,1.2,4,4,999.0,999,9,'999999999,0,0.0000,0,88,999.000,0.0,1.0
2056/1/28,19:00,?9?9?9?9E0?9?9?9?9*9?9*9?9?9?9?9?9?9*9*_?9*9*9?9?9,27.0,20.6,68,101132,9999,9999,404,0,0,0,999900,999900,999900,99990,90,0.8,3,3,999.0,999,9,'999999999,0,0.0000,0,88,999.000,0.0,1.0
2056/1/28,20:00,?9?9?9?9E0?9?9?9?9*9?9*9?9?9?9?9?9?9*9*_?9*9*9?9?9,26.8,21.3,72,101232,9999,9999,404,0,0,0,999900,999900,999900,99990,90,0.7,3,3,999.0,999,9,'999999999,0,0.0000,0,88,999.000,0.0,1.0
2056/1/28,21:00,?9?9?9?9E0?9?9?9?9*9?9*9?9?9?9?9?9?9*9*_?9*9*9?9?9,26.5,20.8,71,101232,9999,9999,402,0,0,0,999900,999900,999900,99990,110,0.7,3,3,999.0,999,9,'999999999,0,0.0000,0,88,999.000,0.0,1.0
2056/1/28,22:00,?9?9?9?9E0?9?9?9?9*9?9*9?9?9?9?9?9?9*9*_?9*9*9?9?9,25.8,21.7,78,101332,9999,9999,395,0,0,0,999900,999900,999900,99990,110,0.6,2,2,999.0,999,9,'999999999,0,0.0000,0,88,999.000,0.0,1.0
2056/1/28,23:00,?9?9?9?9E0?9?9?9?9*9?9*9?9?9?9?9?9?9*9*_?9*9*9?9?9,25.1,23.4,90,101332,9999,9999,394,0,0,0,999900,999900,999900,99990,110,0.4,2,2,999.0,999,9,'999999999,0,0.0000,0,88,999.000,0.0,1.0
2056/1/28,24:00,?9?9?9?9E0?9?9?9?9*9?9*9?9?9?9?9?9?9*9*_?9*9*9?9?9,24.0,22.8,93,101332,9999,9999,382,0,0,0,999900,999900,999900,99990,110,0.4,1,1,999.0,999,9,'999999999,0,0.0000,0,88,999.000,0.0,1.0
2056/1/29,01:00,?9?9?9?9E0?9?9?9?9*9?9*9?9?9?9?9?9?9*9*_?9*9*9?9?9,23.5,22.5,94,101332,9999,9999,379,0,0,0,999900,999900,999900,99990,110,0.4,1,1,999.0,999,9,'999999999,0,0.0000,0,88,999.000,0.0,1.0
2056/1/29,02:00,?9?9?9?9E0?9?9?9?9*9?9*9?9?9?9?9?9?9*9*_?9*9*9?9?9,23.4,22.7,96,101232,9999,9999,384,0,0,0,999900,999900,999900,99990,110,0.5,2,2,999.0,999,9,'999999999,0,0.0000,0,88,999.000,0.0,1.0
2056/1/29,03:00,?9?9?9?9E0?9?9?9?9*9?9*9?9?9?9?9?9?9*9*_?9*9*9?9?9,23.0,22.7,98,101232,9999,9999,386,0,0,0,999900,999900,999900,99990,110,0.5,3,3,999.0,999,9,'999999999,0,0.0000,0,88,999.000,0.0,1.0
2056/1/29,04:00,?9?9?9?9E0?9?9?9?9*9?9*9?9?9?9?9?9?9*9*_?9*9*9?9?9,22.9,22.6,98,101232,9999,9999,385,0,0,0,999900,999900,999900,99990,110,0.5,3,3,999.0,999,9,'999999999,0,0.0000,0,88,999.000,0.0,1.0
2056/1/29,05:00,?9?9?9?9E0?9?9?9?9*9?9*9?9?9?9?9?9?9*9*_?9*9*9?9?9,22.7,22.4,98,101132,9999,9999,384,0,0,0,999900,999900,999900,99990,110,0.5,3,3,999.0,999,9,'999999999,0,0.0000,0,88,999.000,0.0,1.0
2056/1/29,06:00,?9?9?9?9E0?9?9?9?9*9?9*9?9?9?9?9?9?9*9*_?9*9*9?9?9,22.5,22.2,98,101132,9999,9999,383,0,0,0,999900,999900,999900,99990,290,0.6,3,3,999.0,999,9,'999999999,0,0.0000,0,88,999.000,0.0,1.0
2056/1/29,07:00,?9?9?9?9E0?9?9?9?9*9?9*9?9?9?9?9?9?9*9*_?9*9*9?9?9,22.2,21.9,98,101232,9999,9999,381,6,0,6,999900,999900,999900,99990,290,0.5,3,3,999.0,999,9,'999999999,0,0.0000,0,88,999.000,0.0,1.0
2056/1/29,08:00,?9?9?9?9E0?9?9?9?9*9?9*9?9?9?9?9?9?9*9*_?9*9*9?9?9,23.4,22.4,94,101232,9999,9999,388,140,297,80,999900,999900,999900,99990,290,0.3,3,3,999.0,999,9,'999999999,0,0.0000,0,88,999.000,0.0,1.0
2056/1/29,09:00,?9?9?9?9E0?9?9?9?9*9?9*9?9?9?9?9?9?9*9*_?9*9*9?9?9,25.9,20.5,72,101232,9999,9999,398,371,586,124,999900,999900,999900,99990,320,0.1,3,3,999.0,999,9,'999999999,0,0.0000,0,88,999.000,0.0,1.0
2056/1/29,10:00,?9?9?9?9E0?9?9?9?9*9?9*9?9?9?9?9?9?9*9*_?9*9*9?9?9,28.5,16.8,49,101232,9999,9999,411,587,724,147,999900,999900,999900,99990,320,0.7,4,4,999.0,999,9,'999999999,0,0.0000,0,88,999.000,0.0,1.0
2056/1/29,11:00,?9?9?9?9E0?9?9?9?9*9?9*9?9?9?9?9?9?9*9*_?9*9*9?9?9,29.2,17.4,49,101232,9999,9999,419,728,733,180,999900,999900,999900,99990,320,0.8,5,5,999.0,999,9,'999999999,0,0.0000,0,88,999.000,0.0,1.0
2056/1/29,12:00,?9?9?9?9E0?9?9?9?9*9?9*9?9?9?9?9?9?9*9*_?9*9*9?9?9,30.6,17.7,46,101132,9999,9999,427,841,785,188,999900,999900,999900,99990,50,0.7,5,5,999.0,999,9,'999999999,0,0.0000,0,88,999.000,0.0,1.0
2056/1/29,13:00,?9?9?9?9E0?9?9?9?9*9?9*9?9?9?9?9?9?9*9*_?9*9*9?9?9,30.8,18.2,47,101032,9999,9999,429,873,803,186,999900,999900,999900,99990,50,0.8,5,5,999.0,999,9,'999999999,0,0.0000,0,88,999.000,0.0,1.0
2056/1/29,14:00,?9?9?9?9E0?9?9?9?9*9?9*9?9?9?9?9?9?9*9*_?9*9*9?9?9,30.6,18.4,48,100932,9999,9999,425,846,836,165,999900,999900,999900,99990,50,1.0,4,4,999.0,999,9,'999999999,0,0.0000,0,88,999.000,0.0,1.0
2056/1/29,15:00,?9?9?9?9E0?9?9?9?9*9?9*9?9?9?9?9?9?9*9*_?9*9*9?9?9,30.5,18.3,48,100932,9999,9999,421,740,839,140,999900,999900,999900,99990,140,1.2,3,3,999.0,999,9,'999999999,0,0.0000,0,88,999.000,0.0,1.0
2056/1/29,16:00,?9?9?9?9E0?9?9?9?9*9?9*9?9?9?9?9?9?9*9*_?9*9*9?9?9,29.9,17.7,48,100832,9999,9999,417,552,761,125,999900,999900,999900,99990,140,1.0,3,3,999.0,999,9,'999999999,0,0.0000,0,88,999.000,0.0,1.0
2056/1/29,17:00,?9?9?9?9E0?9?9?9?9*9?9*9?9?9?9?9?9?9*9*_?9*9*9?9?9,28.7,17.9,52,100832,9999,9999,413,312,550,112,999900,999900,999900,99990,140,1.2,4,4,999.0,999,9,'999999999,0,0.0000,0,88,999.000,0.0,1.0
2056/1/29,18:00,?9?9?9?9E0?9?9?9?9*9?9*9?9?9?9?9?9?9*9*_?9*9*9?9?9,27.4,19.0,60,100832,9999,9999,411,92,289,52,999900,999900,999900,99990,90,0.6,5,5,999.0,999,9,'999999999,0,0.0000,0,88,999.000,0.0,1.0
2056/1/29,19:00,?9?9?9?9E0?9?9?9?9*9?9*9?9?9?9?9?9?9*9*_?9*9*9?9?9,26.2,20.3,70,100832,9999,9999,406,0,0,0,999900,999900,999900,99990,90,0.5,5,5,999.0,999,9,'999999999,0,0.0000,0,88,999.000,0.0,1.0
2056/1/29,20:00,?9?9?9?9E0?9?9?9?9*9?9*9?9?9?9?9?9?9*9*_?9*9*9?9?9,25.4,20.7,75,100932,9999,9999,402,0,0,0,999900,999900,999900,99990,90,0.6,5,5,999.0,999,9,'999999999,0,0.0000,0,88,999.000,0.0,1.0
2056/1/29,21:00,?9?9?9?9E0?9?9?9?9*9?9*9?9?9?9?9?9?9*9*_?9*9*9?9?9,25.0,21.3,80,100932,9999,9999,401,0,0,0,999900,999900,999900,99990,90,0.5,5,5,999.0,999,9,'999999999,0,0.0000,0,88,999.000,0.0,1.0
2056/1/29,22:00,?9?9?9?9E0?9?9?9?9*9?9*9?9?9?9?9?9?9*9*_?9*9*9?9?9,24.3,21.8,86,101032,9999,9999,398,0,0,0,999900,999900,999900,99990,90,0.0,5,5,999.0,999,9,'999999999,0,0.0000,0,88,999.000,0.0,1.0
2056/1/29,23:00,?9?9?9?9E0?9?9?9?9*9?9*9?9?9?9?9?9?9*9*_?9*9*9?9?9,24.0,21.9,88,101032,9999,9999,396,0,0,0,999900,999900,999900,99990,90,0.6,5,5,999.0,999,9,'999999999,0,0.0000,0,88,999.000,0.0,1.0
2056/1/29,24:00,?9?9?9?9E0?9?9?9?9*9?9*9?9?9?9?9?9?9*9*_?9*9*9?9?9,23.4,22.2,93,101032,9999,9999,393,0,0,0,999900,999900,999900,99990,90,0.5,5,5,999.0,999,9,'999999999,0,0.0000,0,88,999.000,0.0,1.0
2056/1/30,01:00,?9?9?9?9E0?9?9?9?9*9?9*9?9?9?9?9?9?9*9*_?9*9*9?9?9,22.4,20.9,91,101032,9999,9999,386,0,0,0,999900,999900,999900,99990,90,0.5,5,5,999.0,999,9,'999999999,0,0.0000,0,88,999.000,0.0,1.0
2056/1/30,02:00,?9?9?9?9E0?9?9?9?9*9?9*9?9?9?9?9?9?9*9*_?9*9*9?9?9,22.3,20.8,91,101032,9999,9999,386,0,0,0,999900,999900,999900,99990,90,0.0,5,5,999.0,999,9,'999999999,0,0.0000,0,88,999.000,0.0,1.0
2056/1/30,03:00,?9?9?9?9E0?9?9?9?9*9?9*9?9?9?9?9?9?9*9*_?9*9*9?9?9,22.0,21.0,94,100932,9999,9999,385,0,0,0,999900,999900,999900,99990,90,0.5,5,5,999.0,999,9,'999999999,0,0.0000,0,88,999.000,0.0,1.0
2056/1/30,04:00,?9?9?9?9E0?9?9?9?9*9?9*9?9?9?9?9?9?9*9*_?9*9*9?9?9,22.0,21.0,94,100932,9999,9999,382,0,0,0,999900,999900,999900,99990,90,0.5,4,4,999.0,999,9,'999999999,0,0.0000,0,88,999.000,0.0,1.0
2056/1/30,05:00,?9?9?9?9E0?9?9?9?9*9?9*9?9?9?9?9?9?9*9*_?9*9*9?9?9,21.8,20.8,94,100832,9999,9999,380,0,0,0,999900,999900,999900,99990,90,0.5,4,4,999.0,999,9,'999999999,0,0.0000,0,88,999.000,0.0,1.0
2056/1/30,06:00,?9?9?9?9E0?9?9?9?9*9?9*9?9?9?9?9?9?9*9*_?9*9*9?9?9,21.5,20.7,95,100832,9999,9999,376,0,0,0,999900,999900,999900,99990,320,0.5,3,3,999.0,999,9,'999999999,0,0.0000,0,88,999.000,0.0,1.0
2056/1/30,07:00,?9?9?9?9E0?9?9?9?9*9?9*9?9?9?9?9?9?9*9*_?9*9*9?9?9,21.5,20.3,93,100932,9999,9999,372,6,0,6,999900,999900,999900,99990,320,0.5,2,2,999.0,999,9,'999999999,0,0.0000,0,88,999.000,0.0,1.0
2056/1/30,08:00,?9?9?9?9E0?9?9?9?9*9?9*9?9?9?9?9?9?9*9*_?9*9*9?9?9,27.8,26.0,90,100932,9999,9999,412,141,317,77,999900,999900,999900,99990,320,0.3,2,2,999.0,999,9,'999999999,0,0.0000,0,88,999.000,0.0,1.0
2056/1/30,09:00,?9?9?9?9E0?9?9?9?9*9?9*9?9?9?9?9?9?9*9*_?9*9*9?9?9,25.2,20.0,73,101032,9999,9999,385,382,642,111,999900,999900,999900,99990,320,0.4,1,1,999.0,999,9,'999999999,0,0.0000,0,88,999.000,0.0,1.0
2056/1/30,10:00,?9?9?9?9E0?9?9?9?9*9?9*9?9?9?9?9?9?9*9*_?9*9*9?9?9,27.5,18.8,59,101032,9999,9999,388,598,777,125,999900,999900,999900,99990,320,0.1,0,0,999.0,999,9,'999999999,0,0.0000,0,88,999.000,0.0,1.0
2056/1/30,11:00,?9?9?9?9E0?9?9?9?9*9?9*9?9?9?9?9?9?9*9*_?9*9*9?9?9,29.0,16.6,47,101032,9999,9999,393,830,963,108,999900,999900,999900,99990,320,0.3,0,0,999.0,999,9,'999999999,0,0.0000,0,88,999.000,0.0,1.0
2056/1/30,12:00,?9?9?9?9E0?9?9?9?9*9?9*9?9?9?9?9?9?9*9*_?9*9*9?9?9,30.3,15.6,41,101032,9999,9999,399,937,987,113,999900,999900,999900,99990,140,0.5,0,0,999.0,999,9,'999999999,0,0.0000,0,88,999.000,0.0,1.0
2056/1/30,13:00,?9?9?9?9E0?9?9?9?9*9?9*9?9?9?9?9?9?9*9*_?9*9*9?9?9,31.8,15.8,38,100932,9999,9999,407,978,1010,112,999900,999900,999900,99990,140,0.9,0,0,999.0,999,9,'999999999,0,0.0000,0,88,999.000,0.0,1.0
2056/1/30,14:00,?9?9?9?9E0?9?9?9?9*9?9*9?9?9?9?9?9?9*9*_?9*9*9?9?9,31.5,17.4,43,100932,9999,9999,407,904,961,118,999900,999900,999900,99990,140,1.3,0,0,999.0,999,9,'999999999,0,0.0000,0,88,999.000,0.0,1.0
2056/1/30,15:00,?9?9?9?9E0?9?9?9?9*9?9*9?9?9?9?9?9?9*9*_?9*9*9?9?9,30.8,18.2,47,100832,9999,9999,405,759,893,118,999900,999900,999900,99990,140,1.5,0,0,999.0,999,9,'999999999,0,0.0000,0,88,999.000,0.0,1.0
2056/1/30,16:00,?9?9?9?9E0?9?9?9?9*9?9*9?9?9?9?9?9?9*9*_?9*9*9?9?9,30.6,18.7,49,100832,9999,9999,404,566,814,107,999900,999900,999900,99990,140,1.1,0,0,999.0,999,9,'999999999,0,0.0000,0,88,999.000,0.0,1.0
2056/1/30,17:00,?9?9?9?9E0?9?9?9?9*9?9*9?9?9?9?9?9?9*9*_?9*9*9?9?9,29.5,18.3,51,100732,9999,9999,398,336,672,90,999900,999900,999900,99990,140,0.9,0,0,999.0,999,9,'999999999,0,0.0000,0,88,999.000,0.0,1.0
2056/1/30,18:00,?9?9?9?9E0?9?9?9?9*9?9*9?9?9?9?9?9?9*9*_?9*9*9?9?9,27.8,20.1,63,100732,9999,9999,391,107,443,45,999900,999900,999900,99990,100,1.0,0,0,999.0,999,9,'999999999,0,0.0000,0,88,999.000,0.0,1.0
2056/1/30,19:00,?9?9?9?9E0?9?9?9?9*9?9*9?9?9?9?9?9?9*9*_?9*9*9?9?9,26.7,21.5,73,100632,9999,9999,395,0,0,0,999900,999900,999900,99990,100,0.7,1,1,999.0,999,9,'999999999,0,0.0000,0,88,999.000,0.0,1.0
2056/1/30,20:00,?9?9?9?9E0?9?9?9?9*9?9*9?9?9?9?9?9?9*9*_?9*9*9?9?9,26.0,22.1,79,100732,9999,9999,392,0,0,0,999900,999900,999900,99990,100,0.6,1,1,999.0,999,9,'999999999,0,0.0000,0,88,999.000,0.0,1.0
2056/1/30,21:00,?9?9?9?9E0?9?9?9?9*9?9*9?9?9?9?9?9?9*9*_?9*9*9?9?9,25.2,22.1,83,100732,9999,9999,393,0,0,0,999900,999900,999900,99990,100,0.7,2,2,999.0,999,9,'999999999,0,0.0000,0,88,999.000,0.0,1.0
2056/1/30,22:00,?9?9?9?9E0?9?9?9?9*9?9*9?9?9?9?9?9?9*9*_?9*9*9?9?9,24.6,22.5,88,100832,9999,9999,390,0,0,0,999900,999900,999900,99990,100,0.5,2,2,999.0,999,9,'999999999,0,0.0000,0,88,999.000,0.0,1.0
2056/1/30,23:00,?9?9?9?9E0?9?9?9?9*9?9*9?9?9?9?9?9?9*9*_?9*9*9?9?9,24.1,22.6,91,100832,9999,9999,391,0,0,0,999900,999900,999900,99990,100,0.4,3,3,999.0,999,9,'999999999,0,0.0000,0,88,999.000,0.0,1.0
2056/1/30,24:00,?9?9?9?9E0?9?9?9?9*9?9*9?9?9?9?9?9?9*9*_?9*9*9?9?9,23.4,22.0,92,100832,9999,9999,387,0,0,0,999900,999900,999900,99990,100,0.4,3,3,999.0,999,9,'999999999,0,0.0000,0,88,999.000,0.0,1.0
2056/1/31,01:00,?9?9?9?9E0?9?9?9?9*9?9*9?9?9?9?9?9?9*9*_?9*9*9?9?9,22.9,21.7,93,100832,9999,9999,387,0,0,0,999900,999900,999900,99990,100,0.4,4,4,999.0,999,9,'999999999,0,0.0000,0,88,999.000,0.0,1.0
2056/1/31,02:00,?9?9?9?9E0?9?9?9?9*9?9*9?9?9?9?9?9?9*9*_?9*9*9?9?9,22.6,21.8,95,100832,9999,9999,386,0,0,0,999900,999900,999900,99990,100,0.4,4,4,999.0,999,9,'999999999,0,0.0000,0,88,999.000,0.0,1.0
2056/1/31,03:00,?9?9?9?9E0?9?9?9?9*9?9*9?9?9?9?9?9?9*9*_?9*9*9?9?9,22.2,21.4,95,100732,9999,9999,383,0,0,0,999900,999900,999900,99990,100,0.4,4,4,999.0,999,9,'999999999,0,0.0000,0,88,999.000,0.0,1.0
2056/1/31,04:00,?9?9?9?9E0?9?9?9?9*9?9*9?9?9?9?9?9?9*9*_?9*9*9?9?9,22.1,21.3,95,100732,9999,9999,379,0,0,0,999900,999900,999900,99990,100,0.4,3,3,999.0,999,9,'999999999,0,0.0000,0,88,999.000,0.0,1.0
2056/1/31,05:00,?9?9?9?9E0?9?9?9?9*9?9*9?9?9?9?9?9?9*9*_?9*9*9?9?9,22.0,21.2,95,100732,9999,9999,379,0,0,0,999900,999900,999900,99990,100,0.5,3,3,999.0,999,9,'999999999,0,0.0000,0,88,999.000,0.0,1.0
2056/1/31,06:00,?9?9?9?9E0?9?9?9?9*9?9*9?9?9?9?9?9?9*9*_?9*9*9?9?9,21.8,21.0,95,100732,9999,9999,378,0,0,0,999900,999900,999900,99990,100,0.5,3,3,999.0,999,9,'999999999,0,0.0000,0,88,999.000,0.0,1.0
2056/1/31,07:00,?9?9?9?9E0?9?9?9?9*9?9*9?9?9?9?9?9?9*9*_?9*9*9?9?9,21.6,20.8,95,100732,9999,9999,376,6,0,6,999900,999900,999900,99990,100,0.3,3,3,999.0,999,9,'999999999,0,0.0000,0,88,999.000,0.0,1.0
2056/1/31,08:00,?9?9?9?9E0?9?9?9?9*9?9*9?9?9?9?9?9?9*9*_?9*9*9?9?9,23.3,22.3,94,100732,9999,9999,383,145,326,79,999900,999900,999900,99990,100,0.3,2,2,999.0,999,9,'999999999,0,0.0000,0,88,999.000,0.0,1.0
2056/1/31,09:00,?9?9?9?9E0?9?9?9?9*9?9*9?9?9?9?9?9?9*9*_?9*9*9?9?9,25.9,23.0,84,100832,9999,9999,392,364,561,127,999900,999900,999900,99990,30,0.1,1,1,999.0,999,9,'999999999,0,0.0000,0,88,999.000,0.0,1.0
2056/1/31,10:00,?9?9?9?9E0?9?9?9?9*9?9*9?9?9?9?9?9?9*9*_?9*9*9?9?9,28.4,21.2,65,100932,9999,9999,403,586,724,144,999900,999900,999900,99990,30,0.2,1,1,999.0,999,9,'999999999,0,0.0000,0,88,999.000,0.0,1.0
2056/1/31,11:00,?9?9?9?9E0?9?9?9?9*9?9*9?9?9?9?9?9?9*9*_?9*9*9?9?9,29.9,20.5,57,100932,9999,9999,410,781,849,143,999900,999900,999900,99990,30,0.5,1,1,999.0,999,9,'999999999,0,0.0000,0,88,999.000,0.0,1.0
2056/1/31,12:00,?9?9?9?9E0?9?9?9?9*9?9*9?9?9?9?9?9?9*9*_?9*9*9?9?9,31.5,20.2,51,100832,9999,9999,419,911,923,139,999900,999900,999900,99990,140,0.8,1,1,999.0,999,9,'999999999,0,0.0000,0,88,999.000,0.0,1.0
2056/1/31,13:00,?9?9?9?9E0?9?9?9?9*9?9*9?9?9?9?9?9?9*9*_?9*9*9?9?9,31.5,21.4,55,100832,9999,9999,420,938,925,143,999900,999900,999900,99990,140,1.2,1,1,999.0,999,9,'999999999,0,0.0000,0,88,999.000,0.0,1.0
2056/1/31,14:00,?9?9?9?9E0?9?9?9?9*9?9*9?9?9?9?9?9?9*9*_?9*9*9?9?9,31.0,21.5,57,100732,9999,9999,418,875,890,144,999900,999900,999900,99990,140,1.2,1,1,999.0,999,9,'999999999,0,0.0000,0,88,999.000,0.0,1.0
2056/1/31,15:00,?9?9?9?9E0?9?9?9?9*9?9*9?9?9?9?9?9?9*9*_?9*9*9?9?9,31.2,21.7,57,100632,9999,9999,419,742,839,138,999900,999900,999900,99990,140,1.3,1,1,999.0,999,9,'999999999,0,0.0000,0,88,999.000,0.0,1.0
2056/1/31,16:00,?9?9?9?9E0?9?9?9?9*9?9*9?9?9?9?9?9?9*9*_?9*9*9?9?9,30.5,21.6,59,100632,9999,9999,415,551,751,126,999900,999900,999900,99990,140,1.4,1,1,999.0,999,9,'999999999,0,0.0000,0,88,999.000,0.0,1.0
2056/1/31,17:00,?9?9?9?9E0?9?9?9?9*9?9*9?9?9?9?9?9?9*9*_?9*9*9?9?9,30.6,22.8,63,100632,9999,9999,423,317,563,109,999900,999900,999900,99990,140,1.2,2,2,999.0,999,9,'999999999,0,0.0000,0,88,999.000,0.0,1.0
2056/1/31,18:00,?9?9?9?9E0?9?9?9?9*9?9*9?9?9?9?9?9?9*9*_?9*9*9?9?9,27.9,23.5,77,100632,9999,9999,413,98,326,52,999900,999900,999900,99990,290,1.2,3,3,999.0,999,9,'999999999,0,0.0000,0,88,999.000,0.0,1.0
2056/1/31,19:00,?9?9?9?9E0?9?9?9?9*9?9*9?9?9?9?9?9?9*9*_?9*9*9?9?9,26.9,23.8,83,100632,9999,9999,408,0,0,0,999900,999900,999900,99990,290,0.9,3,3,999.0,999,9,'999999999,0,0.0000,0,88,999.000,0.0,1.0
2056/1/31,20:00,?9?9?9?9E0?9?9?9?9*9?9*9?9?9?9?9?9?9*9*_?9*9*9?9?9,26.4,23.9,86,100732,9999,9999,401,0,0,0,999900,999900,999900,99990,290,0.8,2,2,999.0,999,9,'999999999,0,0.0000,0,88,999.000,0.0,1.0
2056/1/31,21:00,?9?9?9?9E0?9?9?9?9*9?9*9?9?9?9?9?9?9*9*_?9*9*9?9?9,26.1,24.2,89,100732,9999,9999,395,0,0,0,999900,999900,999900,99990,90,0.6,1,1,999.0,999,9,'999999999,0,0.0000,0,88,999.000,0.0,1.0
2056/1/31,22:00,?9?9?9?9E0?9?9?9?9*9?9*9?9?9?9?9?9?9*9*_?9*9*9?9?9,25.8,23.9,89,100832,9999,9999,398,0,0,0,999900,999900,999900,99990,90,0.7,2,2,999.0,999,9,'999999999,0,0.0000,0,88,999.000,0.0,1.0
2056/1/31,23:00,?9?9?9?9E0?9?9?9?9*9?9*9?9?9?9?9?9?9*9*_?9*9*9?9?9,25.7,24.0,90,100832,9999,9999,398,0,0,0,999900,999900,999900,99990,90,0.6,2,2,999.0,999,9,'999999999,0,0.0000,0,88,999.000,0.0,1.0
2056/1/31,24:00,?9?9?9?9E0?9?9?9?9*9?9*9?9?9?9?9?9?9*9*_?9*9*9?9?9,25.3,23.9,92,100932,9999,9999,399,0,0,0,999900,999900,999900,99990,140,0.4,3,3,999.0,999,9,'999999999,0,0.0000,0,88,999.000,0.0,1.0
2056/2/1,01:00,?9?9?9?9E0?9?9?9?9*9?9*9?9?9?9?9?9?9*9*_?9*9*9?9?9,25.8,24.4,92,100908,9999,9999,403,0,0,0,999900,999900,999900,99990,90,0.0,3,3,999.0,999,9,'999999999,0,0.0000,0,88,999.000,0.0,1.0
2056/2/1,02:00,?9?9?9?9E0?9?9?9?9*9?9*9?9?9?9?9?9?9*9*_?9*9*9?9?9,25.5,24.1,92,100808,9999,9999,404,0,0,0,999900,999900,999900,99990,90,0.0,4,4,999.0,999,9,'999999999,0,0.0000,0,88,999.000,0.0,1.0
2056/2/1,03:00,?9?9?9?9E0?9?9?9?9*9?9*9?9?9?9?9?9?9*9*_?9*9*9?9?9,25.3,24.1,93,100808,9999,9999,403,0,0,0,999900,999900,999900,99990,90,0.0,4,4,999.0,999,9,'999999999,0,0.0000,0,88,999.000,0.0,1.0
2056/2/1,04:00,?9?9?9?9E0?9?9?9?9*9?9*9?9?9?9?9?9?9*9*_?9*9*9?9?9,25.0,23.6,92,100808,9999,9999,404,0,0,0,999900,999900,999900,99990,90,0.0,5,5,999.0,999,9,'999999999,0,0.0000,0,88,999.000,0.0,1.0
2056/2/1,05:00,?9?9?9?9E0?9?9?9?9*9?9*9?9?9?9?9?9?9*9*_?9*9*9?9?9,25.2,23.8,92,100808,9999,9999,409,0,0,0,999900,999900,999900,99990,90,0.0,6,6,999.0,999,9,'999999999,0,0.0000,0,88,999.000,0.0,1.0
2056/2/1,06:00,?9?9?9?9E0?9?9?9?9*9?9*9?9?9?9?9?9?9*9*_?9*9*9?9?9,25.2,23.6,91,100808,9999,9999,405,0,0,0,999900,999900,999900,99990,320,0.0,5,5,999.0,999,9,'999999999,0,0.0000,0,88,999.000,0.0,1.0
2056/2/1,07:00,?9?9?9?9E0?9?9?9?9*9?9*9?9?9?9?9?9?9*9*_?9*9*9?9?9,25.0,23.6,92,100908,9999,9999,404,6,0,6,999900,999900,999900,99990,320,0.0,5,5,999.0,999,9,'999999999,0,0.0000,0,88,999.000,0.0,1.0
2056/2/1,08:00,?9?9?9?9E0?9?9?9?9*9?9*9?9?9?9?9?9?9*9*_?9*9*9?9?9,25.8,24.4,92,100908,9999,9999,409,131,203,90,999900,999900,999900,99990,320,0.0,5,5,999.0,999,9,'999999999,0,0.0000,0,88,999.000,0.0,1.0
2056/2/1,09:00,?9?9?9?9E0?9?9?9?9*9?9*9?9?9?9?9?9?9*9*_?9*9*9?9?9,27.1,25.1,89,101008,9999,9999,417,344,425,164,999900,999900,999900,99990,50,0.0,5,5,999.0,999,9,'999999999,0,0.0000,0,88,999.000,0.0,1.0
2056/2/1,10:00,?9?9?9?9E0?9?9?9?9*9?9*9?9?9?9?9?9?9*9*_?9*9*9?9?9,29.5,25.3,78,101108,9999,9999,431,540,538,211,999900,999900,999900,99990,50,0.2,5,5,999.0,999,9,'999999999,0,0.0000,0,88,999.000,0.0,1.0
2056/2/1,11:00,?9?9?9?9E0?9?9?9?9*9?9*9?9?9?9?9?9?9*9*_?9*9*9?9?9,30.9,24.1,67,101008,9999,9999,437,686,575,253,999900,999900,999900,99990,50,0.1,5,5,999.0,999,9,'999999999,0,0.0000,0,88,999.000,0.0,1.0
2056/2/1,12:00,?9?9?9?9E0?9?9?9?9*9?9*9?9?9?9?9?9?9*9*_?9*9*9?9?9,31.7,24.3,65,100908,9999,9999,442,762,557,295,999900,999900,999900,99990,120,0.2,5,5,999.0,999,9,'999999999,0,0.0000,0,88,999.000,0.0,1.0
2056/2/1,13:00,?9?9?9?9E0?9?9?9?9*9?9*9?9?9?9?9?9?9*9*_?9*9*9?9?9,32.1,24.7,65,100808,9999,9999,449,730,452,340,999900,999900,999900,99990,50,0.2,6,6,999.0,999,9,'999999999,0,0.0000,0,88,999.000,0.0,1.0
2056/2/1,14:00,?9?9?9?9E0?9?9?9?9*9?9*9?9?9?9?9?9?9*9*_?9*9*9?9?9,32.1,25.5,68,100708,9999,9999,450,672,404,339,999900,999900,999900,99990,50,0.4,6,6,999.0,999,9,'999999999,0,0.0000,0,88,999.000,0.0,1.0
2056/2/1,15:00,?9?9?9?9E0?9?9?9?9*9?9*9?9?9?9?9?9?9*9*_?9*9*9?9?9,32.1,25.5,68,100708,9999,9999,450,562,359,302,999900,999900,999900,99990,50,0.5,6,6,999.0,999,9,'999999999,0,0.0000,0,88,999.000,0.0,1.0
2056/2/1,16:00,?9?9?9?9E0?9?9?9?9*9?9*9?9?9?9?9?9?9*9*_?9*9*9?9?9,31.5,24.6,67,100608,9999,9999,441,445,377,231,999900,999900,999900,99990,50,0.5,5,5,999.0,999,9,'999999999,0,0.0000,0,88,999.000,0.0,1.0
2056/2/1,17:00,?9?9?9?9E0?9?9?9?9*9?9*9?9?9?9?9?9?9*9*_?9*9*9?9?9,30.3,24.2,70,100608,9999,9999,427,284,349,155,999900,999900,999900,99990,110,0.2,3,3,999.0,999,9,'999999999,0,0.0000,0,88,999.000,0.0,1.0
2056/2/1,18:00,?9?9?9?9E0?9?9?9?9*9?9*9?9?9?9?9?9?9*9*_?9*9*9?9?9,28.7,23.8,75,100708,9999,9999,421,80,144,59,999900,999900,999900,99990,50,0.4,4,4,999.0,999,9,'999999999,0,0.0000,0,88,999.000,0.0,1.0
2056/2/1,19:00,?9?9?9?9E0?9?9?9?9*9?9*9?9?9?9?9?9?9*9*_?9*9*9?9?9,28.3,25.0,82,100708,9999,9999,424,0,0,0,999900,999900,999900,99990,80,0.2,5,5,999.0,999,9,'999999999,0,0.0000,0,88,999.000,0.0,1.0
2056/2/1,20:00,?9?9?9?9E0?9?9?9?9*9?9*9?9?9?9?9?9?9*9*_?9*9*9?9?9,28.2,25.3,84,100808,9999,9999,423,0,0,0,999900,999900,999900,99990,80,0.2,5,5,999.0,999,9,'999999999,0,0.0000,0,88,999.000,0.0,1.0
2056/2/1,21:00,?9?9?9?9E0?9?9?9?9*9?9*9?9?9?9?9?9?9*9*_?9*9*9?9?9,27.7,25.5,88,100908,9999,9999,421,0,0,0,999900,999900,999900,99990,80,0.1,5,5,999.0,999,9,'999999999,0,0.0000,0,88,999.000,0.0,1.0
2056/2/1,22:00,?9?9?9?9E0?9?9?9?9*9?9*9?9?9?9?9?9?9*9*_?9*9*9?9?9,27.7,25.5,88,100908,9999,9999,418,0,0,0,999900,999900,999900,99990,60,0.0,4,4,999.0,999,9,'999999999,0,0.0000,0,88,999.000,0.0,1.0
2056/2/1,23:00,?9?9?9?9E0?9?9?9?9*9?9*9?9?9?9?9?9?9*9*_?9*9*9?9?9,27.4,25.6,90,100908,9999,9999,419,0,0,0,999900,999900,999900,99990,40,0.0,5,5,999.0,999,9,'999999999,0,0.0000,0,88,999.000,0.0,1.0
2056/2/1,24:00,?9?9?9?9E0?9?9?9?9*9?9*9?9?9?9?9?9?9*9*_?9*9*9?9?9,26.8,25.4,92,100908,9999,9999,416,0,0,0,999900,999900,999900,99990,50,0.0,5,5,999.0,999,9,'999999999,0,0.0000,0,88,999.000,0.0,1.0
2056/2/2,01:00,?9?9?9?9E0?9?9?9?9*9?9*9?9?9?9?9?9?9*9*_?9*9*9?9?9,26.4,25.4,94,100808,9999,9999,413,0,0,0,999900,999900,999900,99990,50,0.0,5,5,999.0,999,9,'999999999,0,0.0000,0,88,999.000,0.0,1.0
2056/2/2,02:00,?9?9?9?9E0?9?9?9?9*9?9*9?9?9?9?9?9?9*9*_?9*9*9?9?9,25.9,25.1,95,100708,9999,9999,410,0,0,0,999900,999900,999900,99990,50,0.0,5,5,999.0,999,9,'999999999,0,0.0000,0,88,999.000,0.0,1.0
2056/2/2,03:00,?9?9?9?9E0?9?9?9?9*9?9*9?9?9?9?9?9?9*9*_?9*9*9?9?9,25.8,25.0,95,100708,9999,9999,410,0,0,0,999900,999900,999900,99990,50,0.0,5,5,999.0,999,9,'999999999,0,0.0000,0,88,999.000,0.0,1.0
2056/2/2,04:00,?9?9?9?9E0?9?9?9?9*9?9*9?9?9?9?9?9?9*9*_?9*9*9?9?9,25.8,25.0,95,100708,9999,9999,394,0,0,0,999900,999900,999900,99990,50,0.0,1,1,999.0,999,9,'999999999,0,0.0000,0,88,999.000,0.0,1.0
2056/2/2,05:00,?9?9?9?9E0?9?9?9?9*9?9*9?9?9?9?9?9?9*9*_?9*9*9?9?9,25.5,24.7,95,100708,9999,9999,405,0,0,0,999900,999900,999900,99990,50,0.0,4,4,999.0,999,9,'999999999,0,0.0000,0,88,999.000,0.0,1.0
2056/2/2,06:00,?9?9?9?9E0?9?9?9?9*9?9*9?9?9?9?9?9?9*9*_?9*9*9?9?9,25.5,24.5,94,100708,9999,9999,407,0,0,0,999900,999900,999900,99990,50,0.0,5,5,999.0,999,9,'999999999,0,0.0000,0,88,999.000,0.0,1.0
2056/2/2,07:00,?9?9?9?9E0?9?9?9?9*9?9*9?9?9?9?9?9?9*9*_?9*9*9?9?9,25.6,24.2,92,100808,9999,9999,408,7,0,7,999900,999900,999900,99990,50,0.0,5,5,999.0,999,9,'999999999,0,0.0000,0,88,999.000,0.0,1.0
2056/2/2,08:00,?9?9?9?9E0?9?9?9?9*9?9*9?9?9?9?9?9?9*9*_?9*9*9?9?9,26.7,24.8,89,100908,9999,9999,414,133,186,95,999900,999900,999900,99990,50,0.0,5,5,999.0,999,9,'999999999,0,0.0000,0,88,999.000,0.0,1.0
2056/2/2,09:00,?9?9?9?9E0?9?9?9?9*9?9*9?9?9?9?9?9?9*9*_?9*9*9?9?9,28.1,27.2,95,101008,9999,9999,425,333,337,190,999900,999900,999900,99990,270,0.0,5,5,999.0,999,9,'999999999,0,0.0000,0,88,999.000,0.0,1.0
2056/2/2,10:00,?9?9?9?9E0?9?9?9?9*9?9*9?9?9?9?9?9?9*9*_?9*9*9?9?9,29.8,24.7,74,101008,9999,9999,441,475,334,270,999900,999900,999900,99990,270,0.0,7,7,999.0,999,9,'999999999,0,0.0000,0,88,999.000,0.0,1.0
2056/2/2,11:00,?9?9?9?9E0?9?9?9?9*9?9*9?9?9?9?9?9?9*9*_?9*9*9?9?9,30.4,24.8,72,101008,9999,9999,435,681,486,314,999900,999900,999900,99990,270,0.0,5,5,999.0,999,9,'999999999,0,0.0000,0,88,999.000,0.0,1.0
2056/2/2,12:00,?9?9?9?9E0?9?9?9?9*9?9*9?9?9?9?9?9?9*9*_?9*9*9?9?9,31.2,24.6,68,100908,9999,9999,456,592,215,411,999900,999900,999900,99990,270,0.1,8,8,999.0,999,9,'999999999,0,0.0000,0,88,999.000,0.0,1.0
2056/2/2,13:00,?9?9?9?9E0?9?9?9?9*9?9*9?9?9?9?9?9?9*9*_?9*9*9?9?9,31.4,24.8,68,100808,9999,9999,467,522,118,420,999900,999900,999900,99990,270,0.2,9,9,999.0,999,9,'999999999,0,0.0000,0,88,999.000,0.0,1.0
2056/2/2,14:00,?9?9?9?9E0?9?9?9?9*9?9*9?9?9?9?9?9?9*9*_?9*9*9?9?9,32.0,24.9,66,100708,9999,9999,471,480,102,396,999900,999900,999900,99990,130,0.4,9,9,999.0,999,9,'999999999,0,0.0000,0,88,999.000,0.0,1.0
2056/2/2,15:00,?9?9?9?9E0?9?9?9?9*9?9*9?9?9?9?9?9?9*9*_?9*9*9?9?9,31.7,24.6,66,100708,9999,9999,469,398,95,329,999900,999900,999900,99990,120,0.7,9,9,999.0,999,9,'999999999,0,0.0000,0,88,999.000,0.0,1.0
2056/2/2,16:00,?9?9?9?9E0?9?9?9?9*9?9*9?9?9?9?9?9?9*9*_?9*9*9?9?9,31.2,24.4,67,100608,9999,9999,443,413,232,280,999900,999900,999900,99990,140,0.3,6,6,999.0,999,9,'999999999,0,0.0000,0,88,999.000,0.0,1.0
2056/2/2,17:00,?9?9?9?9E0?9?9?9?9*9?9*9?9?9?9?9?9?9*9*_?9*9*9?9?9,30.4,24.8,72,100708,9999,9999,444,209,103,170,999900,999900,999900,99990,140,0.5,7,7,999.0,999,9,'999999999,0,0.0000,0,88,999.000,0.0,1.0
2056/2/2,18:00,?9?9?9?9E0?9?9?9?9*9?9*9?9?9?9?9?9?9*9*_?9*9*9?9?9,28.8,24.6,78,100708,9999,9999,442,42,19,39,999900,999900,999900,99990,110,0.3,8,8,999.0,999,9,'999999999,0,0.0000,0,88,999.000,0.0,1.0
2056/2/2,19:00,?9?9?9?9E0?9?9?9?9*9?9*9?9?9?9?9?9?9*9*_?9*9*9?9?9,28.3,25.4,84,100808,9999,9999,440,0,0,0,999900,999900,999900,99990,110,0.1,8,8,999.0,999,9,'999999999,0,0.0000,0,88,999.000,0.0,1.0
2056/2/2,20:00,?9?9?9?9E0?9?9?9?9*9?9*9?9?9?9?9?9?9*9*_?9*9*9?9?9,27.8,25.3,86,100808,9999,9999,425,0,0,0,999900,999900,999900,99990,110,0.1,6,6,999.0,999,9,'999999999,0,0.0000,0,88,999.000,0.0,1.0
2056/2/2,21:00,?9?9?9?9E0?9?9?9?9*9?9*9?9?9?9?9?9?9*9*_?9*9*9?9?9,27.5,25.4,88,100908,9999,9999,420,0,0,0,999900,999900,999900,99990,140,0.1,5,5,999.0,999,9,'999999999,0,0.0000,0,88,999.000,0.0,1.0
2056/2/2,22:00,?9?9?9?9E0?9?9?9?9*9?9*9?9?9?9?9?9?9*9*_?9*9*9?9?9,27.1,25.3,90,100908,9999,9999,411,0,0,0,999900,999900,999900,99990,150,0.0,3,3,999.0,999,9,'999999999,0,0.0000,0,88,999.000,0.0,1.0
2056/2/2,23:00,?9?9?9?9E0?9?9?9?9*9?9*9?9?9?9?9?9?9*9*_?9*9*9?9?9,26.2,25.2,94,100908,9999,9999,406,0,0,0,999900,999900,999900,99990,150,0.0,3,3,999.0,999,9,'999999999,0,0.0000,0,88,999.000,0.0,1.0
2056/2/2,24:00,?9?9?9?9E0?9?9?9?9*9?9*9?9?9?9?9?9?9*9*_?9*9*9?9?9,25.7,24.7,94,100808,9999,9999,402,0,0,0,999900,999900,999900,99990,140,0.0,3,3,999.0,999,9,'999999999,0,0.0000,0,88,999.000,0.0,1.0
2056/2/3,01:00,?9?9?9?9E0?9?9?9?9*9?9*9?9?9?9?9?9?9*9*_?9*9*9?9?9,25.5,24.5,94,100708,9999,9999,401,0,0,0,999900,999900,999900,99990,140,0.0,3,3,999.0,999,9,'999999999,0,0.0000,0,88,999.000,0.0,1.0
2056/2/3,02:00,?9?9?9?9E0?9?9?9?9*9?9*9?9?9?9?9?9?9*9*_?9*9*9?9?9,25.3,24.3,94,100708,9999,9999,400,0,0,0,999900,999900,999900,99990,140,0.0,3,3,999.0,999,9,'999999999,0,0.0000,0,88,999.000,0.0,1.0
2056/2/3,03:00,?9?9?9?9E0?9?9?9?9*9?9*9?9?9?9?9?9?9*9*_?9*9*9?9?9,25.4,24.4,94,100708,9999,9999,401,0,0,0,999900,999900,999900,99990,140,0.0,3,3,999.0,999,9,'999999999,0,0.0000,0,88,999.000,0.0,1.0
2056/2/3,04:00,?9?9?9?9E0?9?9?9?9*9?9*9?9?9?9?9?9?9*9*_?9*9*9?9?9,25.4,24.4,94,100608,9999,9999,404,0,0,0,999900,999900,999900,99990,140,0.0,4,4,999.0,999,9,'999999999,0,0.0000,0,88,999.000,0.0,1.0
2056/2/3,05:00,?9?9?9?9E0?9?9?9?9*9?9*9?9?9?9?9?9?9*9*_?9*9*9?9?9,25.4,24.4,94,100708,9999,9999,407,0,0,0,999900,999900,999900,99990,140,0.0,5,5,999.0,999,9,'999999999,0,0.0000,0,88,999.000,0.0,1.0
2056/2/3,06:00,?9?9?9?9E0?9?9?9?9*9?9*9?9?9?9?9?9?9*9*_?9*9*9?9?9,25.4,24.4,94,100708,9999,9999,407,0,0,0,999900,999900,999900,99990,50,0.0,5,5,999.0,999,9,'999999999,0,0.0000,0,88,999.000,0.0,1.0
2056/2/3,07:00,?9?9?9?9E0?9?9?9?9*9?9*9?9?9?9?9?9?9*9*_?9*9*9?9?9,25.4,24.4,94,100808,9999,9999,407,7,0,7,999900,999900,999900,99990,50,0.0,5,5,999.0,999,9,'999999999,0,0.0000,0,88,999.000,0.0,1.0
2056/2/3,08:00,?9?9?9?9E0?9?9?9?9*9?9*9?9?9?9?9?9?9*9*_?9*9*9?9?9,26.6,25.6,94,100908,9999,9999,423,104,86,86,999900,999900,999900,99990,50,0.0,7,7,999.0,999,9,'999999999,0,0.0000,0,88,999.000,0.0,1.0
2056/2/3,09:00,?9?9?9?9E0?9?9?9?9*9?9*9?9?9?9?9?9?9*9*_?9*9*9?9?9,28.3,25.0,82,100908,9999,9999,439,267,163,197,999900,999900,999900,99990,320,0.0,8,8,999.0,999,9,'999999999,0,0.0000,0,88,999.000,0.0,1.0
2056/2/3,10:00,?9?9?9?9E0?9?9?9?9*9?9*9?9?9?9?9?9?9*9*_?9*9*9?9?9,29.3,24.9,77,101008,9999,9999,445,422,216,289,999900,999900,999900,99990,320,0.1,8,8,999.0,999,9,'999999999,0,0.0000,0,88,999.000,0.0,1.0
2056/2/3,11:00,?9?9?9?9E0?9?9?9?9*9?9*9?9?9?9?9?9?9*9*_?9*9*9?9?9,30.7,24.9,71,100908,9999,9999,453,530,224,361,999900,999900,999900,99990,320,0.0,8,8,999.0,999,9,'999999999,0,0.0000,0,88,999.000,0.0,1.0
2056/2/3,12:00,?9?9?9?9E0?9?9?9?9*9?9*9?9?9?9?9?9?9*9*_?9*9*9?9?9,31.7,24.8,67,100808,9999,9999,459,595,228,403,999900,999900,999900,99990,110,0.0,8,8,999.0,999,9,'999999999,0,0.0000,0,88,999.000,0.0,1.0
2056/2/3,13:00,?9?9?9?9E0?9?9?9?9*9?9*9?9?9?9?9?9?9*9*_?9*9*9?9?9,32.3,24.4,63,100708,9999,9999,455,680,328,395,999900,999900,999900,99990,110,0.3,7,7,999.0,999,9,'999999999,0,0.0000,0,88,999.000,0.0,1.0
2056/2/3,14:00,?9?9?9?9E0?9?9?9?9*9?9*9?9?9?9?9?9?9*9*_?9*9*9?9?9,32.2,24.3,63,100608,9999,9999,445,736,493,327,999900,999900,999900,99990,160,0.4,5,5,999.0,999,9,'999999999,0,0.0000,0,88,999.000,0.0,1.0
2056/2/3,15:00,?9?9?9?9E0?9?9?9?9*9?9*9?9?9?9?9?9?9*9*_?9*9*9?9?9,32.1,24.2,63,100608,9999,9999,444,620,453,290,999900,999900,999900,99990,90,0.5,5,5,999.0,999,9,'999999999,0,0.0000,0,88,999.000,0.0,1.0
2056/2/3,16:00,?9?9?9?9E0?9?9?9?9*9?9*9?9?9?9?9?9?9*9*_?9*9*9?9?9,31.3,24.5,67,100608,9999,9999,440,451,361,244,999900,999900,999900,99990,130,0.5,5,5,999.0,999,9,'999999999,0,0.0000,0,88,999.000,0.0,1.0
2056/2/3,17:00,?9?9?9?9E0?9?9?9?9*9?9*9?9?9?9?9?9?9*9*_?9*9*9?9?9,30.6,24.8,71,100608,9999,9999,436,258,232,171,999900,999900,999900,99990,130,0.5,5,5,999.0,999,9,'999999999,0,0.0000,0,88,999.000,0.0,1.0
2056/2/3,18:00,?9?9?9?9E0?9?9?9?9*9?9*9?9?9?9?9?9?9*9*_?9*9*9?9?9,29.1,24.7,77,100608,9999,9999,428,75,97,61,999900,999900,999900,99990,110,0.2,5,5,999.0,999,9,'999999999,0,0.0000,0,88,999.000,0.0,1.0
2056/2/3,19:00,?9?9?9?9E0?9?9?9?9*9?9*9?9?9?9?9?9?9*9*_?9*9*9?9?9,28.4,24.8,81,100708,9999,9999,421,0,0,0,999900,999900,999900,99990,90,0.2,4,4,999.0,999,9,'999999999,0,0.0000,0,88,999.000,0.0,1.0
2056/2/3,20:00,?9?9?9?9E0?9?9?9?9*9?9*9?9?9?9?9?9?9*9*_?9*9*9?9?9,28.3,25.2,83,100808,9999,9999,421,0,0,0,999900,999900,999900,99990,130,0.1,4,4,999.0,999,9,'999999999,0,0.0000,0,88,999.000,0.0,1.0
2056/2/3,21:00,?9?9?9?9E0?9?9?9?9*9?9*9?9?9?9?9?9?9*9*_?9*9*9?9?9,27.8,25.8,89,100808,9999,9999,422,0,0,0,999900,999900,999900,99990,90,0.1,5,5,999.0,999,9,'999999999,0,0.0000,0,88,999.000,0.0,1.0
2056/2/3,22:00,?9?9?9?9E0?9?9?9?9*9?9*9?9?9?9?9?9?9*9*_?9*9*9?9?9,27.3,25.3,89,100808,9999,9999,412,0,0,0,999900,999900,999900,99990,120,0.0,3,3,999.0,999,9,'999999999,0,0.0000,0,88,999.000,0.0,1.0
2056/2/3,23:00,?9?9?9?9E0?9?9?9?9*9?9*9?9?9?9?9?9?9*9*_?9*9*9?9?9,26.6,24.7,89,100908,9999,9999,411,0,0,0,999900,999900,999900,99990,120,0.0,4,4,999.0,999,9,'999999999,0,0.0000,0,88,999.000,0.0,1.0
2056/2/3,24:00,?9?9?9?9E0?9?9?9?9*9?9*9?9?9?9?9?9?9*9*_?9*9*9?9?9,26.1,24.5,91,100808,9999,9999,411,0,0,0,999900,999900,999900,99990,90,0.0,5,5,999.0,999,9,'999999999,0,0.0000,0,88,999.000,0.0,1.0
2056/2/4,01:00,?9?9?9?9E0?9?9?9?9*9?9*9?9?9?9?9?9?9*9*_?9*9*9?9?9,25.6,24.0,91,100808,9999,9999,407,0,0,0,999900,999900,999900,99990,90,0.0,5,5,999.0,999,9,'999999999,0,0.0000,0,88,999.000,0.0,1.0
2056/2/4,02:00,?9?9?9?9E0?9?9?9?9*9?9*9?9?9?9?9?9?9*9*_?9*9*9?9?9,25.3,23.7,91,100708,9999,9999,405,0,0,0,999900,999900,999900,99990,90,0.0,5,5,999.0,999,9,'999999999,0,0.0000,0,88,999.000,0.0,1.0
2056/2/4,03:00,?9?9?9?9E0?9?9?9?9*9?9*9?9?9?9?9?9?9*9*_?9*9*9?9?9,25.5,23.9,91,100708,9999,9999,407,0,0,0,999900,999900,999900,99990,90,0.0,5,5,999.0,999,9,'999999999,0,0.0000,0,88,999.000,0.0,1.0
2056/2/4,04:00,?9?9?9?9E0?9?9?9?9*9?9*9?9?9?9?9?9?9*9*_?9*9*9?9?9,25.5,23.9,91,100708,9999,9999,407,0,0,0,999900,999900,999900,99990,90,0.0,5,5,999.0,999,9,'999999999,0,0.0000,0,88,999.000,0.0,1.0
2056/2/4,05:00,?9?9?9?9E0?9?9?9?9*9?9*9?9?9?9?9?9?9*9*_?9*9*9?9?9,25.3,23.7,91,100708,9999,9999,405,0,0,0,999900,999900,999900,99990,90,0.0,5,5,999.0,999,9,'999999999,0,0.0000,0,88,999.000,0.0,1.0
2056/2/4,06:00,?9?9?9?9E0?9?9?9?9*9?9*9?9?9?9?9?9?9*9*_?9*9*9?9?9,25.4,23.8,91,100708,9999,9999,414,0,0,0,999900,999900,999900,99990,90,0.0,7,7,999.0,999,9,'999999999,0,0.0000,0,88,999.000,0.0,1.0
2056/2/4,07:00,?9?9?9?9E0?9?9?9?9*9?9*9?9?9?9?9?9?9*9*_?9*9*9?9?9,25.0,23.4,91,100808,9999,9999,403,7,0,7,999900,999900,999900,99990,90,0.0,5,5,999.0,999,9,'999999999,0,0.0000,0,88,999.000,0.0,1.0
2056/2/4,08:00,?9?9?9?9E0?9?9?9?9*9?9*9?9?9?9?9?9?9*9*_?9*9*9?9?9,25.9,24.3,91,100908,9999,9999,409,133,196,93,999900,999900,999900,99990,90,0.0,5,5,999.0,999,9,'999999999,0,0.0000,0,88,999.000,0.0,1.0
2056/2/4,09:00,?9?9?9?9E0?9?9?9?9*9?9*9?9?9?9?9?9?9*9*_?9*9*9?9?9,27.7,26.7,94,101108,9999,9999,422,338,375,177,999900,999900,999900,99990,90,0.0,5,5,999.0,999,9,'999999999,0,0.0000,0,88,999.000,0.0,1.0
2056/2/4,10:00,?9?9?9?9E0?9?9?9?9*9?9*9?9?9?9?9?9?9*9*_?9*9*9?9?9,29.8,25.4,77,101108,9999,9999,436,510,423,249,999900,999900,999900,99990,90,0.0,6,6,999.0,999,9,'999999999,0,0.0000,0,88,999.000,0.0,1.0
2056/2/4,11:00,?9?9?9?9E0?9?9?9?9*9?9*9?9?9?9?9?9?9*9*_?9*9*9?9?9,31.5,23.9,64,101108,9999,9999,449,604,367,325,999900,999900,999900,99990,90,0.1,7,7,999.0,999,9,'999999999,0,0.0000,0,88,999.000,0.0,1.0
2056/2/4,12:00,?9?9?9?9E0?9?9?9?9*9?9*9?9?9?9?9?9?9*9*_?9*9*9?9?9,31.7,24.1,64,100908,9999,9999,451,670,348,375,999900,999900,999900,99990,110,0.3,7,7,999.0,999,9,'999999999,0,0.0000,0,88,999.000,0.0,1.0
2056/2/4,13:00,?9?9?9?9E0?9?9?9?9*9?9*9?9?9?9?9?9?9*9*_?9*9*9?9?9,32.2,24.5,64,100808,9999,9999,454,683,334,392,999900,999900,999900,99990,110,0.5,7,7,999.0,999,9,'999999999,0,0.0000,0,88,999.000,0.0,1.0
2056/2/4,14:00,?9?9?9?9E0?9?9?9?9*9?9*9?9?9?9?9?9?9*9*_?9*9*9?9?9,32.2,24.5,64,100708,9999,9999,454,636,317,373,999900,999900,999900,99990,110,0.1,7,7,999.0,999,9,'999999999,0,0.0000,0,88,999.000,0.0,1.0
2056/2/4,15:00,?9?9?9?9E0?9?9?9?9*9?9*9?9?9?9?9?9?9*9*_?9*9*9?9?9,32.2,24.3,63,100608,9999,9999,449,582,369,312,999900,999900,999900,99990,140,0.5,6,6,999.0,999,9,'999999999,0,0.0000,0,88,999.000,0.0,1.0
2056/2/4,16:00,?9?9?9?9E0?9?9?9?9*9?9*9?9?9?9?9?9?9*9*_?9*9*9?9?9,32.0,24.4,64,100608,9999,9999,444,456,373,241,999900,999900,999900,99990,120,0.5,5,5,999.0,999,9,'999999999,0,0.0000,0,88,999.000,0.0,1.0
2056/2/4,17:00,?9?9?9?9E0?9?9?9?9*9?9*9?9?9?9?9?9?9*9*_?9*9*9?9?9,30.7,24.1,68,100608,9999,9999,436,264,252,169,999900,999900,999900,99990,120,0.5,5,5,999.0,999,9,'999999999,0,0.0000,0,88,999.000,0.0,1.0
2056/2/4,18:00,?9?9?9?9E0?9?9?9?9*9?9*9?9?9?9?9?9?9*9*_?9*9*9?9?9,28.8,24.4,77,100708,9999,9999,426,77,105,61,999900,999900,999900,99990,140,0.6,5,5,999.0,999,9,'999999999,0,0.0000,0,88,999.000,0.0,1.0
2056/2/4,19:00,?9?9?9?9E0?9?9?9?9*9?9*9?9?9?9?9?9?9*9*_?9*9*9?9?9,28.2,24.4,80,100708,9999,9999,422,0,0,0,999900,999900,999900,99990,110,0.3,5,5,999.0,999,9,'999999999,0,0.0000,0,88,999.000,0.0,1.0
2056/2/4,20:00,?9?9?9?9E0?9?9?9?9*9?9*9?9?9?9?9?9?9*9*_?9*9*9?9?9,27.8,24.7,83,100808,9999,9999,420,0,0,0,999900,999900,999900,99990,110,0.0,5,5,999.0,999,9,'999999999,0,0.0000,0,88,999.000,0.0,1.0
2056/2/4,21:00,?9?9?9?9E0?9?9?9?9*9?9*9?9?9?9?9?9?9*9*_?9*9*9?9?9,27.4,24.5,84,100908,9999,9999,407,0,0,0,999900,999900,999900,99990,110,0.0,2,2,999.0,999,9,'999999999,0,0.0000,0,88,999.000,0.0,1.0
2056/2/4,22:00,?9?9?9?9E0?9?9?9?9*9?9*9?9?9?9?9?9?9*9*_?9*9*9?9?9,27.3,24.6,85,100908,9999,9999,402,0,0,0,999900,999900,999900,99990,110,0.0,1,1,999.0,999,9,'999999999,0,0.0000,0,88,999.000,0.0,1.0
2056/2/4,23:00,?9?9?9?9E0?9?9?9?9*9?9*9?9?9?9?9?9?9*9*_?9*9*9?9?9,26.5,24.0,86,100908,9999,9999,402,0,0,0,999900,999900,999900,99990,110,0.0,2,2,999.0,999,9,'999999999,0,0.0000,0,88,999.000,0.0,1.0
2056/2/4,24:00,?9?9?9?9E0?9?9?9?9*9?9*9?9?9?9?9?9?9*9*_?9*9*9?9?9,25.5,24.1,92,100908,9999,9999,397,0,0,0,999900,999900,999900,99990,90,0.0,2,2,999.0,999,9,'999999999,0,0.0000,0,88,999.000,0.0,1.0
2056/2/5,01:00,?9?9?9?9E0?9?9?9?9*9?9*9?9?9?9?9?9?9*9*_?9*9*9?9?9,24.5,23.5,94,100908,9999,9999,395,0,0,0,999900,999900,999900,99990,110,0.0,3,3,999.0,999,9,'999999999,0,0.0000,0,88,999.000,0.0,1.0
2056/2/5,02:00,?9?9?9?9E0?9?9?9?9*9?9*9?9?9?9?9?9?9*9*_?9*9*9?9?9,24.3,23.3,94,100908,9999,9999,393,0,0,0,999900,999900,999900,99990,110,0.0,3,3,999.0,999,9,'999999999,0,0.0000,0,88,999.000,0.0,1.0
2056/2/5,03:00,?9?9?9?9E0?9?9?9?9*9?9*9?9?9?9?9?9?9*9*_?9*9*9?9?9,23.9,23.1,95,100808,9999,9999,391,0,0,0,999900,999900,999900,99990,110,0.0,3,3,999.0,999,9,'999999999,0,0.0000,0,88,999.000,0.0,1.0
2056/2/5,04:00,?9?9?9?9E0?9?9?9?9*9?9*9?9?9?9?9?9?9*9*_?9*9*9?9?9,24.0,23.2,95,100808,9999,9999,388,0,0,0,999900,999900,999900,99990,110,0.0,2,2,999.0,999,9,'999999999,0,0.0000,0,88,999.000,0.0,1.0
2056/2/5,05:00,?9?9?9?9E0?9?9?9?9*9?9*9?9?9?9?9?9?9*9*_?9*9*9?9?9,24.2,23.4,95,100808,9999,9999,399,0,0,0,999900,999900,999900,99990,110,0.0,5,5,999.0,999,9,'999999999,0,0.0000,0,88,999.000,0.0,1.0
2056/2/5,06:00,?9?9?9?9E0?9?9?9?9*9?9*9?9?9?9?9?9?9*9*_?9*9*9?9?9,24.5,23.8,96,100908,9999,9999,409,0,0,0,999900,999900,999900,99990,110,0.0,7,7,999.0,999,9,'999999999,0,0.0000,0,88,999.000,0.0,1.0
2056/2/5,07:00,?9?9?9?9E0?9?9?9?9*9?9*9?9?9?9?9?9?9*9*_?9*9*9?9?9,24.7,24.0,96,100908,9999,9999,417,7,0,7,999900,999900,999900,99990,110,0.0,8,8,999.0,999,9,'999999999,0,0.0000,0,88,999.000,0.0,1.0
2056/2/5,08:00,?9?9?9?9E0?9?9?9?9*9?9*9?9?9?9?9?9?9*9*_?9*9*9?9?9,26.0,25.3,96,101008,9999,9999,415,118,159,85,999900,999900,999900,99990,110,0.0,6,6,999.0,999,9,'999999999,0,0.0000,0,88,999.000,0.0,1.0
2056/2/5,09:00,?9?9?9?9E0?9?9?9?9*9?9*9?9?9?9?9?9?9*9*_?9*9*9?9?9,27.8,23.2,76,101108,9999,9999,418,364,512,144,999900,999900,999900,99990,320,0.0,5,5,999.0,999,9,'999999999,0,0.0000,0,88,999.000,0.0,1.0
2056/2/5,10:00,?9?9?9?9E0?9?9?9?9*9?9*9?9?9?9?9?9?9*9*_?9*9*9?9?9,29.7,21.7,62,101108,9999,9999,424,606,737,150,999900,999900,999900,99990,320,0.0,4,4,999.0,999,9,'999999999,0,0.0000,0,88,999.000,0.0,1.0
2056/2/5,11:00,?9?9?9?9E0?9?9?9?9*9?9*9?9?9?9?9?9?9*9*_?9*9*9?9?9,30.9,22.2,60,101108,9999,9999,428,770,787,171,999900,999900,999900,99990,320,0.0,3,3,999.0,999,9,'999999999,0,0.0000,0,88,999.000,0.0,1.0
2056/2/5,12:00,?9?9?9?9E0?9?9?9?9*9?9*9?9?9?9?9?9?9*9*_?9*9*9?9?9,32.1,22.2,56,101008,9999,9999,435,862,788,194,999900,999900,999900,99990,150,0.0,3,3,999.0,999,9,'999999999,0,0.0000,0,88,999.000,0.0,1.0
2056/2/5,13:00,?9?9?9?9E0?9?9?9?9*9?9*9?9?9?9?9?9?9*9*_?9*9*9?9?9,32.0,22.1,56,100908,9999,9999,434,883,776,205,999900,999900,999900,99990,150,0.3,3,3,999.0,999,9,'999999999,0,0.0000,0,88,999.000,0.0,1.0
2056/2/5,14:00,?9?9?9?9E0?9?9?9?9*9?9*9?9?9?9?9?9?9*9*_?9*9*9?9?9,32.0,22.1,56,100808,9999,9999,434,825,744,205,999900,999900,999900,99990,150,0.2,3,3,999.0,999,9,'999999999,0,0.0000,0,88,999.000,0.0,1.0
2056/2/5,15:00,?9?9?9?9E0?9?9?9?9*9?9*9?9?9?9?9?9?9*9*_?9*9*9?9?9,31.6,22.3,58,100808,9999,9999,432,698,688,194,999900,999900,999900,99990,120,0.6,3,3,999.0,999,9,'999999999,0,0.0000,0,88,999.000,0.0,1.0
2056/2/5,16:00,?9?9?9?9E0?9?9?9?9*9?9*9?9?9?9?9?9?9*9*_?9*9*9?9?9,30.7,21.5,58,100708,9999,9999,426,518,599,171,999900,999900,999900,99990,90,0.5,3,3,999.0,999,9,'999999999,0,0.0000,0,88,999.000,0.0,1.0
2056/2/5,17:00,?9?9?9?9E0?9?9?9?9*9?9*9?9?9?9?9?9?9*9*_?9*9*9?9?9,30.0,21.9,62,100808,9999,9999,423,304,444,135,999900,999900,999900,99990,90,0.4,3,3,999.0,999,9,'999999999,0,0.0000,0,88,999.000,0.0,1.0
2056/2/5,18:00,?9?9?9?9E0?9?9?9?9*9?9*9?9?9?9?9?9?9*9*_?9*9*9?9?9,27.4,21.7,71,100808,9999,9999,408,94,226,60,999900,999900,999900,99990,140,0.4,3,3,999.0,999,9,'999999999,0,0.0000,0,88,999.000,0.0,1.0
2056/2/5,19:00,?9?9?9?9E0?9?9?9?9*9?9*9?9?9?9?9?9?9*9*_?9*9*9?9?9,27.6,22.8,75,100808,9999,9999,417,0,0,0,999900,999900,999900,99990,120,0.3,5,5,999.0,999,9,'999999999,0,0.0000,0,88,999.000,0.0,1.0
2056/2/5,20:00,?9?9?9?9E0?9?9?9?9*9?9*9?9?9?9?9?9?9*9*_?9*9*9?9?9,26.9,22.3,76,100908,9999,9999,412,0,0,0,999900,999900,999900,99990,130,0.2,5,5,999.0,999,9,'999999999,0,0.0000,0,88,999.000,0.0,1.0
2056/2/5,21:00,?9?9?9?9E0?9?9?9?9*9?9*9?9?9?9?9?9?9*9*_?9*9*9?9?9,26.4,23.1,82,101108,9999,9999,408,0,0,0,999900,999900,999900,99990,90,0.1,4,4,999.0,999,9,'999999999,0,0.0000,0,88,999.000,0.0,1.0
2056/2/5,22:00,?9?9?9?9E0?9?9?9?9*9?9*9?9?9?9?9?9?9*9*_?9*9*9?9?9,25.2,23.1,88,101108,9999,9999,401,0,0,0,999900,999900,999900,99990,90,0.0,4,4,999.0,999,9,'999999999,0,0.0000,0,88,999.000,0.0,1.0
2056/2/5,23:00,?9?9?9?9E0?9?9?9?9*9?9*9?9?9?9?9?9?9*9*_?9*9*9?9?9,24.4,22.3,88,101108,9999,9999,396,0,0,0,999900,999900,999900,99990,90,0.0,4,4,999.0,999,9,'999999999,0,0.0000,0,88,999.000,0.0,1.0
2056/2/5,24:00,?9?9?9?9E0?9?9?9?9*9?9*9?9?9?9?9?9?9*9*_?9*9*9?9?9,23.9,22.5,92,101008,9999,9999,393,0,0,0,999900,999900,999900,99990,110,0.0,4,4,999.0,999,9,'999999999,0,0.0000,0,88,999.000,0.0,1.0
2056/2/6,01:00,?9?9?9?9E0?9?9?9?9*9?9*9?9?9?9?9?9?9*9*_?9*9*9?9?9,23.5,22.1,92,101008,9999,9999,394,0,0,0,999900,999900,999900,99990,110,0.0,5,5,999.0,999,9,'999999999,0,0.0000,0,88,999.000,0.0,1.0
2056/2/6,02:00,?9?9?9?9E0?9?9?9?9*9?9*9?9?9?9?9?9?9*9*_?9*9*9?9?9,23.3,21.9,92,100908,9999,9999,393,0,0,0,999900,999900,999900,99990,110,0.0,5,5,999.0,999,9,'999999999,0,0.0000,0,88,999.000,0.0,1.0
2056/2/6,03:00,?9?9?9?9E0?9?9?9?9*9?9*9?9?9?9?9?9?9*9*_?9*9*9?9?9,23.5,22.1,92,100908,9999,9999,394,0,0,0,999900,999900,999900,99990,110,0.0,5,5,999.0,999,9,'999999999,0,0.0000,0,88,999.000,0.0,1.0
2056/2/6,04:00,?9?9?9?9E0?9?9?9?9*9?9*9?9?9?9?9?9?9*9*_?9*9*9?9?9,23.3,21.9,92,100908,9999,9999,393,0,0,0,999900,999900,999900,99990,110,0.0,5,5,999.0,999,9,'999999999,0,0.0000,0,88,999.000,0.0,1.0
2056/2/6,05:00,?9?9?9?9E0?9?9?9?9*9?9*9?9?9?9?9?9?9*9*_?9*9*9?9?9,23.0,21.6,92,100908,9999,9999,391,0,0,0,999900,999900,999900,99990,110,0.0,5,5,999.0,999,9,'999999999,0,0.0000,0,88,999.000,0.0,1.0
2056/2/6,06:00,?9?9?9?9E0?9?9?9?9*9?9*9?9?9?9?9?9?9*9*_?9*9*9?9?9,22.8,21.8,94,100908,9999,9999,390,0,0,0,999900,999900,999900,99990,290,0.0,5,5,999.0,999,9,'999999999,0,0.0000,0,88,999.000,0.0,1.0
2056/2/6,07:00,?9?9?9?9E0?9?9?9?9*9?9*9?9?9?9?9?9?9*9*_?9*9*9?9?9,22.7,21.7,94,100908,9999,9999,389,7,0,7,999900,999900,999900,99990,290,0.0,5,5,999.0,999,9,'999999999,0,0.0000,0,88,999.000,0.0,1.0
2056/2/6,08:00,?9?9?9?9E0?9?9?9?9*9?9*9?9?9?9?9?9?9*9*_?9*9*9?9?9,23.6,22.4,93,101008,9999,9999,395,133,214,88,999900,999900,999900,99990,290,0.0,5,5,999.0,999,9,'999999999,0,0.0000,0,88,999.000,0.0,1.0
2056/2/6,09:00,?9?9?9?9E0?9?9?9?9*9?9*9?9?9?9?9?9?9*9*_?9*9*9?9?9,26.6,24.5,88,101108,9999,9999,413,345,430,159,999900,999900,999900,99990,270,0.0,5,5,999.0,999,9,'999999999,0,0.0000,0,88,999.000,0.0,1.0
2056/2/6,10:00,?9?9?9?9E0?9?9?9?9*9?9*9?9?9?9?9?9?9*9*_?9*9*9?9?9,29.2,24.3,75,101108,9999,9999,428,546,556,201,999900,999900,999900,99990,280,0.1,5,5,999.0,999,9,'999999999,0,0.0000,0,88,999.000,0.0,1.0
2056/2/6,11:00,?9?9?9?9E0?9?9?9?9*9?9*9?9?9?9?9?9?9*9*_?9*9*9?9?9,30.6,22.5,62,101108,9999,9999,433,701,617,229,999900,999900,999900,99990,280,0.1,5,5,999.0,999,9,'999999999,0,0.0000,0,88,999.000,0.0,1.0
2056/2/6,12:00,?9?9?9?9E0?9?9?9?9*9?9*9?9?9?9?9?9?9*9*_?9*9*9?9?9,32.8,18.2,42,101008,9999,9999,440,834,716,225,999900,999900,999900,99990,50,0.1,5,5,999.0,999,9,'999999999,0,0.0000,0,88,999.000,0.0,1.0
2056/2/6,13:00,?9?9?9?9E0?9?9?9?9*9?9*9?9?9?9?9?9?9*9*_?9*9*9?9?9,34.0,14.5,31,100908,9999,9999,442,884,765,214,999900,999900,999900,99990,50,0.1,5,5,999.0,999,9,'999999999,0,0.0000,0,88,999.000,0.0,1.0
2056/2/6,14:00,?9?9?9?9E0?9?9?9?9*9?9*9?9?9?9?9?9?9*9*_?9*9*9?9?9,34.1,15.6,33,100808,9999,9999,444,822,729,213,999900,999900,999900,99990,50,0.1,5,5,999.0,999,9,'999999999,0,0.0000,0,88,999.000,0.0,1.0
2056/2/6,15:00,?9?9?9?9E0?9?9?9?9*9?9*9?9?9?9?9?9?9*9*_?9*9*9?9?9,33.5,14.1,31,100708,9999,9999,438,713,712,189,999900,999900,999900,99990,130,0.8,5,5,999.0,999,9,'999999999,0,0.0000,0,88,999.000,0.0,1.0
2056/2/6,16:00,?9?9?9?9E0?9?9?9?9*9?9*9?9?9?9?9?9?9*9*_?9*9*9?9?9,32.9,13.6,31,100708,9999,9999,434,535,640,163,999900,999900,999900,99990,140,0.8,5,5,999.0,999,9,'999999999,0,0.0000,0,88,999.000,0.0,1.0
2056/2/6,17:00,?9?9?9?9E0?9?9?9?9*9?9*9?9?9?9?9?9?9*9*_?9*9*9?9?9,31.9,13.7,33,100708,9999,9999,429,319,494,130,999900,999900,999900,99990,140,0.5,5,5,999.0,999,9,'999999999,0,0.0000,0,88,999.000,0.0,1.0
2056/2/6,18:00,?9?9?9?9E0?9?9?9?9*9?9*9?9?9?9?9?9?9*9*_?9*9*9?9?9,29.3,21.5,63,100808,9999,9999,422,96,231,60,999900,999900,999900,99990,140,0.6,4,4,999.0,999,9,'999999999,0,0.0000,0,88,999.000,0.0,1.0
2056/2/6,19:00,?9?9?9?9E0?9?9?9?9*9?9*9?9?9?9?9?9?9*9*_?9*9*9?9?9,28.3,24.3,79,100808,9999,9999,420,0,0,0,999900,999900,999900,99990,120,0.4,4,4,999.0,999,9,'999999999,0,0.0000,0,88,999.000,0.0,1.0
2056/2/6,20:00,?9?9?9?9E0?9?9?9?9*9?9*9?9?9?9?9?9?9*9*_?9*9*9?9?9,27.6,24.9,85,100908,9999,9999,416,0,0,0,999900,999900,999900,99990,120,0.7,4,4,999.0,999,9,'999999999,0,0.0000,0,88,999.000,0.0,1.0
2056/2/6,21:00,?9?9?9?9E0?9?9?9?9*9?9*9?9?9?9?9?9?9*9*_?9*9*9?9?9,26.9,24.2,85,101008,9999,9999,412,0,0,0,999900,999900,999900,99990,90,0.7,4,4,999.0,999,9,'999999999,0,0.0000,0,88,999.000,0.0,1.0
2056/2/6,22:00,?9?9?9?9E0?9?9?9?9*9?9*9?9?9?9?9?9?9*9*_?9*9*9?9?9,26.0,23.9,88,101008,9999,9999,403,0,0,0,999900,999900,999900,99990,90,0.2,3,3,999.0,999,9,'999999999,0,0.0000,0,88,999.000,0.0,1.0
2056/2/6,23:00,?9?9?9?9E0?9?9?9?9*9?9*9?9?9?9?9?9?9*9*_?9*9*9?9?9,25.2,23.6,91,101008,9999,9999,399,0,0,0,999900,999900,999900,99990,90,0.1,3,3,999.0,999,9,'999999999,0,0.0000,0,88,999.000,0.0,1.0
2056/2/6,24:00,?9?9?9?9E0?9?9?9?9*9?9*9?9?9?9?9?9?9*9*_?9*9*9?9?9,25.2,23.6,91,101008,9999,9999,399,0,0,0,999900,999900,999900,99990,90,0.1,3,3,999.0,999,9,'999999999,0,0.0000,0,88,999.000,0.0,1.0
2056/2/7,01:00,?9?9?9?9E0?9?9?9?9*9?9*9?9?9?9?9?9?9*9*_?9*9*9?9?9,25.0,23.4,91,101008,9999,9999,397,0,0,0,999900,999900,999900,99990,90,0.1,3,3,999.0,999,9,'999999999,0,0.0000,0,88,999.000,0.0,1.0
2056/2/7,02:00,?9?9?9?9E0?9?9?9?9*9?9*9?9?9?9?9?9?9*9*_?9*9*9?9?9,24.6,23.0,91,100908,9999,9999,395,0,0,0,999900,999900,999900,99990,90,0.1,3,3,999.0,999,9,'999999999,0,0.0000,0,88,999.000,0.0,1.0
2056/2/7,03:00,?9?9?9?9E0?9?9?9?9*9?9*9?9?9?9?9?9?9*9*_?9*9*9?9?9,23.9,22.7,93,100908,9999,9999,391,0,0,0,999900,999900,999900,99990,90,0.1,3,3,999.0,999,9,'999999999,0,0.0000,0,88,999.000,0.0,1.0
2056/2/7,04:00,?9?9?9?9E0?9?9?9?9*9?9*9?9?9?9?9?9?9*9*_?9*9*9?9?9,24.2,23.0,93,100908,9999,9999,396,0,0,0,999900,999900,999900,99990,90,0.1,4,4,999.0,999,9,'999999999,0,0.0000,0,88,999.000,0.0,1.0
2056/2/7,05:00,?9?9?9?9E0?9?9?9?9*9?9*9?9?9?9?9?9?9*9*_?9*9*9?9?9,24.4,23.2,93,100908,9999,9999,397,0,0,0,999900,999900,999900,99990,90,0.1,4,4,999.0,999,9,'999999999,0,0.0000,0,88,999.000,0.0,1.0
2056/2/7,06:00,?9?9?9?9E0?9?9?9?9*9?9*9?9?9?9?9?9?9*9*_?9*9*9?9?9,23.6,22.6,94,101008,9999,9999,392,0,0,0,999900,999900,999900,99990,320,0.1,4,4,999.0,999,9,'999999999,0,0.0000,0,88,999.000,0.0,1.0
2056/2/7,07:00,?9?9?9?9E0?9?9?9?9*9?9*9?9?9?9?9?9?9*9*_?9*9*9?9?9,23.4,22.6,95,101008,9999,9999,388,8,0,8,999900,999900,999900,99990,320,0.1,3,3,999.0,999,9,'999999999,0,0.0000,0,88,999.000,0.0,1.0
2056/2/7,08:00,?9?9?9?9E0?9?9?9?9*9?9*9?9?9?9?9?9?9*9*_?9*9*9?9?9,23.8,23.0,95,101108,9999,9999,393,144,261,89,999900,999900,999900,99990,320,0.1,4,4,999.0,999,9,'999999999,0,0.0000,0,88,999.000,0.0,1.0
2056/2/7,09:00,?9?9?9?9E0?9?9?9?9*9?9*9?9?9?9?9?9?9*9*_?9*9*9?9?9,24.9,24.2,96,101208,9999,9999,407,317,319,179,999900,999900,999900,99990,320,0.1,6,6,999.0,999,9,'999999999,0,0.0000,0,88,999.000,0.0,1.0
2056/2/7,10:00,?9?9?9?9E0?9?9?9?9*9?9*9?9?9?9?9?9?9*9*_?9*9*9?9?9,28.4,26.8,91,101208,9999,9999,435,440,289,260,999900,999900,999900,99990,320,0.1,7,7,999.0,999,9,'999999999,0,0.0000,0,88,999.000,0.0,1.0
2056/2/7,11:00,?9?9?9?9E0?9?9?9?9*9?9*9?9?9?9?9?9?9*9*_?9*9*9?9?9,31.0,23.1,63,101108,9999,9999,440,657,496,277,999900,999900,999900,99990,320,0.3,6,6,999.0,999,9,'999999999,0,0.0000,0,88,999.000,0.0,1.0
2056/2/7,12:00,?9?9?9?9E0?9?9?9?9*9?9*9?9?9?9?9?9?9*9*_?9*9*9?9?9,33.0,22.2,53,101008,9999,9999,443,828,688,241,999900,999900,999900,99990,140,0.2,4,4,999.0,999,9,'999999999,0,0.0000,0,88,999.000,0.0,1.0
2056/2/7,13:00,?9?9?9?9E0?9?9?9?9*9?9*9?9?9?9?9?9?9*9*_?9*9*9?9?9,34.1,20.1,44,101008,9999,9999,447,880,747,224,999900,999900,999900,99990,140,0.4,4,4,999.0,999,9,'999999999,0,0.0000,0,88,999.000,0.0,1.0
2056/2/7,14:00,?9?9?9?9E0?9?9?9?9*9?9*9?9?9?9?9?9?9*9*_?9*9*9?9?9,34.2,19.9,43,100808,9999,9999,447,833,740,212,999900,999900,999900,99990,140,0.5,4,4,999.0,999,9,'999999999,0,0.0000,0,88,999.000,0.0,1.0
2056/2/7,15:00,?9?9?9?9E0?9?9?9?9*9?9*9?9?9?9?9?9?9*9*_?9*9*9?9?9,34.1,17.4,37,100808,9999,9999,443,730,738,185,999900,999900,999900,99990,110,1.0,4,4,999.0,999,9,'999999999,0,0.0000,0,88,999.000,0.0,1.0
2056/2/7,16:00,?9?9?9?9E0?9?9?9?9*9?9*9?9?9?9?9?9?9*9*_?9*9*9?9?9,33.8,15.8,34,100708,9999,9999,443,529,617,169,999900,999900,999900,99990,110,1.3,5,5,999.0,999,9,'999999999,0,0.0000,0,88,999.000,0.0,1.0
2056/2/7,17:00,?9?9?9?9E0?9?9?9?9*9?9*9?9?9?9?9?9?9*9*_?9*9*9?9?9,32.3,18.1,43,100708,9999,9999,431,336,544,127,999900,999900,999900,99990,110,1.0,3,3,999.0,999,9,'999999999,0,0.0000,0,88,999.000,0.0,1.0
2056/2/7,18:00,?9?9?9?9E0?9?9?9?9*9?9*9?9?9?9?9?9?9*9*_?9*9*9?9?9,35.0,29.4,73,100808,9999,9999,461,91,194,61,999900,999900,999900,99990,130,0.6,3,3,999.0,999,9,'999999999,0,0.0000,0,88,999.000,0.0,1.0
2056/2/7,19:00,?9?9?9?9E0?9?9?9?9*9?9*9?9?9?9?9?9?9*9*_?9*9*9?9?9,29.1,25.7,82,100808,9999,9999,422,0,0,0,999900,999900,999900,99990,90,0.7,3,3,999.0,999,9,'999999999,0,0.0000,0,88,999.000,0.0,1.0
2056/2/7,20:00,?9?9?9?9E0?9?9?9?9*9?9*9?9?9?9?9?9?9*9*_?9*9*9?9?9,28.3,25.2,83,100908,9999,9999,417,0,0,0,999900,999900,999900,99990,90,0.7,3,3,999.0,999,9,'999999999,0,0.0000,0,88,999.000,0.0,1.0
2056/2/7,21:00,?9?9?9?9E0?9?9?9?9*9?9*9?9?9?9?9?9?9*9*_?9*9*9?9?9,27.4,25.4,89,100908,9999,9999,413,0,0,0,999900,999900,999900,99990,90,0.1,3,3,999.0,999,9,'999999999,0,0.0000,0,88,999.000,0.0,1.0
2056/2/7,22:00,?9?9?9?9E0?9?9?9?9*9?9*9?9?9?9?9?9?9*9*_?9*9*9?9?9,26.1,24.2,89,101008,9999,9999,400,0,0,0,999900,999900,999900,99990,90,0.2,2,2,999.0,999,9,'999999999,0,0.0000,0,88,999.000,0.0,1.0
2056/2/7,23:00,?9?9?9?9E0?9?9?9?9*9?9*9?9?9?9?9?9?9*9*_?9*9*9?9?9,25.7,24.5,93,101008,9999,9999,386,0,0,0,999900,999900,999900,99990,90,0.0,0,0,999.0,999,9,'999999999,0,0.0000,0,88,999.000,0.0,1.0
2056/2/7,24:00,?9?9?9?9E0?9?9?9?9*9?9*9?9?9?9?9?9?9*9*_?9*9*9?9?9,25.0,24.0,94,101008,9999,9999,389,0,0,0,999900,999900,999900,99990,90,0.0,1,1,999.0,999,9,'999999999,0,0.0000,0,88,999.000,0.0,1.0
2056/2/8,01:00,?9?9?9?9E0?9?9?9?9*9?9*9?9?9?9?9?9?9*9*_?9*9*9?9?9,24.5,23.5,94,101008,9999,9999,395,0,0,0,999900,999900,999900,99990,90,0.0,3,3,999.0,999,9,'999999999,0,0.0000,0,88,999.000,0.0,1.0
2056/2/8,02:00,?9?9?9?9E0?9?9?9?9*9?9*9?9?9?9?9?9?9*9*_?9*9*9?9?9,24.7,23.7,94,100908,9999,9999,396,0,0,0,999900,999900,999900,99990,90,0.0,3,3,999.0,999,9,'999999999,0,0.0000,0,88,999.000,0.0,1.0
2056/2/8,03:00,?9?9?9?9E0?9?9?9?9*9?9*9?9?9?9?9?9?9*9*_?9*9*9?9?9,24.5,23.5,94,100908,9999,9999,395,0,0,0,999900,999900,999900,99990,90,0.0,3,3,999.0,999,9,'999999999,0,0.0000,0,88,999.000,0.0,1.0
2056/2/8,04:00,?9?9?9?9E0?9?9?9?9*9?9*9?9?9?9?9?9?9*9*_?9*9*9?9?9,23.9,22.9,94,100908,9999,9999,387,0,0,0,999900,999900,999900,99990,90,0.0,2,2,999.0,999,9,'999999999,0,0.0000,0,88,999.000,0.0,1.0
2056/2/8,05:00,?9?9?9?9E0?9?9?9?9*9?9*9?9?9?9?9?9?9*9*_?9*9*9?9?9,23.6,22.6,94,100908,9999,9999,385,0,0,0,999900,999900,999900,99990,90,0.0,2,2,999.0,999,9,'999999999,0,0.0000,0,88,999.000,0.0,1.0
2056/2/8,06:00,?9?9?9?9E0?9?9?9?9*9?9*9?9?9?9?9?9?9*9*_?9*9*9?9?9,22.8,21.6,93,101008,9999,9999,375,0,0,0,999900,999900,999900,99990,360,0.0,1,1,999.0,999,9,'999999999,0,0.0000,0,88,999.000,0.0,1.0
2056/2/8,07:00,?9?9?9?9E0?9?9?9?9*9?9*9?9?9?9?9?9?9*9*_?9*9*9?9?9,22.6,21.4,93,101008,9999,9999,373,8,0,8,999900,999900,999900,99990,360,0.0,1,1,999.0,999,9,'999999999,0,0.0000,0,88,999.000,0.0,1.0
2056/2/8,08:00,?9?9?9?9E0?9?9?9?9*9?9*9?9?9?9?9?9?9*9*_?9*9*9?9?9,23.9,22.7,93,101108,9999,9999,391,152,285,92,999900,999900,999900,99990,360,0.0,3,3,999.0,999,9,'999999999,0,0.0000,0,88,999.000,0.0,1.0
2056/2/8,09:00,?9?9?9?9E0?9?9?9?9*9?9*9?9?9?9?9?9?9*9*_?9*9*9?9?9,26.3,23.8,86,101208,9999,9999,411,352,424,168,999900,999900,999900,99990,320,0.0,5,5,999.0,999,9,'999999999,0,0.0000,0,88,999.000,0.0,1.0
2056/2/8,10:00,?9?9?9?9E0?9?9?9?9*9?9*9?9?9?9?9?9?9*9*_?9*9*9?9?9,29.2,24.1,74,101208,9999,9999,428,555,541,217,999900,999900,999900,99990,320,1.2,5,5,999.0,999,9,'999999999,0,0.0000,0,88,999.000,0.0,1.0
2056/2/8,11:00,?9?9?9?9E0?9?9?9?9*9?9*9?9?9?9?9?9?9*9*_?9*9*9?9?9,30.9,22.8,62,101208,9999,9999,435,710,591,256,999900,999900,999900,99990,270,1.5,5,5,999.0,999,9,'999999999,0,0.0000,0,88,999.000,0.0,1.0
2056/2/8,12:00,?9?9?9?9E0?9?9?9?9*9?9*9?9?9?9?9?9?9*9*_?9*9*9?9?9,32.4,23.7,60,101108,9999,9999,445,789,575,297,999900,999900,999900,99990,360,1.5,5,5,999.0,999,9,'999999999,0,0.0000,0,88,999.000,0.0,1.0
2056/2/8,13:00,?9?9?9?9E0?9?9?9?9*9?9*9?9?9?9?9?9?9*9*_?9*9*9?9?9,32.9,24.1,60,101008,9999,9999,453,762,472,346,999900,999900,999900,99990,360,1.6,6,6,999.0,999,9,'999999999,0,0.0000,0,88,999.000,0.0,1.0
2056/2/8,14:00,?9?9?9?9E0?9?9?9?9*9?9*9?9?9?9?9?9?9*9*_?9*9*9?9?9,32.2,22.9,58,100908,9999,9999,452,666,362,361,999900,999900,999900,99990,360,1.8,7,7,999.0,999,9,'999999999,0,0.0000,0,88,999.000,0.0,1.0
2056/2/8,15:00,?9?9?9?9E0?9?9?9?9*9?9*9?9?9?9?9?9?9*9*_?9*9*9?9?9,31.5,21.7,56,100908,9999,9999,446,572,330,328,999900,999900,999900,99990,90,2.0,7,7,999.0,999,9,'999999999,0,0.0000,0,88,999.000,0.0,1.0
2056/2/8,16:00,?9?9?9?9E0?9?9?9?9*9?9*9?9?9?9?9?9?9*9*_?9*9*9?9?9,30.6,21.4,58,100808,9999,9999,448,371,178,267,999900,999900,999900,99990,90,2.0,8,8,999.0,999,9,'999999999,0,0.0000,0,88,999.000,0.0,1.0
2056/2/8,17:00,?9?9?9?9E0?9?9?9?9*9?9*9?9?9?9?9?9?9*9*_?9*9*9?9?9,29.8,23.8,70,100808,9999,9999,446,195,84,162,999900,999900,999900,99990,90,1.8,8,8,999.0,999,9,'999999999,0,0.0000,0,88,999.000,0.0,1.0
2056/2/8,18:00,?9?9?9?9E0?9?9?9?9*9?9*9?9?9?9?9?9?9*9*_?9*9*9?9?9,28.8,23.9,75,100808,9999,9999,441,52,29,47,999900,999900,999900,99990,90,1.6,8,8,999.0,999,9,'999999999,0,0.0000,0,88,999.000,0.0,1.0
2056/2/8,19:00,?9?9?9?9E0?9?9?9?9*9?9*9?9?9?9?9?9?9*9*_?9*9*9?9?9,27.9,23.5,77,100908,9999,9999,444,0,0,0,999900,999900,999900,99990,80,4.3,9,9,999.0,999,9,'999999999,0,0.0000,0,88,999.000,0.0,1.0
2056/2/8,20:00,?9?9?9?9E0?9?9?9?9*9?9*9?9?9?9?9?9?9*9*_?9*9*9?9?9,27.0,23.7,82,100908,9999,9999,423,0,0,0,999900,999900,999900,99990,80,4.2,7,7,999.0,999,9,'999999999,0,0.0000,0,88,999.000,0.0,1.0
2056/2/8,21:00,?9?9?9?9E0?9?9?9?9*9?9*9?9?9?9?9?9?9*9*_?9*9*9?9?9,26.0,23.9,88,101008,9999,9999,409,0,0,0,999900,999900,999900,99990,90,2.9,5,5,999.0,999,9,'999999999,0,0.0000,0,88,999.000,0.0,1.0
2056/2/8,22:00,?9?9?9?9E0?9?9?9?9*9?9*9?9?9?9?9?9?9*9*_?9*9*9?9?9,25.1,23.4,90,101008,9999,9999,401,0,0,0,999900,999900,999900,99990,70,1.0,4,4,999.0,999,9,'999999999,0,0.0000,0,88,999.000,0.0,1.0
2056/2/8,23:00,?9?9?9?9E0?9?9?9?9*9?9*9?9?9?9?9?9?9*9*_?9*9*9?9?9,24.5,22.8,90,101008,9999,9999,397,0,0,0,999900,999900,999900,99990,70,1.0,4,4,999.0,999,9,'999999999,0,0.0000,0,88,999.000,0.0,1.0
2056/2/8,24:00,?9?9?9?9E0?9?9?9?9*9?9*9?9?9?9?9?9?9*9*_?9*9*9?9?9,24.0,22.6,92,101008,9999,9999,394,0,0,0,999900,999900,999900,99990,90,1.0,4,4,999.0,999,9,'999999999,0,0.0000,0,88,999.000,0.0,1.0
2056/2/9,01:00,?9?9?9?9E0?9?9?9?9*9?9*9?9?9?9?9?9?9*9*_?9*9*9?9?9,23.7,22.5,93,101008,9999,9999,399,0,0,0,999900,999900,999900,99990,90,0.9,6,6,999.0,999,9,'999999999,0,0.0000,0,88,999.000,0.0,1.0
2056/2/9,02:00,?9?9?9?9E0?9?9?9?9*9?9*9?9?9?9?9?9?9*9*_?9*9*9?9?9,23.7,22.5,93,101008,9999,9999,399,0,0,0,999900,999900,999900,99990,90,0.6,6,6,999.0,999,9,'999999999,0,0.0000,0,88,999.000,0.0,1.0
2056/2/9,03:00,?9?9?9?9E0?9?9?9?9*9?9*9?9?9?9?9?9?9*9*_?9*9*9?9?9,23.9,22.9,94,100908,9999,9999,405,0,0,0,999900,999900,999900,99990,90,0.3,7,7,999.0,999,9,'999999999,0,0.0000,0,88,999.000,0.0,1.0
2056/2/9,04:00,?9?9?9?9E0?9?9?9?9*9?9*9?9?9?9?9?9?9*9*_?9*9*9?9?9,23.9,22.9,94,100908,9999,9999,405,0,0,0,999900,999900,999900,99990,90,0.0,7,7,999.0,999,9,'999999999,0,0.0000,0,88,999.000,0.0,1.0
2056/2/9,05:00,?9?9?9?9E0?9?9?9?9*9?9*9?9?9?9?9?9?9*9*_?9*9*9?9?9,23.6,22.6,94,100908,9999,9999,409,0,0,0,999900,999900,999900,99990,90,0.0,8,8,999.0,999,9,'999999999,0,0.0000,0,88,999.000,0.0,1.0
2056/2/9,06:00,?9?9?9?9E0?9?9?9?9*9?9*9?9?9?9?9?9?9*9*_?9*9*9?9?9,22.9,21.9,94,101008,9999,9999,405,0,0,0,999900,999900,999900,99990,90,0.0,8,8,999.0,999,9,'999999999,0,0.0000,0,88,999.000,0.0,1.0
2056/2/9,07:00,?9?9?9?9E0?9?9?9?9*9?9*9?9?9?9?9?9?9*9*_?9*9*9?9?9,23.1,22.1,94,101108,9999,9999,395,8,0,8,999900,999900,999900,99990,90,0.0,6,6,999.0,999,9,'999999999,0,0.0000,0,88,999.000,0.0,1.0
2056/2/9,08:00,?9?9?9?9E0?9?9?9?9*9?9*9?9?9?9?9?9?9*9*_?9*9*9?9?9,23.6,22.6,94,101108,9999,9999,409,94,65,80,999900,999900,999900,99990,90,0.0,8,8,999.0,999,9,'999999999,0,0.0000,0,88,999.000,0.0,1.0
2056/2/9,09:00,?9?9?9?9E0?9?9?9?9*9?9*9?9?9?9?9?9?9*9*_?9*9*9?9?9,24.8,24.3,97,101108,9999,9999,427,212,85,175,999900,999900,999900,99990,50,0.0,9,9,999.0,999,9,'999999999,0,0.0000,0,88,999.000,0.0,1.0
2056/2/9,10:00,?9?9?9?9E0?9?9?9?9*9?9*9?9?9?9?9?9?9*9*_?9*9*9?9?9,28.1,25.6,86,101208,9999,9999,439,405,210,274,999900,999900,999900,99990,50,0.2,8,8,999.0,999,9,'999999999,0,0.0000,0,88,999.000,0.0,1.0
2056/2/9,11:00,?9?9?9?9E0?9?9?9?9*9?9*9?9?9?9?9?9?9*9*_?9*9*9?9?9,31.1,20.7,54,101108,9999,9999,438,686,559,256,999900,999900,999900,99990,50,0.8,6,6,999.0,999,9,'999999999,0,0.0000,0,88,999.000,0.0,1.0
2056/2/9,12:00,?9?9?9?9E0?9?9?9?9*9?9*9?9?9?9?9?9?9*9*_?9*9*9?9?9,32.7,12.9,30,101008,9999,9999,426,939,903,164,999900,999900,999900,99990,270,1.6,3,3,999.0,999,9,'999999999,0,0.0000,0,88,999.000,0.0,1.0
2056/2/9,13:00,?9?9?9?9E0?9?9?9?9*9?9*9?9?9?9?9?9?9*9*_?9*9*9?9?9,33.8,13.3,29,100908,9999,9999,432,962,908,160,999900,999900,999900,99990,270,0.8,3,3,999.0,999,9,'999999999,0,0.0000,0,88,999.000,0.0,1.0
2056/2/9,14:00,?9?9?9?9E0?9?9?9?9*9?9*9?9?9?9?9?9?9*9*_?9*9*9?9?9,33.9,10.5,24,100908,9999,9999,429,929,927,147,999900,999900,999900,99990,270,1.5,3,3,999.0,999,9,'999999999,0,0.0000,0,88,999.000,0.0,1.0
2056/2/9,15:00,?9?9?9?9E0?9?9?9?9*9?9*9?9?9?9?9?9?9*9*_?9*9*9?9?9,33.8,15.8,34,100808,9999,9999,436,768,824,155,999900,999900,999900,99990,360,1.4,3,3,999.0,999,9,'999999999,0,0.0000,0,88,999.000,0.0,1.0
2056/2/9,16:00,?9?9?9?9E0?9?9?9?9*9?9*9?9?9?9?9?9?9*9*_?9*9*9?9?9,33.0,18.4,42,100808,9999,9999,438,545,648,164,999900,999900,999900,99990,100,1.4,4,4,999.0,999,9,'999999999,0,0.0000,0,88,999.000,0.0,1.0
2056/2/9,17:00,?9?9?9?9E0?9?9?9?9*9?9*9?9?9?9?9?9?9*9*_?9*9*9?9?9,31.4,21.0,54,100808,9999,9999,436,298,391,146,999900,999900,999900,99990,100,1.7,5,5,999.0,999,9,'999999999,0,0.0000,0,88,999.000,0.0,1.0
2056/2/9,18:00,?9?9?9?9E0?9?9?9?9*9?9*9?9?9?9?9?9?9*9*_?9*9*9?9?9,29.8,23.8,70,100908,9999,9999,427,97,209,64,999900,999900,999900,99990,90,1.1,4,4,999.0,999,9,'999999999,0,0.0000,0,88,999.000,0.0,1.0
2056/2/9,19:00,?9?9?9?9E0?9?9?9?9*9?9*9?9?9?9?9?9?9*9*_?9*9*9?9?9,28.4,24.2,78,100908,9999,9999,417,0,0,0,999900,999900,999900,99990,90,1.0,3,3,999.0,999,9,'999999999,0,0.0000,0,88,999.000,0.0,1.0
2056/2/9,20:00,?9?9?9?9E0?9?9?9?9*9?9*9?9?9?9?9?9?9*9*_?9*9*9?9?9,27.6,24.3,82,100908,9999,9999,412,0,0,0,999900,999900,999900,99990,90,0.5,3,3,999.0,999,9,'999999999,0,0.0000,0,88,999.000,0.0,1.0
2056/2/9,21:00,?9?9?9?9E0?9?9?9?9*9?9*9?9?9?9?9?9?9*9*_?9*9*9?9?9,26.8,24.7,88,101008,9999,9999,408,0,0,0,999900,999900,999900,99990,120,4.1,3,3,999.0,999,9,'999999999,0,0.0000,0,88,999.000,0.0,1.0
2056/2/9,22:00,?9?9?9?9E0?9?9?9?9*9?9*9?9?9?9?9?9?9*9*_?9*9*9?9?9,25.8,24.1,90,101008,9999,9999,398,0,0,0,999900,999900,999900,99990,110,2.7,2,2,999.0,999,9,'999999999,0,0.0000,0,88,999.000,0.0,1.0
2056/2/9,23:00,?9?9?9?9E0?9?9?9?9*9?9*9?9?9?9?9?9?9*9*_?9*9*9?9?9,24.4,22.7,90,101008,9999,9999,384,0,0,0,999900,999900,999900,99990,110,2.0,1,1,999.0,999,9,'999999999,0,0.0000,0,88,999.000,0.0,1.0
2056/2/9,24:00,?9?9?9?9E0?9?9?9?9*9?9*9?9?9?9?9?9?9*9*_?9*9*9?9?9,24.4,23.0,92,101008,9999,9999,377,0,0,0,999900,999900,999900,99990,110,0.7,0,0,999.0,999,9,'999999999,0,0.0000,0,88,999.000,0.0,1.0
2056/2/10,01:00,?9?9?9?9E0?9?9?9?9*9?9*9?9?9?9?9?9?9*9*_?9*9*9?9?9,24.0,22.6,92,101008,9999,9999,375,0,0,0,999900,999900,999900,99990,110,0.2,0,0,999.0,999,9,'999999999,0,0.0000,0,88,999.000,0.0,1.0
2056/2/10,02:00,?9?9?9?9E0?9?9?9?9*9?9*9?9?9?9?9?9?9*9*_?9*9*9?9?9,24.1,22.7,92,100908,9999,9999,375,0,0,0,999900,999900,999900,99990,110,0.5,0,0,999.0,999,9,'999999999,0,0.0000,0,88,999.000,0.0,1.0
2056/2/10,03:00,?9?9?9?9E0?9?9?9?9*9?9*9?9?9?9?9?9?9*9*_?9*9*9?9?9,24.1,22.9,93,100908,9999,9999,376,0,0,0,999900,999900,999900,99990,270,0.8,0,0,999.0,999,9,'999999999,0,0.0000,0,88,999.000,0.0,1.0
2056/2/10,04:00,?9?9?9?9E0?9?9?9?9*9?9*9?9?9?9?9?9?9*9*_?9*9*9?9?9,23.6,22.4,93,100908,9999,9999,385,0,0,0,999900,999900,999900,99990,270,0.2,2,2,999.0,999,9,'999999999,0,0.0000,0,88,999.000,0.0,1.0
2056/2/10,05:00,?9?9?9?9E0?9?9?9?9*9?9*9?9?9?9?9?9?9*9*_?9*9*9?9?9,23.8,22.6,93,100908,9999,9999,374,0,0,0,999900,999900,999900,99990,270,0.0,0,0,999.0,999,9,'999999999,0,0.0000,0,88,999.000,0.0,1.0
2056/2/10,06:00,?9?9?9?9E0?9?9?9?9*9?9*9?9?9?9?9?9?9*9*_?9*9*9?9?9,22.6,21.4,93,101008,9999,9999,366,0,0,0,999900,999900,999900,99990,270,0.0,0,0,999.0,999,9,'999999999,0,0.0000,0,88,999.000,0.0,1.0
2056/2/10,07:00,?9?9?9?9E0?9?9?9?9*9?9*9?9?9?9?9?9?9*9*_?9*9*9?9?9,22.6,21.4,93,101008,9999,9999,366,9,0,9,999900,999900,999900,99990,270,0.0,0,0,999.0,999,9,'999999999,0,0.0000,0,88,999.000,0.0,1.0
2056/2/10,08:00,?9?9?9?9E0?9?9?9?9*9?9*9?9?9?9?9?9?9*9*_?9*9*9?9?9,23.7,22.5,93,101108,9999,9999,380,161,378,80,999900,999900,999900,99990,270,0.0,1,1,999.0,999,9,'999999999,0,0.0000,0,88,999.000,0.0,1.0
2056/2/10,09:00,?9?9?9?9E0?9?9?9?9*9?9*9?9?9?9?9?9?9*9*_?9*9*9?9?9,26.9,25.3,91,101108,9999,9999,406,386,590,128,999900,999900,999900,99990,270,0.0,2,2,999.0,999,9,'999999999,0,0.0000,0,88,999.000,0.0,1.0
2056/2/10,10:00,?9?9?9?9E0?9?9?9?9*9?9*9?9?9?9?9?9?9*9*_?9*9*9?9?9,29.2,24.3,75,101108,9999,9999,421,605,724,150,999900,999900,999900,99990,270,1.9,3,3,999.0,999,9,'999999999,0,0.0000,0,88,999.000,0.0,1.0
2056/2/10,11:00,?9?9?9?9E0?9?9?9?9*9?9*9?9?9?9?9?9?9*9*_?9*9*9?9?9,31.1,20.4,53,101108,9999,9999,427,807,850,150,999900,999900,999900,99990,260,4.7,3,3,999.0,999,9,'999999999,0,0.0000,0,88,999.000,0.0,1.0
2056/2/10,12:00,?9?9?9?9E0?9?9?9?9*9?9*9?9?9?9?9?9?9*9*_?9*9*9?9?9,32.7,18.5,43,101008,9999,9999,433,916,881,158,999900,999900,999900,99990,270,2.2,3,3,999.0,999,9,'999999999,0,0.0000,0,88,999.000,0.0,1.0
2056/2/10,13:00,?9?9?9?9E0?9?9?9?9*9?9*9?9?9?9?9?9?9*9*_?9*9*9?9?9,33.7,14.2,31,100908,9999,9999,433,966,914,156,999900,999900,999900,99990,270,0.9,3,3,999.0,999,9,'999999999,0,0.0000,0,88,999.000,0.0,1.0
2056/2/10,14:00,?9?9?9?9E0?9?9?9?9*9?9*9?9?9?9?9?9?9*9*_?9*9*9?9?9,34.6,23.0,51,100808,9999,9999,450,847,775,191,999900,999900,999900,99990,270,1.8,3,3,999.0,999,9,'999999999,0,0.0000,0,88,999.000,0.0,1.0
2056/2/10,15:00,?9?9?9?9E0?9?9?9?9*9?9*9?9?9?9?9?9?9*9*_?9*9*9?9?9,33.4,24.9,61,100708,9999,9999,446,704,688,191,999900,999900,999900,99990,140,2.8,3,3,999.0,999,9,'999999999,0,0.0000,0,88,999.000,0.0,1.0
2056/2/10,16:00,?9?9?9?9E0?9?9?9?9*9?9*9?9?9?9?9?9?9*9*_?9*9*9?9?9,32.9,22.1,53,100708,9999,9999,439,552,680,151,999900,999900,999900,99990,140,4.7,3,3,999.0,999,9,'999999999,0,0.0000,0,88,999.000,0.0,1.0
2056/2/10,17:00,?9?9?9?9E0?9?9?9?9*9?9*9?9?9?9?9?9?9*9*_?9*9*9?9?9,31.4,20.1,51,100708,9999,9999,428,344,593,112,999900,999900,999900,99990,140,5.7,3,3,999.0,999,9,'999999999,0,0.0000,0,88,999.000,0.0,1.0
2056/2/10,18:00,?9?9?9?9E0?9?9?9?9*9?9*9?9?9?9?9?9?9*9*_?9*9*9?9?9,29.6,19.0,53,100708,9999,9999,417,118,389,55,999900,999900,999900,99990,150,6.2,3,3,999.0,999,9,'999999999,0,0.0000,0,88,999.000,0.0,1.0
2056/2/10,19:00,?9?9?9?9E0?9?9?9?9*9?9*9?9?9?9?9?9?9*9*_?9*9*9?9?9,28.5,23.9,76,100708,9999,9999,417,0,0,0,999900,999900,999900,99990,140,3.7,3,3,999.0,999,9,'999999999,0,0.0000,0,88,999.000,0.0,1.0
2056/2/10,20:00,?9?9?9?9E0?9?9?9?9*9?9*9?9?9?9?9?9?9*9*_?9*9*9?9?9,27.7,24.2,81,100808,9999,9999,413,0,0,0,999900,999900,999900,99990,140,3.8,3,3,999.0,999,9,'999999999,0,0.0000,0,88,999.000,0.0,1.0
2056/2/10,21:00,?9?9?9?9E0?9?9?9?9*9?9*9?9?9?9?9?9?9*9*_?9*9*9?9?9,26.5,23.4,83,100808,9999,9999,405,0,0,0,999900,999900,999900,99990,200,3.3,3,3,999.0,999,9,'999999999,0,0.0000,0,88,999.000,0.0,1.0
2056/2/10,22:00,?9?9?9?9E0?9?9?9?9*9?9*9?9?9?9?9?9?9*9*_?9*9*9?9?9,25.9,23.8,88,100908,9999,9999,402,0,0,0,999900,999900,999900,99990,200,0.2,3,3,999.0,999,9,'999999999,0,0.0000,0,88,999.000,0.0,1.0
2056/2/10,23:00,?9?9?9?9E0?9?9?9?9*9?9*9?9?9?9?9?9?9*9*_?9*9*9?9?9,24.5,22.8,90,100908,9999,9999,394,0,0,0,999900,999900,999900,99990,200,0.0,3,3,999.0,999,9,'999999999,0,0.0000,0,88,999.000,0.0,1.0
2056/2/10,24:00,?9?9?9?9E0?9?9?9?9*9?9*9?9?9?9?9?9?9*9*_?9*9*9?9?9,24.3,23.5,95,100908,9999,9999,377,0,0,0,999900,999900,999900,99990,140,0.0,0,0,999.0,999,9,'999999999,0,0.0000,0,88,999.000,0.0,1.0
2056/2/11,01:00,?9?9?9?9E0?9?9?9?9*9?9*9?9?9?9?9?9?9*9*_?9*9*9?9?9,24.2,23.0,93,100808,9999,9999,376,0,0,0,999900,999900,999900,99990,140,0.4,0,0,999.0,999,9,'999999999,0,0.0000,0,88,999.000,0.0,1.0
2056/2/11,02:00,?9?9?9?9E0?9?9?9?9*9?9*9?9?9?9?9?9?9*9*_?9*9*9?9?9,24.0,22.8,93,100808,9999,9999,375,0,0,0,999900,999900,999900,99990,140,0.0,0,0,999.0,999,9,'999999999,0,0.0000,0,88,999.000,0.0,1.0
2056/2/11,03:00,?9?9?9?9E0?9?9?9?9*9?9*9?9?9?9?9?9?9*9*_?9*9*9?9?9,24.0,22.8,93,100808,9999,9999,375,0,0,0,999900,999900,999900,99990,140,0.0,0,0,999.0,999,9,'999999999,0,0.0000,0,88,999.000,0.0,1.0
2056/2/11,04:00,?9?9?9?9E0?9?9?9?9*9?9*9?9?9?9?9?9?9*9*_?9*9*9?9?9,24.0,22.8,93,100808,9999,9999,375,0,0,0,999900,999900,999900,99990,140,0.0,0,0,999.0,999,9,'999999999,0,0.0000,0,88,999.000,0.0,1.0
2056/2/11,05:00,?9?9?9?9E0?9?9?9?9*9?9*9?9?9?9?9?9?9*9*_?9*9*9?9?9,23.3,22.1,93,100808,9999,9999,371,0,0,0,999900,999900,999900,99990,140,0.0,0,0,999.0,999,9,'999999999,0,0.0000,0,88,999.000,0.0,1.0
2056/2/11,06:00,?9?9?9?9E0?9?9?9?9*9?9*9?9?9?9?9?9?9*9*_?9*9*9?9?9,23.1,21.9,93,100808,9999,9999,369,0,0,0,999900,999900,999900,99990,230,0.0,0,0,999.0,999,9,'999999999,0,0.0000,0,88,999.000,0.0,1.0
2056/2/11,07:00,?9?9?9?9E0?9?9?9?9*9?9*9?9?9?9?9?9?9*9*_?9*9*9?9?9,23.3,22.1,93,100908,9999,9999,390,9,0,9,999900,999900,999900,99990,230,0.2,4,4,999.0,999,9,'999999999,0,0.0000,0,88,999.000,0.0,1.0
2056/2/11,08:00,?9?9?9?9E0?9?9?9?9*9?9*9?9?9?9?9?9?9*9*_?9*9*9?9?9,24.7,23.5,93,101008,9999,9999,399,148,297,84,999900,999900,999900,99990,230,0.2,4,4,999.0,999,9,'999999999,0,0.0000,0,88,999.000,0.0,1.0
2056/2/11,09:00,?9?9?9?9E0?9?9?9?9*9?9*9?9?9?9?9?9?9*9*_?9*9*9?9?9,27.0,22.6,77,101108,9999,9999,407,403,651,117,999900,999900,999900,99990,270,0.4,3,3,999.0,999,9,'999999999,0,0.0000,0,88,999.000,0.0,1.0
2056/2/11,10:00,?9?9?9?9E0?9?9?9?9*9?9*9?9?9?9?9?9?9*9*_?9*9*9?9?9,29.3,20.5,59,101108,9999,9999,417,648,834,122,999900,999900,999900,99990,230,2.5,3,3,999.0,999,9,'999999999,0,0.0000,0,88,999.000,0.0,1.0
2056/2/11,11:00,?9?9?9?9E0?9?9?9?9*9?9*9?9?9?9?9?9?9*9*_?9*9*9?9?9,31.3,21.2,55,101008,9999,9999,429,812,865,141,999900,999900,999900,99990,220,5.8,3,3,999.0,999,9,'999999999,0,0.0000,0,88,999.000,0.0,1.0
2056/2/11,12:00,?9?9?9?9E0?9?9?9?9*9?9*9?9?9?9?9?9?9*9*_?9*9*9?9?9,33.3,16.2,36,101008,9999,9999,434,943,928,142,999900,999900,999900,99990,290,3.7,3,3,999.0,999,9,'999999999,0,0.0000,0,88,999.000,0.0,1.0
2056/2/11,13:00,?9?9?9?9E0?9?9?9?9*9?9*9?9?9?9?9?9?9*9*_?9*9*9?9?9,34.4,14.9,31,100908,9999,9999,438,973,928,148,999900,999900,999900,99990,290,2.5,3,3,999.0,999,9,'999999999,0,0.0000,0,88,999.000,0.0,1.0
2056/2/11,14:00,?9?9?9?9E0?9?9?9?9*9?9*9?9?9?9?9?9?9*9*_?9*9*9?9?9,35.1,20.7,43,100708,9999,9999,450,870,821,173,999900,999900,999900,99990,290,1.0,3,3,999.0,999,9,'999999999,0,0.0000,0,88,999.000,0.0,1.0
2056/2/11,15:00,?9?9?9?9E0?9?9?9?9*9?9*9?9?9?9?9?9?9*9*_?9*9*9?9?9,33.6,21.4,49,100608,9999,9999,442,736,760,168,999900,999900,999900,99990,150,1.2,3,3,999.0,999,9,'999999999,0,0.0000,0,88,999.000,0.0,1.0
2056/2/11,16:00,?9?9?9?9E0?9?9?9?9*9?9*9?9?9?9?9?9?9*9*_?9*9*9?9?9,32.6,21.2,51,100608,9999,9999,418,563,712,141,999900,999900,999900,99990,90,1.0,0,0,999.0,999,9,'999999999,0,0.0000,0,88,999.000,0.0,1.0
2056/2/11,17:00,?9?9?9?9E0?9?9?9?9*9?9*9?9?9?9?9?9?9*9*_?9*9*9?9?9,31.4,21.3,55,100608,9999,9999,420,342,578,115,999900,999900,999900,99990,90,1.1,1,1,999.0,999,9,'999999999,0,0.0000,0,88,999.000,0.0,1.0
2056/2/11,18:00,?9?9?9?9E0?9?9?9?9*9?9*9?9?9?9?9?9?9*9*_?9*9*9?9?9,29.8,24.0,71,100608,9999,9999,420,107,247,67,999900,999900,999900,99990,150,1.4,2,2,999.0,999,9,'999999999,0,0.0000,0,88,999.000,0.0,1.0
2056/2/11,19:00,?9?9?9?9E0?9?9?9?9*9?9*9?9?9?9?9?9?9*9*_?9*9*9?9?9,28.5,25.3,83,100708,9999,9999,401,1,0,1,999900,999900,999900,99990,110,2.9,0,0,999.0,999,9,'999999999,0,0.0000,0,88,999.000,0.0,1.0
2056/2/11,20:00,?9?9?9?9E0?9?9?9?9*9?9*9?9?9?9?9?9?9*9*_?9*9*9?9?9,27.8,25.1,85,100708,9999,9999,410,0,0,0,999900,999900,999900,99990,110,2.3,2,2,999.0,999,9,'999999999,0,0.0000,0,88,999.000,0.0,1.0
2056/2/11,21:00,?9?9?9?9E0?9?9?9?9*9?9*9?9?9?9?9?9?9*9*_?9*9*9?9?9,27.2,25.2,89,100808,9999,9999,411,0,0,0,999900,999900,999900,99990,140,1.8,3,3,999.0,999,9,'999999999,0,0.0000,0,88,999.000,0.0,1.0
2056/2/11,22:00,?9?9?9?9E0?9?9?9?9*9?9*9?9?9?9?9?9?9*9*_?9*9*9?9?9,26.6,24.7,89,100808,9999,9999,407,0,0,0,999900,999900,999900,99990,140,1.8,3,3,999.0,999,9,'999999999,0,0.0000,0,88,999.000,0.0,1.0
2056/2/11,23:00,?9?9?9?9E0?9?9?9?9*9?9*9?9?9?9?9?9?9*9*_?9*9*9?9?9,25.9,24.2,90,100808,9999,9999,403,0,0,0,999900,999900,999900,99990,130,2.5,3,3,999.0,999,9,'999999999,0,0.0000,0,88,999.000,0.0,1.0
2056/2/11,24:00,?9?9?9?9E0?9?9?9?9*9?9*9?9?9?9?9?9?9*9*_?9*9*9?9?9,24.9,24.2,96,100908,9999,9999,398,0,0,0,999900,999900,999900,99990,140,2.3,3,3,999.0,999,9,'999999999,0,0.0000,0,88,999.000,0.0,1.0
2056/2/12,01:00,?9?9?9?9E0?9?9?9?9*9?9*9?9?9?9?9?9?9*9*_?9*9*9?9?9,24.3,23.6,96,100908,9999,9999,397,0,0,0,999900,999900,999900,99990,140,1.8,4,4,999.0,999,9,'999999999,0,0.0000,0,88,999.000,0.0,1.0
2056/2/12,02:00,?9?9?9?9E0?9?9?9?9*9?9*9?9?9?9?9?9?9*9*_?9*9*9?9?9,24.0,23.3,96,100908,9999,9999,395,0,0,0,999900,999900,999900,99990,140,1.1,4,4,999.0,999,9,'999999999,0,0.0000,0,88,999.000,0.0,1.0
2056/2/12,03:00,?9?9?9?9E0?9?9?9?9*9?9*9?9?9?9?9?9?9*9*_?9*9*9?9?9,23.9,23.4,97,100908,9999,9999,394,0,0,0,999900,999900,999900,99990,140,0.3,4,4,999.0,999,9,'999999999,0,0.0000,0,88,999.000,0.0,1.0
2056/2/12,04:00,?9?9?9?9E0?9?9?9?9*9?9*9?9?9?9?9?9?9*9*_?9*9*9?9?9,23.8,23.3,97,100908,9999,9999,391,0,0,0,999900,999900,999900,99990,140,0.0,3,3,999.0,999,9,'999999999,0,0.0000,0,88,999.000,0.0,1.0
2056/2/12,05:00,?9?9?9?9E0?9?9?9?9*9?9*9?9?9?9?9?9?9*9*_?9*9*9?9?9,23.6,22.9,96,100908,9999,9999,389,0,0,0,999900,999900,999900,99990,140,0.0,3,3,999.0,999,9,'999999999,0,0.0000,0,88,999.000,0.0,1.0
2056/2/12,06:00,?9?9?9?9E0?9?9?9?9*9?9*9?9?9?9?9?9?9*9*_?9*9*9?9?9,23.1,22.6,97,101008,9999,9999,386,0,0,0,999900,999900,999900,99990,320,0.6,3,3,999.0,999,9,'999999999,0,0.0000,0,88,999.000,0.0,1.0
2056/2/12,07:00,?9?9?9?9E0?9?9?9?9*9?9*9?9?9?9?9?9?9*9*_?9*9*9?9?9,22.7,22.2,97,101108,9999,9999,380,9,0,9,999900,999900,999900,99990,320,1.0,2,2,999.0,999,9,'999999999,0,0.0000,0,88,999.000,0.0,1.0
2056/2/12,08:00,?9?9?9?9E0?9?9?9?9*9?9*9?9?9?9?9?9?9*9*_?9*9*9?9?9,24.1,23.6,97,101108,9999,9999,389,160,342,86,999900,999900,999900,99990,320,1.0,2,2,999.0,999,9,'999999999,0,0.0000,0,88,999.000,0.0,1.0
2056/2/12,09:00,?9?9?9?9E0?9?9?9?9*9?9*9?9?9?9?9?9?9*9*_?9*9*9?9?9,26.8,24.9,89,101108,9999,9999,399,398,602,132,999900,999900,999900,99990,270,0.2,1,1,999.0,999,9,'999999999,0,0.0000,0,88,999.000,0.0,1.0
2056/2/12,10:00,?9?9?9?9E0?9?9?9?9*9?9*9?9?9?9?9?9?9*9*_?9*9*9?9?9,29.4,24.3,74,101108,9999,9999,426,585,638,181,999900,999900,999900,99990,260,0.3,4,4,999.0,999,9,'999999999,0,0.0000,0,88,999.000,0.0,1.0
2056/2/12,11:00,?9?9?9?9E0?9?9?9?9*9?9*9?9?9?9?9?9?9*9*_?9*9*9?9?9,31.1,23.0,62,101108,9999,9999,437,713,614,236,999900,999900,999900,99990,260,0.3,5,5,999.0,999,9,'999999999,0,0.0000,0,88,999.000,0.0,1.0
2056/2/12,12:00,?9?9?9?9E0?9?9?9?9*9?9*9?9?9?9?9?9?9*9*_?9*9*9?9?9,32.3,23.8,61,101008,9999,9999,445,795,611,266,999900,999900,999900,99990,110,0.7,5,5,999.0,999,9,'999999999,0,0.0000,0,88,999.000,0.0,1.0
2056/2/12,13:00,?9?9?9?9E0?9?9?9?9*9?9*9?9?9?9?9?9?9*9*_?9*9*9?9?9,32.5,24.0,61,100908,9999,9999,440,881,723,237,999900,999900,999900,99990,120,0.5,3,3,999.0,999,9,'999999999,0,0.0000,0,88,999.000,0.0,1.0
2056/2/12,14:00,?9?9?9?9E0?9?9?9?9*9?9*9?9?9?9?9?9?9*9*_?9*9*9?9?9,32.5,22.3,55,100808,9999,9999,441,822,695,230,999900,999900,999900,99990,120,1.0,4,4,999.0,999,9,'999999999,0,0.0000,0,88,999.000,0.0,1.0
2056/2/12,15:00,?9?9?9?9E0?9?9?9?9*9?9*9?9?9?9?9?9?9*9*_?9*9*9?9?9,32.7,21.3,51,100808,9999,9999,440,708,668,206,999900,999900,999900,99990,180,0.8,4,4,999.0,999,9,'999999999,0,0.0000,0,88,999.000,0.0,1.0
2056/2/12,16:00,?9?9?9?9E0?9?9?9?9*9?9*9?9?9?9?9?9?9*9*_?9*9*9?9?9,32.3,20.9,51,100708,9999,9999,434,546,635,168,999900,999900,999900,99990,160,0.7,3,3,999.0,999,9,'999999999,0,0.0000,0,88,999.000,0.0,1.0
2056/2/12,17:00,?9?9?9?9E0?9?9?9?9*9?9*9?9?9?9?9?9?9*9*_?9*9*9?9?9,31.2,20.2,52,100708,9999,9999,427,331,505,132,999900,999900,999900,99990,120,0.7,3,3,999.0,999,9,'999999999,0,0.0000,0,88,999.000,0.0,1.0
2056/2/12,18:00,?9?9?9?9E0?9?9?9?9*9?9*9?9?9?9?9?9?9*9*_?9*9*9?9?9,29.0,23.0,70,100708,9999,9999,418,106,218,70,999900,999900,999900,99990,90,0.7,3,3,999.0,999,9,'999999999,0,0.0000,0,88,999.000,0.0,1.0
2056/2/12,19:00,?9?9?9?9E0?9?9?9?9*9?9*9?9?9?9?9?9?9*9*_?9*9*9?9?9,28.3,23.2,74,100808,9999,9999,415,1,0,1,999900,999900,999900,99990,140,0.3,3,3,999.0,999,9,'999999999,0,0.0000,0,88,999.000,0.0,1.0
2056/2/12,20:00,?9?9?9?9E0?9?9?9?9*9?9*9?9?9?9?9?9?9*9*_?9*9*9?9?9,27.7,22.9,75,100908,9999,9999,411,0,0,0,999900,999900,999900,99990,140,0.5,3,3,999.0,999,9,'999999999,0,0.0000,0,88,999.000,0.0,1.0
2056/2/12,21:00,?9?9?9?9E0?9?9?9?9*9?9*9?9?9?9?9?9?9*9*_?9*9*9?9?9,27.1,23.6,81,100908,9999,9999,409,0,0,0,999900,999900,999900,99990,120,0.3,3,3,999.0,999,9,'999999999,0,0.0000,0,88,999.000,0.0,1.0
2056/2/12,22:00,?9?9?9?9E0?9?9?9?9*9?9*9?9?9?9?9?9?9*9*_?9*9*9?9?9,26.3,23.8,86,101008,9999,9999,401,0,0,0,999900,999900,999900,99990,90,0.1,2,2,999.0,999,9,'999999999,0,0.0000,0,88,999.000,0.0,1.0
2056/2/12,23:00,?9?9?9?9E0?9?9?9?9*9?9*9?9?9?9?9?9?9*9*_?9*9*9?9?9,25.6,23.5,88,101008,9999,9999,384,0,0,0,999900,999900,999900,99990,90,0.0,0,0,999.0,999,9,'999999999,0,0.0000,0,88,999.000,0.0,1.0
2056/2/12,24:00,?9?9?9?9E0?9?9?9?9*9?9*9?9?9?9?9?9?9*9*_?9*9*9?9?9,25.0,22.9,88,101008,9999,9999,380,0,0,0,999900,999900,999900,99990,90,0.0,0,0,999.0,999,9,'999999999,0,0.0000,0,88,999.000,0.0,1.0
2056/2/13,01:00,?9?9?9?9E0?9?9?9?9*9?9*9?9?9?9?9?9?9*9*_?9*9*9?9?9,24.4,22.3,88,101008,9999,9999,389,0,0,0,999900,999900,999900,99990,90,0.0,2,2,999.0,999,9,'999999999,0,0.0000,0,88,999.000,0.0,1.0
2056/2/13,02:00,?9?9?9?9E0?9?9?9?9*9?9*9?9?9?9?9?9?9*9*_?9*9*9?9?9,25.0,23.1,89,100908,9999,9999,400,0,0,0,999900,999900,999900,99990,90,0.0,4,4,999.0,999,9,'999999999,0,0.0000,0,88,999.000,0.0,1.0
2056/2/13,03:00,?9?9?9?9E0?9?9?9?9*9?9*9?9?9?9?9?9?9*9*_?9*9*9?9?9,24.8,22.9,89,100908,9999,9999,402,0,0,0,999900,999900,999900,99990,90,0.3,5,5,999.0,999,9,'999999999,0,0.0000,0,88,999.000,0.0,1.0
2056/2/13,04:00,?9?9?9?9E0?9?9?9?9*9?9*9?9?9?9?9?9?9*9*_?9*9*9?9?9,24.7,22.8,89,100908,9999,9999,401,0,0,0,999900,999900,999900,99990,90,0.1,5,5,999.0,999,9,'999999999,0,0.0000,0,88,999.000,0.0,1.0
2056/2/13,05:00,?9?9?9?9E0?9?9?9?9*9?9*9?9?9?9?9?9?9*9*_?9*9*9?9?9,24.2,22.3,89,101008,9999,9999,398,0,0,0,999900,999900,999900,99990,250,0.0,5,5,999.0,999,9,'999999999,0,0.0000,0,88,999.000,0.0,1.0
2056/2/13,06:00,?9?9?9?9E0?9?9?9?9*9?9*9?9?9?9?9?9?9*9*_?9*9*9?9?9,23.9,22.7,93,101008,9999,9999,394,0,0,0,999900,999900,999900,99990,320,0.0,4,4,999.0,999,9,'999999999,0,0.0000,0,88,999.000,0.0,1.0
2056/2/13,07:00,?9?9?9?9E0?9?9?9?9*9?9*9?9?9?9?9?9?9*9*_?9*9*9?9?9,23.9,22.7,93,101108,9999,9999,394,10,0,10,999900,999900,999900,99990,320,0.0,4,4,999.0,999,9,'999999999,0,0.0000,0,88,999.000,0.0,1.0
2056/2/13,08:00,?9?9?9?9E0?9?9?9?9*9?9*9?9?9?9?9?9?9*9*_?9*9*9?9?9,24.8,23.2,91,101208,9999,9999,399,153,297,88,999900,999900,999900,99990,320,0.0,4,4,999.0,999,9,'999999999,0,0.0000,0,88,999.000,0.0,1.0
2056/2/13,09:00,?9?9?9?9E0?9?9?9?9*9?9*9?9?9?9?9?9?9*9*_?9*9*9?9?9,27.1,22.7,77,101308,9999,9999,411,396,588,135,999900,999900,999900,99990,290,0.4,4,4,999.0,999,9,'999999999,0,0.0000,0,88,999.000,0.0,1.0
2056/2/13,10:00,?9?9?9?9E0?9?9?9?9*9?9*9?9?9?9?9?9?9*9*_?9*9*9?9?9,29.1,23.3,71,101308,9999,9999,423,600,675,171,999900,999900,999900,99990,290,0.0,4,4,999.0,999,9,'999999999,0,0.0000,0,88,999.000,0.0,1.0
2056/2/13,11:00,?9?9?9?9E0?9?9?9?9*9?9*9?9?9?9?9?9?9*9*_?9*9*9?9?9,31.1,23.0,62,101308,9999,9999,434,752,697,208,999900,999900,999900,99990,290,0.1,4,4,999.0,999,9,'999999999,0,0.0000,0,88,999.000,0.0,1.0
2056/2/13,12:00,?9?9?9?9E0?9?9?9?9*9?9*9?9?9?9?9?9?9*9*_?9*9*9?9?9,32.7,20.3,48,101208,9999,9999,442,836,686,240,999900,999900,999900,99990,110,0.3,5,5,999.0,999,9,'999999999,0,0.0000,0,88,999.000,0.0,1.0
2056/2/13,13:00,?9?9?9?9E0?9?9?9?9*9?9*9?9?9?9?9?9?9*9*_?9*9*9?9?9,32.5,20.1,48,101108,9999,9999,441,858,677,253,999900,999900,999900,99990,130,0.5,5,5,999.0,999,9,'999999999,0,0.0000,0,88,999.000,0.0,1.0
2056/2/13,14:00,?9?9?9?9E0?9?9?9?9*9?9*9?9?9?9?9?9?9*9*_?9*9*9?9?9,33.0,20.5,48,101008,9999,9999,445,804,650,248,999900,999900,999900,99990,130,0.5,5,5,999.0,999,9,'999999999,0,0.0000,0,88,999.000,0.0,1.0
2056/2/13,15:00,?9?9?9?9E0?9?9?9?9*9?9*9?9?9?9?9?9?9*9*_?9*9*9?9?9,32.6,19.5,46,100908,9999,9999,441,692,624,222,999900,999900,999900,99990,130,0.5,5,5,999.0,999,9,'999999999,0,0.0000,0,88,999.000,0.0,1.0
2056/2/13,16:00,?9?9?9?9E0?9?9?9?9*9?9*9?9?9?9?9?9?9*9*_?9*9*9?9?9,32.2,19.8,48,100808,9999,9999,436,536,598,179,999900,999900,999900,99990,180,0.6,4,4,999.0,999,9,'999999999,0,0.0000,0,88,999.000,0.0,1.0
2056/2/13,17:00,?9?9?9?9E0?9?9?9?9*9?9*9?9?9?9?9?9?9*9*_?9*9*9?9?9,31.4,19.7,50,100808,9999,9999,431,324,473,136,999900,999900,999900,99990,180,0.6,4,4,999.0,999,9,'999999999,0,0.0000,0,88,999.000,0.0,1.0
2056/2/13,18:00,?9?9?9?9E0?9?9?9?9*9?9*9?9?9?9?9?9?9*9*_?9*9*9?9?9,29.5,20.4,58,100808,9999,9999,418,114,259,71,999900,999900,999900,99990,140,0.8,3,3,999.0,999,9,'999999999,0,0.0000,0,88,999.000,0.0,1.0
2056/2/13,19:00,?9?9?9?9E0?9?9?9?9*9?9*9?9?9?9?9?9?9*9*_?9*9*9?9?9,28.3,20.9,64,100908,9999,9999,412,1,0,1,999900,999900,999900,99990,140,0.2,3,3,999.0,999,9,'999999999,0,0.0000,0,88,999.000,0.0,1.0
2056/2/13,20:00,?9?9?9?9E0?9?9?9?9*9?9*9?9?9?9?9?9?9*9*_?9*9*9?9?9,27.5,20.4,65,100908,9999,9999,407,0,0,0,999900,999900,999900,99990,80,0.3,3,3,999.0,999,9,'999999999,0,0.0000,0,88,999.000,0.0,1.0
2056/2/13,21:00,?9?9?9?9E0?9?9?9?9*9?9*9?9?9?9?9?9?9*9*_?9*9*9?9?9,26.4,19.6,66,101008,9999,9999,400,0,0,0,999900,999900,999900,99990,80,0.1,3,3,999.0,999,9,'999999999,0,0.0000,0,88,999.000,0.0,1.0
2056/2/13,22:00,?9?9?9?9E0?9?9?9?9*9?9*9?9?9?9?9?9?9*9*_?9*9*9?9?9,25.7,18.9,66,101108,9999,9999,395,0,0,0,999900,999900,999900,99990,80,0.0,3,3,999.0,999,9,'999999999,0,0.0000,0,88,999.000,0.0,1.0
2056/2/13,23:00,?9?9?9?9E0?9?9?9?9*9?9*9?9?9?9?9?9?9*9*_?9*9*9?9?9,25.4,20.4,74,101108,9999,9999,396,0,0,0,999900,999900,999900,99990,80,0.0,3,3,999.0,999,9,'999999999,0,0.0000,0,88,999.000,0.0,1.0
2056/2/13,24:00,?9?9?9?9E0?9?9?9?9*9?9*9?9?9?9?9?9?9*9*_?9*9*9?9?9,25.0,21.3,80,101008,9999,9999,398,0,0,0,999900,999900,999900,99990,80,0.0,4,4,999.0,999,9,'999999999,0,0.0000,0,88,999.000,0.0,1.0
2056/2/14,01:00,?9?9?9?9E0?9?9?9?9*9?9*9?9?9?9?9?9?9*9*_?9*9*9?9?9,24.9,22.8,88,101008,9999,9999,402,0,0,0,999900,999900,999900,99990,80,0.0,5,5,999.0,999,9,'999999999,0,0.0000,0,88,999.000,0.0,1.0
2056/2/14,02:00,?9?9?9?9E0?9?9?9?9*9?9*9?9?9?9?9?9?9*9*_?9*9*9?9?9,24.5,22.6,89,100908,9999,9999,400,0,0,0,999900,999900,999900,99990,80,0.0,5,5,999.0,999,9,'999999999,0,0.0000,0,88,999.000,0.0,1.0
2056/2/14,03:00,?9?9?9?9E0?9?9?9?9*9?9*9?9?9?9?9?9?9*9*_?9*9*9?9?9,24.5,22.6,89,100908,9999,9999,400,0,0,0,999900,999900,999900,99990,270,0.0,5,5,999.0,999,9,'999999999,0,0.0000,0,88,999.000,0.0,1.0
2056/2/14,04:00,?9?9?9?9E0?9?9?9?9*9?9*9?9?9?9?9?9?9*9*_?9*9*9?9?9,24.5,22.6,89,100908,9999,9999,400,0,0,0,999900,999900,999900,99990,270,0.0,5,5,999.0,999,9,'999999999,0,0.0000,0,88,999.000,0.0,1.0
2056/2/14,05:00,?9?9?9?9E0?9?9?9?9*9?9*9?9?9?9?9?9?9*9*_?9*9*9?9?9,24.0,22.1,89,100908,9999,9999,396,0,0,0,999900,999900,999900,99990,270,0.0,5,5,999.0,999,9,'999999999,0,0.0000,0,88,999.000,0.0,1.0
2056/2/14,06:00,?9?9?9?9E0?9?9?9?9*9?9*9?9?9?9?9?9?9*9*_?9*9*9?9?9,23.5,22.3,93,100908,9999,9999,379,0,0,0,999900,999900,999900,99990,270,0.0,1,1,999.0,999,9,'999999999,0,0.0000,0,88,999.000,0.0,1.0
2056/2/14,07:00,?9?9?9?9E0?9?9?9?9*9?9*9?9?9?9?9?9?9*9*_?9*9*9?9?9,23.9,22.7,93,101008,9999,9999,387,10,0,10,999900,999900,999900,99990,270,0.0,2,2,999.0,999,9,'999999999,0,0.0000,0,88,999.000,0.0,1.0
2056/2/14,08:00,?9?9?9?9E0?9?9?9?9*9?9*9?9?9?9?9?9?9*9*_?9*9*9?9?9,24.8,23.2,91,101108,9999,9999,399,155,299,89,999900,999900,999900,99990,270,0.0,4,4,999.0,999,9,'999999999,0,0.0000,0,88,999.000,0.0,1.0
2056/2/14,09:00,?9?9?9?9E0?9?9?9?9*9?9*9?9?9?9?9?9?9*9*_?9*9*9?9?9,27.7,23.3,77,101208,9999,9999,418,374,509,147,999900,999900,999900,99990,320,0.0,5,5,999.0,999,9,'999999999,0,0.0000,0,88,999.000,0.0,1.0
2056/2/14,10:00,?9?9?9?9E0?9?9?9?9*9?9*9?9?9?9?9?9?9*9*_?9*9*9?9?9,29.0,23.2,71,101208,9999,9999,419,624,730,159,999900,999900,999900,99990,320,0.7,3,3,999.0,999,9,'999999999,0,0.0000,0,88,999.000,0.0,1.0
2056/2/14,11:00,?9?9?9?9E0?9?9?9?9*9?9*9?9?9?9?9?9?9*9*_?9*9*9?9?9,30.6,22.5,62,101208,9999,9999,430,761,719,199,999900,999900,999900,99990,320,1.0,4,4,999.0,999,9,'999999999,0,0.0000,0,88,999.000,0.0,1.0
2056/2/14,12:00,?9?9?9?9E0?9?9?9?9*9?9*9?9?9?9?9?9?9*9*_?9*9*9?9?9,32.0,19.6,48,101208,9999,9999,438,849,711,230,999900,999900,999900,99990,90,1.0,5,5,999.0,999,9,'999999999,0,0.0000,0,88,999.000,0.0,1.0
2056/2/14,13:00,?9?9?9?9E0?9?9?9?9*9?9*9?9?9?9?9?9?9*9*_?9*9*9?9?9,32.4,20.0,48,101008,9999,9999,440,862,684,249,999900,999900,999900,99990,90,0.8,5,5,999.0,999,9,'999999999,0,0.0000,0,88,999.000,0.0,1.0
2056/2/14,14:00,?9?9?9?9E0?9?9?9?9*9?9*9?9?9?9?9?9?9*9*_?9*9*9?9?9,31.9,19.5,48,101008,9999,9999,437,811,667,239,999900,999900,999900,99990,90,0.8,5,5,999.0,999,9,'999999999,0,0.0000,0,88,999.000,0.0,1.0
2056/2/14,15:00,?9?9?9?9E0?9?9?9?9*9?9*9?9?9?9?9?9?9*9*_?9*9*9?9?9,31.9,18.9,46,100908,9999,9999,433,728,706,195,999900,999900,999900,99990,140,0.8,4,4,999.0,999,9,'999999999,0,0.0000,0,88,999.000,0.0,1.0
2056/2/14,16:00,?9?9?9?9E0?9?9?9?9*9?9*9?9?9?9?9?9?9*9*_?9*9*9?9?9,31.1,18.8,48,100808,9999,9999,425,562,673,158,999900,999900,999900,99990,140,1.1,3,3,999.0,999,9,'999999999,0,0.0000,0,88,999.000,0.0,1.0
2056/2/14,17:00,?9?9?9?9E0?9?9?9?9*9?9*9?9?9?9?9?9?9*9*_?9*9*9?9?9,30.6,19.0,50,100808,9999,9999,422,338,529,127,999900,999900,999900,99990,140,1.0,3,3,999.0,999,9,'999999999,0,0.0000,0,88,999.000,0.0,1.0
2056/2/14,18:00,?9?9?9?9E0?9?9?9?9*9?9*9?9?9?9?9?9?9*9*_?9*9*9?9?9,29.3,20.2,58,100808,9999,9999,417,115,264,71,999900,999900,999900,99990,90,1.0,3,3,999.0,999,9,'999999999,0,0.0000,0,88,999.000,0.0,1.0
2056/2/14,19:00,?9?9?9?9E0?9?9?9?9*9?9*9?9?9?9?9?9?9*9*_?9*9*9?9?9,28.3,20.9,64,100908,9999,9999,412,1,0,1,999900,999900,999900,99990,90,0.5,3,3,999.0,999,9,'999999999,0,0.0000,0,88,999.000,0.0,1.0
2056/2/14,20:00,?9?9?9?9E0?9?9?9?9*9?9*9?9?9?9?9?9?9*9*_?9*9*9?9?9,28.1,20.9,65,100908,9999,9999,411,0,0,0,999900,999900,999900,99990,80,0.6,3,3,999.0,999,9,'999999999,0,0.0000,0,88,999.000,0.0,1.0
2056/2/14,21:00,?9?9?9?9E0?9?9?9?9*9?9*9?9?9?9?9?9?9*9*_?9*9*9?9?9,28.1,21.2,66,101008,9999,9999,411,0,0,0,999900,999900,999900,99990,50,0.5,3,3,999.0,999,9,'999999999,0,0.0000,0,88,999.000,0.0,1.0
2056/2/14,22:00,?9?9?9?9E0?9?9?9?9*9?9*9?9?9?9?9?9?9*9*_?9*9*9?9?9,27.8,20.9,66,101008,9999,9999,412,0,0,0,999900,999900,999900,99990,50,0.2,4,4,999.0,999,9,'999999999,0,0.0000,0,88,999.000,0.0,1.0
2056/2/14,23:00,?9?9?9?9E0?9?9?9?9*9?9*9?9?9?9?9?9?9*9*_?9*9*9?9?9,27.0,22.0,74,101008,9999,9999,409,0,0,0,999900,999900,999900,99990,50,0.0,4,4,999.0,999,9,'999999999,0,0.0000,0,88,999.000,0.0,1.0
2056/2/14,24:00,?9?9?9?9E0?9?9?9?9*9?9*9?9?9?9?9?9?9*9*_?9*9*9?9?9,26.3,22.6,80,101008,9999,9999,406,0,0,0,999900,999900,999900,99990,90,0.0,4,4,999.0,999,9,'999999999,0,0.0000,0,88,999.000,0.0,1.0
2056/2/15,01:00,?9?9?9?9E0?9?9?9?9*9?9*9?9?9?9?9?9?9*9*_?9*9*9?9?9,26.2,22.7,81,100908,9999,9999,403,0,0,0,999900,999900,999900,99990,90,0.0,3,3,999.0,999,9,'999999999,0,0.0000,0,88,999.000,0.0,1.0
2056/2/15,02:00,?9?9?9?9E0?9?9?9?9*9?9*9?9?9?9?9?9?9*9*_?9*9*9?9?9,25.7,23.0,85,100908,9999,9999,400,0,0,0,999900,999900,999900,99990,90,0.0,3,3,999.0,999,9,'999999999,0,0.0000,0,88,999.000,0.0,1.0
2056/2/15,03:00,?9?9?9?9E0?9?9?9?9*9?9*9?9?9?9?9?9?9*9*_?9*9*9?9?9,25.5,23.2,87,100808,9999,9999,400,0,0,0,999900,999900,999900,99990,90,0.0,3,3,999.0,999,9,'999999999,0,0.0000,0,88,999.000,0.0,1.0
2056/2/15,04:00,?9?9?9?9E0?9?9?9?9*9?9*9?9?9?9?9?9?9*9*_?9*9*9?9?9,25.1,23.0,88,100808,9999,9999,397,0,0,0,999900,999900,999900,99990,90,0.0,3,3,999.0,999,9,'999999999,0,0.0000,0,88,999.000,0.0,1.0
2056/2/15,05:00,?9?9?9?9E0?9?9?9?9*9?9*9?9?9?9?9?9?9*9*_?9*9*9?9?9,24.5,22.8,90,100808,9999,9999,394,0,0,0,999900,999900,999900,99990,90,0.0,3,3,999.0,999,9,'999999999,0,0.0000,0,88,999.000,0.0,1.0
2056/2/15,06:00,?9?9?9?9E0?9?9?9?9*9?9*9?9?9?9?9?9?9*9*_?9*9*9?9?9,23.8,22.6,93,100808,9999,9999,390,0,0,0,999900,999900,999900,99990,90,0.0,3,3,999.0,999,9,'999999999,0,0.0000,0,88,999.000,0.0,1.0
2056/2/15,07:00,?9?9?9?9E0?9?9?9?9*9?9*9?9?9?9?9?9?9*9*_?9*9*9?9?9,23.5,22.5,94,100908,9999,9999,388,11,0,11,999900,999900,999900,99990,90,0.0,3,3,999.0,999,9,'999999999,0,0.0000,0,88,999.000,0.0,1.0
2056/2/15,08:00,?9?9?9?9E0?9?9?9?9*9?9*9?9?9?9?9?9?9*9*_?9*9*9?9?9,25.7,24.0,90,101008,9999,9999,402,163,350,85,999900,999900,999900,99990,90,0.0,3,3,999.0,999,9,'999999999,0,0.0000,0,88,999.000,0.0,1.0
2056/2/15,09:00,?9?9?9?9E0?9?9?9?9*9?9*9?9?9?9?9?9?9*9*_?9*9*9?9?9,27.7,22.2,72,101208,9999,9999,414,404,612,130,999900,999900,999900,99990,320,0.0,4,4,999.0,999,9,'999999999,0,0.0000,0,88,999.000,0.0,1.0
2056/2/15,10:00,?9?9?9?9E0?9?9?9?9*9?9*9?9?9?9?9?9?9*9*_?9*9*9?9?9,29.2,21.7,64,101208,9999,9999,424,590,647,176,999900,999900,999900,99990,320,0.0,5,5,999.0,999,9,'999999999,0,0.0000,0,88,999.000,0.0,1.0
2056/2/15,11:00,?9?9?9?9E0?9?9?9?9*9?9*9?9?9?9?9?9?9*9*_?9*9*9?9?9,32.0,20.6,51,101208,9999,9999,439,755,700,206,999900,999900,999900,99990,320,0.5,5,5,999.0,999,9,'999999999,0,0.0000,0,88,999.000,0.0,1.0
2056/2/15,12:00,?9?9?9?9E0?9?9?9?9*9?9*9?9?9?9?9?9?9*9*_?9*9*9?9?9,32.2,19.8,48,101208,9999,9999,439,848,710,228,999900,999900,999900,99990,90,0.6,5,5,999.0,999,9,'999999999,0,0.0000,0,88,999.000,0.0,1.0
2056/2/15,13:00,?9?9?9?9E0?9?9?9?9*9?9*9?9?9?9?9?9?9*9*_?9*9*9?9?9,32.6,20.2,48,101108,9999,9999,438,902,764,216,999900,999900,999900,99990,90,0.6,4,4,999.0,999,9,'999999999,0,0.0000,0,88,999.000,0.0,1.0
2056/2/15,14:00,?9?9?9?9E0?9?9?9?9*9?9*9?9?9?9?9?9?9*9*_?9*9*9?9?9,32.7,20.3,48,101008,9999,9999,436,880,804,189,999900,999900,999900,99990,90,0.7,3,3,999.0,999,9,'999999999,0,0.0000,0,88,999.000,0.0,1.0
2056/2/15,15:00,?9?9?9?9E0?9?9?9?9*9?9*9?9?9?9?9?9?9*9*_?9*9*9?9?9,32.0,19.6,48,100908,9999,9999,431,750,758,175,999900,999900,999900,99990,130,0.9,3,3,999.0,999,9,'999999999,0,0.0000,0,88,999.000,0.0,1.0
2056/2/15,16:00,?9?9?9?9E0?9?9?9?9*9?9*9?9?9?9?9?9?9*9*_?9*9*9?9?9,31.6,19.3,48,100908,9999,9999,428,562,675,156,999900,999900,999900,99990,140,0.8,3,3,999.0,999,9,'999999999,0,0.0000,0,88,999.000,0.0,1.0
2056/2/15,17:00,?9?9?9?9E0?9?9?9?9*9?9*9?9?9?9?9?9?9*9*_?9*9*9?9?9,30.5,19.5,52,100908,9999,9999,422,339,533,125,999900,999900,999900,99990,140,0.7,3,3,999.0,999,9,'999999999,0,0.0000,0,88,999.000,0.0,1.0
2056/2/15,18:00,?9?9?9?9E0?9?9?9?9*9?9*9?9?9?9?9?9?9*9*_?9*9*9?9?9,29.0,21.5,64,100908,9999,9999,407,118,281,70,999900,999900,999900,99990,90,0.9,1,1,999.0,999,9,'999999999,0,0.0000,0,88,999.000,0.0,1.0
2056/2/15,19:00,?9?9?9?9E0?9?9?9?9*9?9*9?9?9?9?9?9?9*9*_?9*9*9?9?9,28.3,21.4,66,101008,9999,9999,408,1,0,1,999900,999900,999900,99990,20,0.5,2,2,999.0,999,9,'999999999,0,0.0000,0,88,999.000,0.0,1.0
2056/2/15,20:00,?9?9?9?9E0?9?9?9?9*9?9*9?9?9?9?9?9?9*9*_?9*9*9?9?9,27.7,18.7,58,101008,9999,9999,406,0,0,0,999900,999900,999900,99990,90,0.4,3,3,999.0,999,9,'999999999,0,0.0000,0,88,999.000,0.0,1.0
2056/2/15,21:00,?9?9?9?9E0?9?9?9?9*9?9*9?9?9?9?9?9?9*9*_?9*9*9?9?9,26.9,21.9,74,101108,9999,9999,406,0,0,0,999900,999900,999900,99990,140,0.3,3,3,999.0,999,9,'999999999,0,0.0000,0,88,999.000,0.0,1.0
2056/2/15,22:00,?9?9?9?9E0?9?9?9?9*9?9*9?9?9?9?9?9?9*9*_?9*9*9?9?9,26.0,22.7,82,101208,9999,9999,398,0,0,0,999900,999900,999900,99990,140,0.1,2,2,999.0,999,9,'999999999,0,0.0000,0,88,999.000,0.0,1.0
2056/2/15,23:00,?9?9?9?9E0?9?9?9?9*9?9*9?9?9?9?9?9?9*9*_?9*9*9?9?9,25.4,22.9,86,101208,9999,9999,382,0,0,0,999900,999900,999900,99990,140,0.0,0,0,999.0,999,9,'999999999,0,0.0000,0,88,999.000,0.0,1.0
2056/2/15,24:00,?9?9?9?9E0?9?9?9?9*9?9*9?9?9?9?9?9?9*9*_?9*9*9?9?9,24.6,22.9,90,101108,9999,9999,391,0,0,0,999900,999900,999900,99990,50,0.0,2,2,999.0,999,9,'999999999,0,0.0000,0,88,999.000,0.0,1.0
2056/2/16,01:00,?9?9?9?9E0?9?9?9?9*9?9*9?9?9?9?9?9?9*9*_?9*9*9?9?9,24.5,22.8,90,101108,9999,9999,394,0,0,0,999900,999900,999900,99990,50,0.0,3,3,999.0,999,9,'999999999,0,0.0000,0,88,999.000,0.0,1.0
2056/2/16,02:00,?9?9?9?9E0?9?9?9?9*9?9*9?9?9?9?9?9?9*9*_?9*9*9?9?9,24.0,22.3,90,101108,9999,9999,394,0,0,0,999900,999900,999900,99990,50,0.1,4,4,999.0,999,9,'999999999,0,0.0000,0,88,999.000,0.0,1.0
2056/2/16,03:00,?9?9?9?9E0?9?9?9?9*9?9*9?9?9?9?9?9?9*9*_?9*9*9?9?9,24.0,22.3,90,101008,9999,9999,397,0,0,0,999900,999900,999900,99990,50,0.1,5,5,999.0,999,9,'999999999,0,0.0000,0,88,999.000,0.0,1.0
2056/2/16,04:00,?9?9?9?9E0?9?9?9?9*9?9*9?9?9?9?9?9?9*9*_?9*9*9?9?9,23.9,22.2,90,101008,9999,9999,390,0,0,0,999900,999900,999900,99990,50,0.1,3,3,999.0,999,9,'999999999,0,0.0000,0,88,999.000,0.0,1.0
2056/2/16,05:00,?9?9?9?9E0?9?9?9?9*9?9*9?9?9?9?9?9?9*9*_?9*9*9?9?9,23.8,22.1,90,101008,9999,9999,373,0,0,0,999900,999900,999900,99990,50,0.1,0,0,999.0,999,9,'999999999,0,0.0000,0,88,999.000,0.0,1.0
2056/2/16,06:00,?9?9?9?9E0?9?9?9?9*9?9*9?9?9?9?9?9?9*9*_?9*9*9?9?9,23.6,22.2,92,101108,9999,9999,385,0,0,0,999900,999900,999900,99990,290,0.1,2,2,999.0,999,9,'999999999,0,0.0000,0,88,999.000,0.0,1.0
2056/2/16,07:00,?9?9?9?9E0?9?9?9?9*9?9*9?9?9?9?9?9?9*9*_?9*9*9?9?9,23.6,22.2,92,101208,9999,9999,388,11,0,11,999900,999900,999900,99990,290,0.1,3,3,999.0,999,9,'999999999,0,0.0000,0,88,999.000,0.0,1.0
2056/2/16,08:00,?9?9?9?9E0?9?9?9?9*9?9*9?9?9?9?9?9?9*9*_?9*9*9?9?9,25.4,24.0,92,101208,9999,9999,400,163,341,87,999900,999900,999900,99990,290,0.1,3,3,999.0,999,9,'999999999,0,0.0000,0,88,999.000,0.0,1.0
2056/2/16,09:00,?9?9?9?9E0?9?9?9?9*9?9*9?9?9?9?9?9?9*9*_?9*9*9?9?9,27.8,23.4,77,101208,9999,9999,412,412,637,126,999900,999900,999900,99990,290,0.4,3,3,999.0,999,9,'999999999,0,0.0000,0,88,999.000,0.0,1.0
2056/2/16,10:00,?9?9?9?9E0?9?9?9?9*9?9*9?9?9?9?9?9?9*9*_?9*9*9?9?9,30.1,24.3,71,101308,9999,9999,426,621,725,156,999900,999900,999900,99990,290,0.2,3,3,999.0,999,9,'999999999,0,0.0000,0,88,999.000,0.0,1.0
2056/2/16,11:00,?9?9?9?9E0?9?9?9?9*9?9*9?9?9?9?9?9?9*9*_?9*9*9?9?9,31.9,22.9,59,101208,9999,9999,435,791,778,178,999900,999900,999900,99990,290,0.1,3,3,999.0,999,9,'999999999,0,0.0000,0,88,999.000,0.0,1.0
2056/2/16,12:00,?9?9?9?9E0?9?9?9?9*9?9*9?9?9?9?9?9?9*9*_?9*9*9?9?9,32.9,22.1,53,101108,9999,9999,439,896,800,195,999900,999900,999900,99990,170,0.4,3,3,999.0,999,9,'999999999,0,0.0000,0,88,999.000,0.0,1.0
2056/2/16,13:00,?9?9?9?9E0?9?9?9?9*9?9*9?9?9?9?9?9?9*9*_?9*9*9?9?9,33.2,22.3,53,101108,9999,9999,441,917,789,206,999900,999900,999900,99990,140,0.5,3,3,999.0,999,9,'999999999,0,0.0000,0,88,999.000,0.0,1.0
2056/2/16,14:00,?9?9?9?9E0?9?9?9?9*9?9*9?9?9?9?9?9?9*9*_?9*9*9?9?9,33.0,22.2,53,101008,9999,9999,440,865,770,201,999900,999900,999900,99990,140,0.8,3,3,999.0,999,9,'999999999,0,0.0000,0,88,999.000,0.0,1.0
2056/2/16,15:00,?9?9?9?9E0?9?9?9?9*9?9*9?9?9?9?9?9?9*9*_?9*9*9?9?9,32.4,22.2,55,100908,9999,9999,437,735,712,194,999900,999900,999900,99990,100,1.3,3,3,999.0,999,9,'999999999,0,0.0000,0,88,999.000,0.0,1.0
2056/2/16,16:00,?9?9?9?9E0?9?9?9?9*9?9*9?9?9?9?9?9?9*9*_?9*9*9?9?9,31.7,21.6,55,100908,9999,9999,438,507,518,194,999900,999900,999900,99990,140,1.1,5,5,999.0,999,9,'999999999,0,0.0000,0,88,999.000,0.0,1.0
2056/2/16,17:00,?9?9?9?9E0?9?9?9?9*9?9*9?9?9?9?9?9?9*9*_?9*9*9?9?9,30.6,22.8,63,100908,9999,9999,427,325,458,141,999900,999900,999900,99990,90,1.0,3,3,999.0,999,9,'999999999,0,0.0000,0,88,999.000,0.0,1.0
2056/2/16,18:00,?9?9?9?9E0?9?9?9?9*9?9*9?9?9?9?9?9?9*9*_?9*9*9?9?9,29.5,24.2,73,100908,9999,9999,423,108,206,73,999900,999900,999900,99990,80,0.8,3,3,999.0,999,9,'999999999,0,0.0000,0,88,999.000,0.0,1.0
2056/2/16,19:00,?9?9?9?9E0?9?9?9?9*9?9*9?9?9?9?9?9?9*9*_?9*9*9?9?9,28.8,24.2,76,101008,9999,9999,425,1,0,1,999900,999900,999900,99990,90,0.6,5,5,999.0,999,9,'999999999,0,0.0000,0,88,999.000,0.0,1.0
2056/2/16,20:00,?9?9?9?9E0?9?9?9?9*9?9*9?9?9?9?9?9?9*9*_?9*9*9?9?9,28.3,23.9,77,101108,9999,9999,422,0,0,0,999900,999900,999900,99990,90,0.5,5,5,999.0,999,9,'999999999,0,0.0000,0,88,999.000,0.0,1.0
2056/2/16,21:00,?9?9?9?9E0?9?9?9?9*9?9*9?9?9?9?9?9?9*9*_?9*9*9?9?9,27.9,24.8,83,101208,9999,9999,411,0,0,0,999900,999900,999900,99990,90,0.3,2,2,999.0,999,9,'999999999,0,0.0000,0,88,999.000,0.0,1.0
2056/2/16,22:00,?9?9?9?9E0?9?9?9?9*9?9*9?9?9?9?9?9?9*9*_?9*9*9?9?9,27.7,25.0,85,101208,9999,9999,410,0,0,0,999900,999900,999900,99990,90,0.2,2,2,999.0,999,9,'999999999,0,0.0000,0,88,999.000,0.0,1.0
2056/2/16,23:00,?9?9?9?9E0?9?9?9?9*9?9*9?9?9?9?9?9?9*9*_?9*9*9?9?9,26.9,25.0,89,101208,9999,9999,409,0,0,0,999900,999900,999900,99990,90,0.2,3,3,999.0,999,9,'999999999,0,0.0000,0,88,999.000,0.0,1.0
2056/2/16,24:00,?9?9?9?9E0?9?9?9?9*9?9*9?9?9?9?9?9?9*9*_?9*9*9?9?9,26.4,24.5,89,101208,9999,9999,406,0,0,0,999900,999900,999900,99990,90,0.1,3,3,999.0,999,9,'999999999,0,0.0000,0,88,999.000,0.0,1.0
2056/2/17,01:00,?9?9?9?9E0?9?9?9?9*9?9*9?9?9?9?9?9?9*9*_?9*9*9?9?9,25.9,24.0,89,101108,9999,9999,406,0,0,0,999900,999900,999900,99990,90,0.0,4,4,999.0,999,9,'999999999,0,0.0000,0,88,999.000,0.0,1.0
2056/2/17,02:00,?9?9?9?9E0?9?9?9?9*9?9*9?9?9?9?9?9?9*9*_?9*9*9?9?9,25.7,23.8,89,101108,9999,9999,408,0,0,0,999900,999900,999900,99990,90,0.0,5,5,999.0,999,9,'999999999,0,0.0000,0,88,999.000,0.0,1.0
2056/2/17,03:00,?9?9?9?9E0?9?9?9?9*9?9*9?9?9?9?9?9?9*9*_?9*9*9?9?9,25.7,24.1,91,101108,9999,9999,408,0,0,0,999900,999900,999900,99990,90,0.0,5,5,999.0,999,9,'999999999,0,0.0000,0,88,999.000,0.0,1.0
2056/2/17,04:00,?9?9?9?9E0?9?9?9?9*9?9*9?9?9?9?9?9?9*9*_?9*9*9?9?9,25.5,23.9,91,101008,9999,9999,407,0,0,0,999900,999900,999900,99990,90,0.0,5,5,999.0,999,9,'999999999,0,0.0000,0,88,999.000,0.0,1.0
2056/2/17,05:00,?9?9?9?9E0?9?9?9?9*9?9*9?9?9?9?9?9?9*9*_?9*9*9?9?9,25.2,23.6,91,101108,9999,9999,405,0,0,0,999900,999900,999900,99990,90,0.0,5,5,999.0,999,9,'999999999,0,0.0000,0,88,999.000,0.0,1.0
2056/2/17,06:00,?9?9?9?9E0?9?9?9?9*9?9*9?9?9?9?9?9?9*9*_?9*9*9?9?9,25.0,23.8,93,101108,9999,9999,401,0,0,0,999900,999900,999900,99990,340,0.0,4,4,999.0,999,9,'999999999,0,0.0000,0,88,999.000,0.0,1.0
2056/2/17,07:00,?9?9?9?9E0?9?9?9?9*9?9*9?9?9?9?9?9?9*9*_?9*9*9?9?9,25.0,23.8,93,101108,9999,9999,398,12,0,12,999900,999900,999900,99990,340,0.0,3,3,999.0,999,9,'999999999,0,0.0000,0,88,999.000,0.0,1.0
2056/2/17,08:00,?9?9?9?9E0?9?9?9?9*9?9*9?9?9?9?9?9?9*9*_?9*9*9?9?9,26.4,25.2,93,101208,9999,9999,398,170,356,90,999900,999900,999900,99990,340,0.0,1,1,999.0,999,9,'999999999,0,0.0000,0,88,999.000,0.0,1.0
2056/2/17,09:00,?9?9?9?9E0?9?9?9?9*9?9*9?9?9?9?9?9?9*9*_?9*9*9?9?9,28.6,25.4,83,101308,9999,9999,402,414,618,135,999900,999900,999900,99990,340,0.0,0,0,999.0,999,9,'999999999,0,0.0000,0,88,999.000,0.0,1.0
2056/2/17,10:00,?9?9?9?9E0?9?9?9?9*9?9*9?9?9?9?9?9?9*9*_?9*9*9?9?9,30.6,25.7,75,101308,9999,9999,421,635,726,167,999900,999900,999900,99990,340,0.3,1,1,999.0,999,9,'999999999,0,0.0000,0,88,999.000,0.0,1.0
2056/2/17,11:00,?9?9?9?9E0?9?9?9?9*9?9*9?9?9?9?9?9?9*9*_?9*9*9?9?9,31.7,25.6,70,101308,9999,9999,440,746,636,243,999900,999900,999900,99990,340,0.7,4,4,999.0,999,9,'999999999,0,0.0000,0,88,999.000,0.0,1.0
2056/2/17,12:00,?9?9?9?9E0?9?9?9?9*9?9*9?9?9?9?9?9?9*9*_?9*9*9?9?9,33.6,25.1,61,101208,9999,9999,464,703,385,365,999900,999900,999900,99990,90,1.0,7,7,999.0,999,9,'999999999,0,0.0000,0,88,999.000,0.0,1.0
2056/2/17,13:00,?9?9?9?9E0?9?9?9?9*9?9*9?9?9?9?9?9?9*9*_?9*9*9?9?9,33.5,25.0,61,101108,9999,9999,470,649,272,403,999900,999900,999900,99990,90,1.4,8,8,999.0,999,9,'999999999,0,0.0000,0,88,999.000,0.0,1.0
2056/2/17,14:00,?9?9?9?9E0?9?9?9?9*9?9*9?9?9?9?9?9?9*9*_?9*9*9?9?9,33.5,25.0,61,101008,9999,9999,458,729,451,339,999900,999900,999900,99990,90,1.7,6,6,999.0,999,9,'999999999,0,0.0000,0,88,999.000,0.0,1.0
2056/2/17,15:00,?9?9?9?9E0?9?9?9?9*9?9*9?9?9?9?9?9?9*9*_?9*9*9?9?9,33.0,24.5,61,101008,9999,9999,447,701,598,244,999900,999900,999900,99990,90,1.9,4,4,999.0,999,9,'999999999,0,0.0000,0,88,999.000,0.0,1.0
2056/2/17,16:00,?9?9?9?9E0?9?9?9?9*9?9*9?9?9?9?9?9?9*9*_?9*9*9?9?9,32.9,24.4,61,101008,9999,9999,442,540,566,197,999900,999900,999900,99990,90,1.7,3,3,999.0,999,9,'999999999,0,0.0000,0,88,999.000,0.0,1.0
2056/2/17,17:00,?9?9?9?9E0?9?9?9?9*9?9*9?9?9?9?9?9?9*9*_?9*9*9?9?9,31.9,25.5,69,101008,9999,9999,442,305,357,161,999900,999900,999900,99990,90,1.6,4,4,999.0,999,9,'999999999,0,0.0000,0,88,999.000,0.0,1.0
2056/2/17,18:00,?9?9?9?9E0?9?9?9?9*9?9*9?9?9?9?9?9?9*9*_?9*9*9?9?9,30.5,26.9,81,100908,9999,9999,435,99,139,75,999900,999900,999900,99990,90,1.4,4,4,999.0,999,9,'999999999,0,0.0000,0,88,999.000,0.0,1.0
2056/2/17,19:00,?9?9?9?9E0?9?9?9?9*9?9*9?9?9?9?9?9?9*9*_?9*9*9?9?9,29.7,26.9,85,101008,9999,9999,434,1,0,1,999900,999900,999900,99990,90,1.2,5,5,999.0,999,9,'999999999,0,0.0000,0,88,999.000,0.0,1.0
2056/2/17,20:00,?9?9?9?9E0?9?9?9?9*9?9*9?9?9?9?9?9?9*9*_?9*9*9?9?9,29.5,26.7,85,101108,9999,9999,433,0,0,0,999900,999900,999900,99990,90,1.4,5,5,999.0,999,9,'999999999,0,0.0000,0,88,999.000,0.0,1.0
2056/2/17,21:00,?9?9?9?9E0?9?9?9?9*9?9*9?9?9?9?9?9?9*9*_?9*9*9?9?9,29.3,26.9,87,101208,9999,9999,432,0,0,0,999900,999900,999900,99990,70,1.1,5,5,999.0,999,9,'999999999,0,0.0000,0,88,999.000,0.0,1.0
2056/2/17,22:00,?9?9?9?9E0?9?9?9?9*9?9*9?9?9?9?9?9?9*9*_?9*9*9?9?9,29.1,26.7,87,101208,9999,9999,430,0,0,0,999900,999900,999900,99990,70,0.7,5,5,999.0,999,9,'999999999,0,0.0000,0,88,999.000,0.0,1.0
2056/2/17,23:00,?9?9?9?9E0?9?9?9?9*9?9*9?9?9?9?9?9?9*9*_?9*9*9?9?9,29.0,26.6,87,101208,9999,9999,426,0,0,0,999900,999900,999900,99990,70,0.4,4,4,999.0,999,9,'999999999,0,0.0000,0,88,999.000,0.0,1.0
2056/2/17,24:00,?9?9?9?9E0?9?9?9?9*9?9*9?9?9?9?9?9?9*9*_?9*9*9?9?9,28.6,26.8,90,101208,9999,9999,421,0,0,0,999900,999900,999900,99990,80,0.3,3,3,999.0,999,9,'999999999,0,0.0000,0,88,999.000,0.0,1.0
2056/2/18,01:00,?9?9?9?9E0?9?9?9?9*9?9*9?9?9?9?9?9?9*9*_?9*9*9?9?9,28.4,26.6,90,101108,9999,9999,435,0,0,0,999900,999900,999900,99990,90,0.1,7,7,999.0,999,9,'999999999,0,0.0000,0,88,999.000,0.0,1.0
2056/2/18,02:00,?9?9?9?9E0?9?9?9?9*9?9*9?9?9?9?9?9?9*9*_?9*9*9?9?9,27.8,26.0,90,101008,9999,9999,422,0,0,0,999900,999900,999900,99990,90,0.1,5,5,999.0,999,9,'999999999,0,0.0000,0,88,999.000,0.0,1.0
2056/2/18,03:00,?9?9?9?9E0?9?9?9?9*9?9*9?9?9?9?9?9?9*9*_?9*9*9?9?9,27.6,25.8,90,101008,9999,9999,429,0,0,0,999900,999900,999900,99990,90,0.1,7,7,999.0,999,9,'999999999,0,0.0000,0,88,999.000,0.0,1.0
2056/2/18,04:00,?9?9?9?9E0?9?9?9?9*9?9*9?9?9?9?9?9?9*9*_?9*9*9?9?9,27.4,25.8,91,100908,9999,9999,428,0,0,0,999900,999900,999900,99990,90,0.1,7,7,999.0,999,9,'999999999,0,0.0000,0,88,999.000,0.0,1.0
2056/2/18,05:00,?9?9?9?9E0?9?9?9?9*9?9*9?9?9?9?9?9?9*9*_?9*9*9?9?9,27.4,25.8,91,101008,9999,9999,420,0,0,0,999900,999900,999900,99990,90,0.1,5,5,999.0,999,9,'999999999,0,0.0000,0,88,999.000,0.0,1.0
2056/2/18,06:00,?9?9?9?9E0?9?9?9?9*9?9*9?9?9?9?9?9?9*9*_?9*9*9?9?9,27.1,25.5,91,101008,9999,9999,411,0,0,0,999900,999900,999900,99990,290,0.2,3,3,999.0,999,9,'999999999,0,0.0000,0,88,999.000,0.0,1.0
2056/2/18,07:00,?9?9?9?9E0?9?9?9?9*9?9*9?9?9?9?9?9?9*9*_?9*9*9?9?9,27.0,25.6,92,101108,9999,9999,417,13,0,13,999900,999900,999900,99990,290,0.1,5,5,999.0,999,9,'999999999,0,0.0000,0,88,999.000,0.0,1.0
2056/2/18,08:00,?9?9?9?9E0?9?9?9?9*9?9*9?9?9?9?9?9?9*9*_?9*9*9?9?9,27.6,26.2,92,101208,9999,9999,421,151,234,98,999900,999900,999900,99990,290,0.2,5,5,999.0,999,9,'999999999,0,0.0000,0,88,999.000,0.0,1.0
2056/2/18,09:00,?9?9?9?9E0?9?9?9?9*9?9*9?9?9?9?9?9?9*9*_?9*9*9?9?9,29.5,27.1,87,101308,9999,9999,442,314,272,191,999900,999900,999900,99990,320,0.2,7,7,999.0,999,9,'999999999,0,0.0000,0,88,999.000,0.0,1.0
2056/2/18,10:00,?9?9?9?9E0?9?9?9?9*9?9*9?9?9?9?9?9?9*9*_?9*9*9?9?9,30.5,26.9,81,101308,9999,9999,442,531,442,245,999900,999900,999900,99990,320,0.2,6,6,999.0,999,9,'999999999,0,0.0000,0,88,999.000,0.0,1.0
2056/2/18,11:00,?9?9?9?9E0?9?9?9?9*9?9*9?9?9?9?9?9?9*9*_?9*9*9?9?9,32.9,25.5,65,101208,9999,9999,451,727,588,261,999900,999900,999900,99990,320,0.5,5,5,999.0,999,9,'999999999,0,0.0000,0,88,999.000,0.0,1.0
2056/2/18,12:00,?9?9?9?9E0?9?9?9?9*9?9*9?9?9?9?9?9?9*9*_?9*9*9?9?9,33.7,24.6,59,101108,9999,9999,458,773,526,310,999900,999900,999900,99990,160,0.6,6,6,999.0,999,9,'999999999,0,0.0000,0,88,999.000,0.0,1.0
2056/2/18,13:00,?9?9?9?9E0?9?9?9?9*9?9*9?9?9?9?9?9?9*9*_?9*9*9?9?9,34.3,24.3,56,101008,9999,9999,457,841,606,292,999900,999900,999900,99990,120,0.6,5,5,999.0,999,9,'999999999,0,0.0000,0,88,999.000,0.0,1.0
2056/2/18,14:00,?9?9?9?9E0?9?9?9?9*9?9*9?9?9?9?9?9?9*9*_?9*9*9?9?9,34.4,22.8,51,100908,9999,9999,452,846,696,242,999900,999900,999900,99990,120,0.6,4,4,999.0,999,9,'999999999,0,0.0000,0,88,999.000,0.0,1.0
2056/2/18,15:00,?9?9?9?9E0?9?9?9?9*9?9*9?9?9?9?9?9?9*9*_?9*9*9?9?9,34.0,22.4,51,100908,9999,9999,450,723,658,219,999900,999900,999900,99990,90,1.2,4,4,999.0,999,9,'999999999,0,0.0000,0,88,999.000,0.0,1.0
2056/2/18,16:00,?9?9?9?9E0?9?9?9?9*9?9*9?9?9?9?9?9?9*9*_?9*9*9?9?9,33.1,24.0,59,100908,9999,9999,447,527,538,200,999900,999900,999900,99990,90,1.1,4,4,999.0,999,9,'999999999,0,0.0000,0,88,999.000,0.0,1.0
2056/2/18,17:00,?9?9?9?9E0?9?9?9?9*9?9*9?9?9?9?9?9?9*9*_?9*9*9?9?9,32.1,24.7,65,100908,9999,9999,442,314,390,156,999900,999900,999900,99990,130,1.5,4,4,999.0,999,9,'999999999,0,0.0000,0,88,999.000,0.0,1.0
2056/2/18,18:00,?9?9?9?9E0?9?9?9?9*9?9*9?9?9?9?9?9?9*9*_?9*9*9?9?9,30.6,25.7,75,100908,9999,9999,434,105,168,76,999900,999900,999900,99990,140,1.5,4,4,999.0,999,9,'999999999,0,0.0000,0,88,999.000,0.0,1.0
2056/2/18,19:00,?9?9?9?9E0?9?9?9?9*9?9*9?9?9?9?9?9?9*9*_?9*9*9?9?9,29.9,25.4,77,100908,9999,9999,430,1,0,1,999900,999900,999900,99990,120,0.6,4,4,999.0,999,9,'999999999,0,0.0000,0,88,999.000,0.0,1.0
2056/2/18,20:00,?9?9?9?9E0?9?9?9?9*9?9*9?9?9?9?9?9?9*9*_?9*9*9?9?9,29.6,25.8,80,101008,9999,9999,429,0,0,0,999900,999900,999900,99990,120,0.6,4,4,999.0,999,9,'999999999,0,0.0000,0,88,999.000,0.0,1.0
2056/2/18,21:00,?9?9?9?9E0?9?9?9?9*9?9*9?9?9?9?9?9?9*9*_?9*9*9?9?9,29.5,26.7,85,101108,9999,9999,429,0,0,0,999900,999900,999900,99990,140,0.6,4,4,999.0,999,9,'999999999,0,0.0000,0,88,999.000,0.0,1.0
2056/2/18,22:00,?9?9?9?9E0?9?9?9?9*9?9*9?9?9?9?9?9?9*9*_?9*9*9?9?9,29.3,26.7,86,101208,9999,9999,425,0,0,0,999900,999900,999900,99990,140,0.4,3,3,999.0,999,9,'999999999,0,0.0000,0,88,999.000,0.0,1.0
2056/2/18,23:00,?9?9?9?9E0?9?9?9?9*9?9*9?9?9?9?9?9?9*9*_?9*9*9?9?9,29.0,26.4,86,101208,9999,9999,419,0,0,0,999900,999900,999900,99990,140,0.1,2,2,999.0,999,9,'999999999,0,0.0000,0,88,999.000,0.0,1.0
2056/2/18,24:00,?9?9?9?9E0?9?9?9?9*9?9*9?9?9?9?9?9?9*9*_?9*9*9?9?9,28.6,26.2,87,101108,9999,9999,411,0,0,0,999900,999900,999900,99990,90,0.1,1,1,999.0,999,9,'999999999,0,0.0000,0,88,999.000,0.0,1.0
2056/2/19,01:00,?9?9?9?9E0?9?9?9?9*9?9*9?9?9?9?9?9?9*9*_?9*9*9?9?9,28.0,25.7,87,101108,9999,9999,407,0,0,0,999900,999900,999900,99990,90,0.1,1,1,999.0,999,9,'999999999,0,0.0000,0,88,999.000,0.0,1.0
2056/2/19,02:00,?9?9?9?9E0?9?9?9?9*9?9*9?9?9?9?9?9?9*9*_?9*9*9?9?9,27.5,25.2,87,101008,9999,9999,409,0,0,0,999900,999900,999900,99990,90,0.1,2,2,999.0,999,9,'999999999,0,0.0000,0,88,999.000,0.0,1.0
2056/2/19,03:00,?9?9?9?9E0?9?9?9?9*9?9*9?9?9?9?9?9?9*9*_?9*9*9?9?9,27.1,25.0,88,101008,9999,9999,406,0,0,0,999900,999900,999900,99990,90,0.1,2,2,999.0,999,9,'999999999,0,0.0000,0,88,999.000,0.0,1.0
2056/2/19,04:00,?9?9?9?9E0?9?9?9?9*9?9*9?9?9?9?9?9?9*9*_?9*9*9?9?9,26.9,24.8,88,101008,9999,9999,405,0,0,0,999900,999900,999900,99990,90,0.1,2,2,999.0,999,9,'999999999,0,0.0000,0,88,999.000,0.0,1.0
2056/2/19,05:00,?9?9?9?9E0?9?9?9?9*9?9*9?9?9?9?9?9?9*9*_?9*9*9?9?9,26.9,24.8,88,101008,9999,9999,409,0,0,0,999900,999900,999900,99990,90,0.1,3,3,999.0,999,9,'999999999,0,0.0000,0,88,999.000,0.0,1.0
2056/2/19,06:00,?9?9?9?9E0?9?9?9?9*9?9*9?9?9?9?9?9?9*9*_?9*9*9?9?9,26.9,24.8,88,101108,9999,9999,412,0,0,0,999900,999900,999900,99990,90,0.1,4,4,999.0,999,9,'999999999,0,0.0000,0,88,999.000,0.0,1.0
2056/2/19,07:00,?9?9?9?9E0?9?9?9?9*9?9*9?9?9?9?9?9?9*9*_?9*9*9?9?9,26.9,24.8,88,101108,9999,9999,412,13,0,13,999900,999900,999900,99990,90,0.2,4,4,999.0,999,9,'999999999,0,0.0000,0,88,999.000,0.0,1.0
2056/2/19,08:00,?9?9?9?9E0?9?9?9?9*9?9*9?9?9?9?9?9?9*9*_?9*9*9?9?9,28.1,25.7,87,101208,9999,9999,417,173,377,87,999900,999900,999900,99990,90,0.1,3,3,999.0,999,9,'999999999,0,0.0000,0,88,999.000,0.0,1.0
2056/2/19,09:00,?9?9?9?9E0?9?9?9?9*9?9*9?9?9?9?9?9?9*9*_?9*9*9?9?9,29.7,26.1,81,101308,9999,9999,416,428,674,121,999900,999900,999900,99990,320,0.4,1,1,999.0,999,9,'999999999,0,0.0000,0,88,999.000,0.0,1.0
2056/2/19,10:00,?9?9?9?9E0?9?9?9?9*9?9*9?9?9?9?9?9?9*9*_?9*9*9?9?9,31.3,24.9,69,101308,9999,9999,424,660,799,141,999900,999900,999900,99990,320,0.4,1,1,999.0,999,9,'999999999,0,0.0000,0,88,999.000,0.0,1.0
2056/2/19,11:00,?9?9?9?9E0?9?9?9?9*9?9*9?9?9?9?9?9?9*9*_?9*9*9?9?9,32.9,25.5,65,101308,9999,9999,444,790,750,193,999900,999900,999900,99990,320,0.3,3,3,999.0,999,9,'999999999,0,0.0000,0,88,999.000,0.0,1.0
2056/2/19,12:00,?9?9?9?9E0?9?9?9?9*9?9*9?9?9?9?9?9?9*9*_?9*9*9?9?9,33.2,24.7,61,101208,9999,9999,451,825,638,262,999900,999900,999900,99990,140,1.5,5,5,999.0,999,9,'999999999,0,0.0000,0,88,999.000,0.0,1.0
2056/2/19,13:00,?9?9?9?9E0?9?9?9?9*9?9*9?9?9?9?9?9?9*9*_?9*9*9?9?9,33.7,25.1,61,101108,9999,9999,455,835,602,288,999900,999900,999900,99990,140,0.7,5,5,999.0,999,9,'999999999,0,0.0000,0,88,999.000,0.0,1.0
2056/2/19,14:00,?9?9?9?9E0?9?9?9?9*9?9*9?9?9?9?9?9?9*9*_?9*9*9?9?9,33.8,25.2,61,101008,9999,9999,456,783,584,276,999900,999900,999900,99990,120,0.8,5,5,999.0,999,9,'999999999,0,0.0000,0,88,999.000,0.0,1.0
2056/2/19,15:00,?9?9?9?9E0?9?9?9?9*9?9*9?9?9?9?9?9?9*9*_?9*9*9?9?9,33.5,25.0,61,100908,9999,9999,447,722,660,215,999900,999900,999900,99990,120,1.4,3,3,999.0,999,9,'999999999,0,0.0000,0,88,999.000,0.0,1.0
2056/2/19,16:00,?9?9?9?9E0?9?9?9?9*9?9*9?9?9?9?9?9?9*9*_?9*9*9?9?9,33.5,25.0,61,100908,9999,9999,442,552,614,177,999900,999900,999900,99990,140,1.2,2,2,999.0,999,9,'999999999,0,0.0000,0,88,999.000,0.0,1.0
2056/2/19,17:00,?9?9?9?9E0?9?9?9?9*9?9*9?9?9?9?9?9?9*9*_?9*9*9?9?9,31.6,25.2,69,100908,9999,9999,432,329,460,141,999900,999900,999900,99990,140,1.1,2,2,999.0,999,9,'999999999,0,0.0000,0,88,999.000,0.0,1.0
2056/2/19,18:00,?9?9?9?9E0?9?9?9?9*9?9*9?9?9?9?9?9?9*9*_?9*9*9?9?9,30.5,25.6,75,100908,9999,9999,420,116,233,75,999900,999900,999900,99990,110,1.0,1,1,999.0,999,9,'999999999,0,0.0000,0,88,999.000,0.0,1.0
2056/2/19,19:00,?9?9?9?9E0?9?9?9?9*9?9*9?9?9?9?9?9?9*9*_?9*9*9?9?9,29.7,26.1,81,100908,9999,9999,409,1,0,1,999900,999900,999900,99990,150,0.9,0,0,999.0,999,9,'999999999,0,0.0000,0,88,999.000,0.0,1.0
2056/2/19,20:00,?9?9?9?9E0?9?9?9?9*9?9*9?9?9?9?9?9?9*9*_?9*9*9?9?9,29.3,26.1,83,101008,9999,9999,406,0,0,0,999900,999900,999900,99990,150,1.1,0,0,999.0,999,9,'999999999,0,0.0000,0,88,999.000,0.0,1.0
2056/2/19,21:00,?9?9?9?9E0?9?9?9?9*9?9*9?9?9?9?9?9?9*9*_?9*9*9?9?9,28.8,26.4,87,101108,9999,9999,418,0,0,0,999900,999900,999900,99990,140,1.1,2,2,999.0,999,9,'999999999,0,0.0000,0,88,999.000,0.0,1.0
2056/2/19,22:00,?9?9?9?9E0?9?9?9?9*9?9*9?9?9?9?9?9?9*9*_?9*9*9?9?9,28.7,26.3,87,101108,9999,9999,424,0,0,0,999900,999900,999900,99990,140,0.3,4,4,999.0,999,9,'999999999,0,0.0000,0,88,999.000,0.0,1.0
2056/2/19,23:00,?9?9?9?9E0?9?9?9?9*9?9*9?9?9?9?9?9?9*9*_?9*9*9?9?9,28.4,26.0,87,101108,9999,9999,422,0,0,0,999900,999900,999900,99990,140,0.1,4,4,999.0,999,9,'999999999,0,0.0000,0,88,999.000,0.0,1.0
2056/2/19,24:00,?9?9?9?9E0?9?9?9?9*9?9*9?9?9?9?9?9?9*9*_?9*9*9?9?9,27.9,25.6,87,101108,9999,9999,419,0,0,0,999900,999900,999900,99990,180,0.1,4,4,999.0,999,9,'999999999,0,0.0000,0,88,999.000,0.0,1.0
2056/2/20,01:00,?9?9?9?9E0?9?9?9?9*9?9*9?9?9?9?9?9?9*9*_?9*9*9?9?9,27.3,25.2,88,101108,9999,9999,418,0,0,0,999900,999900,999900,99990,180,0.0,5,5,999.0,999,9,'999999999,0,0.0000,0,88,999.000,0.0,1.0
2056/2/20,02:00,?9?9?9?9E0?9?9?9?9*9?9*9?9?9?9?9?9?9*9*_?9*9*9?9?9,27.2,25.1,88,101008,9999,9999,418,0,0,0,999900,999900,999900,99990,180,0.1,5,5,999.0,999,9,'999999999,0,0.0000,0,88,999.000,0.0,1.0
2056/2/20,03:00,?9?9?9?9E0?9?9?9?9*9?9*9?9?9?9?9?9?9*9*_?9*9*9?9?9,26.6,25.0,91,101008,9999,9999,414,0,0,0,999900,999900,999900,99990,290,0.1,5,5,999.0,999,9,'999999999,0,0.0000,0,88,999.000,0.0,1.0
2056/2/20,04:00,?9?9?9?9E0?9?9?9?9*9?9*9?9?9?9?9?9?9*9*_?9*9*9?9?9,26.5,24.9,91,101008,9999,9999,413,0,0,0,999900,999900,999900,99990,290,0.1,5,5,999.0,999,9,'999999999,0,0.0000,0,88,999.000,0.0,1.0
2056/2/20,05:00,?9?9?9?9E0?9?9?9?9*9?9*9?9?9?9?9?9?9*9*_?9*9*9?9?9,26.1,24.5,91,101008,9999,9999,408,0,0,0,999900,999900,999900,99990,290,0.1,4,4,999.0,999,9,'999999999,0,0.0000,0,88,999.000,0.0,1.0
2056/2/20,06:00,?9?9?9?9E0?9?9?9?9*9?9*9?9?9?9?9?9?9*9*_?9*9*9?9?9,25.9,24.3,91,101008,9999,9999,403,0,0,0,999900,999900,999900,99990,290,0.1,3,3,999.0,999,9,'999999999,0,0.0000,0,88,999.000,0.0,1.0
2056/2/20,07:00,?9?9?9?9E0?9?9?9?9*9?9*9?9?9?9?9?9?9*9*_?9*9*9?9?9,25.9,24.3,91,101108,9999,9999,403,14,0,14,999900,999900,999900,99990,290,0.1,3,3,999.0,999,9,'999999999,0,0.0000,0,88,999.000,0.0,1.0
2056/2/20,08:00,?9?9?9?9E0?9?9?9?9*9?9*9?9?9?9?9?9?9*9*_?9*9*9?9?9,27.7,26.1,91,101108,9999,9999,415,171,350,90,999900,999900,999900,99990,290,0.1,3,3,999.0,999,9,'999999999,0,0.0000,0,88,999.000,0.0,1.0
2056/2/20,09:00,?9?9?9?9E0?9?9?9?9*9?9*9?9?9?9?9?9?9*9*_?9*9*9?9?9,29.7,26.5,83,101208,9999,9999,427,411,588,141,999900,999900,999900,99990,290,0.6,3,3,999.0,999,9,'999999999,0,0.0000,0,88,999.000,0.0,1.0
2056/2/20,10:00,?9?9?9?9E0?9?9?9?9*9?9*9?9?9?9?9?9?9*9*_?9*9*9?9?9,31.4,27.5,80,101208,9999,9999,445,565,541,212,999900,999900,999900,99990,290,0.5,5,5,999.0,999,9,'999999999,0,0.0000,0,88,999.000,0.0,1.0
2056/2/20,11:00,?9?9?9?9E0?9?9?9?9*9?9*9?9?9?9?9?9?9*9*_?9*9*9?9?9,32.9,27.7,74,101208,9999,9999,454,707,562,259,999900,999900,999900,99990,220,0.6,5,5,999.0,999,9,'999999999,0,0.0000,0,88,999.000,0.0,1.0
2056/2/20,12:00,?9?9?9?9E0?9?9?9?9*9?9*9?9?9?9?9?9?9*9*_?9*9*9?9?9,34.0,27.8,70,101108,9999,9999,453,856,680,253,999900,999900,999900,99990,180,0.5,3,3,999.0,999,9,'999999999,0,0.0000,0,88,999.000,0.0,1.0
2056/2/20,13:00,?9?9?9?9E0?9?9?9?9*9?9*9?9?9?9?9?9?9*9*_?9*9*9?9?9,34.3,27.0,66,101008,9999,9999,458,860,651,267,999900,999900,999900,99990,180,1.2,4,4,999.0,999,9,'999999999,0,0.0000,0,88,999.000,0.0,1.0
2056/2/20,14:00,?9?9?9?9E0?9?9?9?9*9?9*9?9?9?9?9?9?9*9*_?9*9*9?9?9,34.5,25.9,61,100908,9999,9999,454,851,710,232,999900,999900,999900,99990,180,2.0,3,3,999.0,999,9,'999999999,0,0.0000,0,88,999.000,0.0,1.0
2056/2/20,15:00,?9?9?9?9E0?9?9?9?9*9?9*9?9?9?9?9?9?9*9*_?9*9*9?9?9,33.9,25.1,60,100808,9999,9999,439,748,716,197,999900,999900,999900,99990,90,1.0,1,1,999.0,999,9,'999999999,0,0.0000,0,88,999.000,0.0,1.0
2056/2/20,16:00,?9?9?9?9E0?9?9?9?9*9?9*9?9?9?9?9?9?9*9*_?9*9*9?9?9,33.0,24.5,61,100808,9999,9999,439,557,622,176,999900,999900,999900,99990,140,1.1,2,2,999.0,999,9,'999999999,0,0.0000,0,88,999.000,0.0,1.0
2056/2/20,17:00,?9?9?9?9E0?9?9?9?9*9?9*9?9?9?9?9?9?9*9*_?9*9*9?9?9,32.2,25.6,68,100808,9999,9999,440,325,434,147,999900,999900,999900,99990,140,1.4,3,3,999.0,999,9,'999999999,0,0.0000,0,88,999.000,0.0,1.0
2056/2/20,18:00,?9?9?9?9E0?9?9?9?9*9?9*9?9?9?9?9?9?9*9*_?9*9*9?9?9,30.6,25.5,74,100808,9999,9999,434,108,180,76,999900,999900,999900,99990,90,0.9,4,4,999.0,999,9,'999999999,0,0.0000,0,88,999.000,0.0,1.0
2056/2/20,19:00,?9?9?9?9E0?9?9?9?9*9?9*9?9?9?9?9?9?9*9*_?9*9*9?9?9,29.6,26.0,81,100808,9999,9999,429,1,0,1,999900,999900,999900,99990,90,1.2,4,4,999.0,999,9,'999999999,0,0.0000,0,88,999.000,0.0,1.0
2056/2/20,20:00,?9?9?9?9E0?9?9?9?9*9?9*9?9?9?9?9?9?9*9*_?9*9*9?9?9,29.1,26.7,87,100908,9999,9999,424,0,0,0,999900,999900,999900,99990,170,0.9,3,3,999.0,999,9,'999999999,0,0.0000,0,88,999.000,0.0,1.0
2056/2/20,21:00,?9?9?9?9E0?9?9?9?9*9?9*9?9?9?9?9?9?9*9*_?9*9*9?9?9,28.6,26.4,88,101008,9999,9999,411,0,0,0,999900,999900,999900,99990,140,0.9,1,1,999.0,999,9,'999999999,0,0.0000,0,88,999.000,0.0,1.0
2056/2/20,22:00,?9?9?9?9E0?9?9?9?9*9?9*9?9?9?9?9?9?9*9*_?9*9*9?9?9,28.5,26.3,88,101008,9999,9999,410,0,0,0,999900,999900,999900,99990,140,0.9,1,1,999.0,999,9,'999999999,0,0.0000,0,88,999.000,0.0,1.0
2056/2/20,23:00,?9?9?9?9E0?9?9?9?9*9?9*9?9?9?9?9?9?9*9*_?9*9*9?9?9,28.2,26.0,88,101008,9999,9999,418,0,0,0,999900,999900,999900,99990,140,0.1,3,3,999.0,999,9,'999999999,0,0.0000,0,88,999.000,0.0,1.0
2056/2/20,24:00,?9?9?9?9E0?9?9?9?9*9?9*9?9?9?9?9?9?9*9*_?9*9*9?9?9,27.6,26.2,92,101008,9999,9999,418,0,0,0,999900,999900,999900,99990,180,0.1,4,4,999.0,999,9,'999999999,0,0.0000,0,88,999.000,0.0,1.0
2056/2/21,01:00,?9?9?9?9E0?9?9?9?9*9?9*9?9?9?9?9?9?9*9*_?9*9*9?9?9,27.1,25.9,93,101008,9999,9999,412,0,0,0,999900,999900,999900,99990,180,0.1,3,3,999.0,999,9,'999999999,0,0.0000,0,88,999.000,0.0,1.0
2056/2/21,02:00,?9?9?9?9E0?9?9?9?9*9?9*9?9?9?9?9?9?9*9*_?9*9*9?9?9,26.4,25.4,94,100908,9999,9999,413,0,0,0,999900,999900,999900,99990,180,0.1,5,5,999.0,999,9,'999999999,0,0.0000,0,88,999.000,0.0,1.0
2056/2/21,03:00,?9?9?9?9E0?9?9?9?9*9?9*9?9?9?9?9?9?9*9*_?9*9*9?9?9,26.1,25.3,95,100908,9999,9999,412,0,0,0,999900,999900,999900,99990,140,0.0,5,5,999.0,999,9,'999999999,0,0.0000,0,88,999.000,0.0,1.0
2056/2/21,04:00,?9?9?9?9E0?9?9?9?9*9?9*9?9?9?9?9?9?9*9*_?9*9*9?9?9,26.1,25.4,96,100908,9999,9999,409,0,0,0,999900,999900,999900,99990,140,0.0,4,4,999.0,999,9,'999999999,0,0.0000,0,88,999.000,0.0,1.0
2056/2/21,05:00,?9?9?9?9E0?9?9?9?9*9?9*9?9?9?9?9?9?9*9*_?9*9*9?9?9,26.3,25.8,97,100908,9999,9999,417,0,0,0,999900,999900,999900,99990,140,0.3,6,6,999.0,999,9,'999999999,0,0.0000,0,88,999.000,0.0,1.0
2056/2/21,06:00,?9?9?9?9E0?9?9?9?9*9?9*9?9?9?9?9?9?9*9*_?9*9*9?9?9,26.5,25.8,96,100908,9999,9999,423,0,0,0,999900,999900,999900,99990,270,0.3,7,7,999.0,999,9,'999999999,0,0.0000,0,88,999.000,0.0,1.0
2056/2/21,07:00,?9?9?9?9E0?9?9?9?9*9?9*9?9?9?9?9?9?9*9*_?9*9*9?9?9,26.6,25.8,95,101008,9999,9999,424,15,0,15,999900,999900,999900,99990,270,0.3,7,7,999.0,999,9,'999999999,0,0.0000,0,88,999.000,0.0,1.0
2056/2/21,08:00,?9?9?9?9E0?9?9?9?9*9?9*9?9?9?9?9?9?9*9*_?9*9*9?9?9,27.3,26.3,94,101008,9999,9999,423,140,193,95,999900,999900,999900,99990,270,0.5,6,6,999.0,999,9,'999999999,0,0.0000,0,88,999.000,0.0,1.0
2056/2/21,09:00,?9?9?9?9E0?9?9?9?9*9?9*9?9?9?9?9?9?9*9*_?9*9*9?9?9,29.5,27.7,90,101008,9999,9999,434,370,445,165,999900,999900,999900,99990,210,0.5,5,5,999.0,999,9,'999999999,0,0.0000,0,88,999.000,0.0,1.0
2056/2/21,10:00,?9?9?9?9E0?9?9?9?9*9?9*9?9?9?9?9?9?9*9*_?9*9*9?9?9,31.2,26.9,78,101108,9999,9999,439,607,649,182,999900,999900,999900,99990,200,1.0,4,4,999.0,999,9,'999999999,0,0.0000,0,88,999.000,0.0,1.0
2056/2/21,11:00,?9?9?9?9E0?9?9?9?9*9?9*9?9?9?9?9?9?9*9*_?9*9*9?9?9,33.1,24.9,62,101008,9999,9999,448,775,717,201,999900,999900,999900,99990,200,0.8,4,4,999.0,999,9,'999999999,0,0.0000,0,88,999.000,0.0,1.0
2056/2/21,12:00,?9?9?9?9E0?9?9?9?9*9?9*9?9?9?9?9?9?9*9*_?9*9*9?9?9,34.8,23.5,52,100908,9999,9999,452,911,805,195,999900,999900,999900,99990,180,0.5,3,3,999.0,999,9,'999999999,0,0.0000,0,88,999.000,0.0,1.0
2056/2/21,13:00,?9?9?9?9E0?9?9?9?9*9?9*9?9?9?9?9?9?9*9*_?9*9*9?9?9,35.7,19.2,38,100908,9999,9999,451,974,870,179,999900,999900,999900,99990,200,1.0,3,3,999.0,999,9,'999999999,0,0.0000,0,88,999.000,0.0,1.0
2056/2/21,14:00,?9?9?9?9E0?9?9?9?9*9?9*9?9?9?9?9?9?9*9*_?9*9*9?9?9,36.1,20.4,40,100808,9999,9999,456,907,830,181,999900,999900,999900,99990,200,0.6,3,3,999.0,999,9,'999999999,0,0.0000,0,88,999.000,0.0,1.0
2056/2/21,15:00,?9?9?9?9E0?9?9?9?9*9?9*9?9?9?9?9?9?9*9*_?9*9*9?9?9,35.9,21.7,44,100708,9999,9999,460,744,718,189,999900,999900,999900,99990,180,1.0,4,4,999.0,999,9,'999999999,0,0.0000,0,88,999.000,0.0,1.0
2056/2/21,16:00,?9?9?9?9E0?9?9?9?9*9?9*9?9?9?9?9?9?9*9*_?9*9*9?9?9,35.1,22.5,48,100708,9999,9999,456,556,631,169,999900,999900,999900,99990,180,1.2,4,4,999.0,999,9,'999999999,0,0.0000,0,88,999.000,0.0,1.0
2056/2/21,17:00,?9?9?9?9E0?9?9?9?9*9?9*9?9?9?9?9?9?9*9*_?9*9*9?9?9,33.3,23.3,56,100708,9999,9999,439,353,553,125,999900,999900,999900,99990,180,1.1,2,2,999.0,999,9,'999999999,0,0.0000,0,88,999.000,0.0,1.0
2056/2/21,18:00,?9?9?9?9E0?9?9?9?9*9?9*9?9?9?9?9?9?9*9*_?9*9*9?9?9,31.3,24.2,66,100608,9999,9999,415,125,291,73,999900,999900,999900,99990,180,1.0,0,0,999.0,999,9,'999999999,0,0.0000,0,88,999.000,0.0,1.0
2056/2/21,19:00,?9?9?9?9E0?9?9?9?9*9?9*9?9?9?9?9?9?9*9*_?9*9*9?9?9,29.9,25.9,79,100708,9999,9999,417,1,0,1,999900,999900,999900,99990,160,0.6,1,1,999.0,999,9,'999999999,0,0.0000,0,88,999.000,0.0,1.0
2056/2/21,20:00,?9?9?9?9E0?9?9?9?9*9?9*9?9?9?9?9?9?9*9*_?9*9*9?9?9,29.2,26.2,84,100708,9999,9999,414,0,0,0,999900,999900,999900,99990,160,0.5,1,1,999.0,999,9,'999999999,0,0.0000,0,88,999.000,0.0,1.0
2056/2/21,21:00,?9?9?9?9E0?9?9?9?9*9?9*9?9?9?9?9?9?9*9*_?9*9*9?9?9,28.6,26.4,88,100808,9999,9999,421,0,0,0,999900,999900,999900,99990,180,2.2,3,3,999.0,999,9,'999999999,0,0.0000,0,88,999.000,0.0,1.0
2056/2/21,22:00,?9?9?9?9E0?9?9?9?9*9?9*9?9?9?9?9?9?9*9*_?9*9*9?9?9,28.3,26.1,88,100808,9999,9999,419,0,0,0,999900,999900,999900,99990,170,3.5,3,3,999.0,999,9,'999999999,0,0.0000,0,88,999.000,0.0,1.0
2056/2/21,23:00,?9?9?9?9E0?9?9?9?9*9?9*9?9?9?9?9?9?9*9*_?9*9*9?9?9,28.1,25.9,88,100808,9999,9999,417,0,0,0,999900,999900,999900,99990,170,5.0,3,3,999.0,999,9,'999999999,0,0.0000,0,88,999.000,0.0,1.0
2056/2/21,24:00,?9?9?9?9E0?9?9?9?9*9?9*9?9?9?9?9?9?9*9*_?9*9*9?9?9,27.6,26.0,91,100808,9999,9999,414,0,0,0,999900,999900,999900,99990,180,3.3,3,3,999.0,999,9,'999999999,0,0.0000,0,88,999.000,0.0,1.0
2056/2/22,01:00,?9?9?9?9E0?9?9?9?9*9?9*9?9?9?9?9?9?9*9*_?9*9*9?9?9,27.1,25.5,91,100808,9999,9999,411,0,0,0,999900,999900,999900,99990,200,2.9,3,3,999.0,999,9,'999999999,0,0.0000,0,88,999.000,0.0,1.0
2056/2/22,02:00,?9?9?9?9E0?9?9?9?9*9?9*9?9?9?9?9?9?9*9*_?9*9*9?9?9,26.4,25.0,92,100708,9999,9999,407,0,0,0,999900,999900,999900,99990,200,0.5,3,3,999.0,999,9,'999999999,0,0.0000,0,88,999.000,0.0,1.0
2056/2/22,03:00,?9?9?9?9E0?9?9?9?9*9?9*9?9?9?9?9?9?9*9*_?9*9*9?9?9,26.2,24.8,92,100708,9999,9999,409,0,0,0,999900,999900,999900,99990,200,0.0,4,4,999.0,999,9,'999999999,0,0.0000,0,88,999.000,0.0,1.0
2056/2/22,04:00,?9?9?9?9E0?9?9?9?9*9?9*9?9?9?9?9?9?9*9*_?9*9*9?9?9,26.6,25.2,92,100708,9999,9999,414,0,0,0,999900,999900,999900,99990,200,1.2,5,5,999.0,999,9,'999999999,0,0.0000,0,88,999.000,0.0,1.0
2056/2/22,05:00,?9?9?9?9E0?9?9?9?9*9?9*9?9?9?9?9?9?9*9*_?9*9*9?9?9,26.4,25.0,92,100708,9999,9999,413,0,0,0,999900,999900,999900,99990,220,3.8,5,5,999.0,999,9,'999999999,0,0.0000,0,88,999.000,0.0,1.0
2056/2/22,06:00,?9?9?9?9E0?9?9?9?9*9?9*9?9?9?9?9?9?9*9*_?9*9*9?9?9,26.5,25.1,92,100708,9999,9999,417,0,0,0,999900,999900,999900,99990,230,2.5,6,6,999.0,999,9,'999999999,0,0.0000,0,88,999.000,0.0,1.0
2056/2/22,07:00,?9?9?9?9E0?9?9?9?9*9?9*9?9?9?9?9?9?9*9*_?9*9*9?9?9,26.4,25.0,92,100808,9999,9999,428,15,0,15,999900,999900,999900,99990,250,2.8,8,8,999.0,999,9,'999999999,0,0.0000,0,88,999.000,0.0,1.0
2056/2/22,08:00,?9?9?9?9E0?9?9?9?9*9?9*9?9?9?9?9?9?9*9*_?9*9*9?9?9,27.3,25.9,92,100908,9999,9999,428,129,153,93,999900,999900,999900,99990,250,0.9,7,7,999.0,999,9,'999999999,0,0.0000,0,88,999.000,0.0,1.0
2056/2/22,09:00,?9?9?9?9E0?9?9?9?9*9?9*9?9?9?9?9?9?9*9*_?9*9*9?9?9,28.8,25.4,82,101008,9999,9999,431,362,430,163,999900,999900,999900,99990,230,0.6,6,6,999.0,999,9,'999999999,0,0.0000,0,88,999.000,0.0,1.0
2056/2/22,10:00,?9?9?9?9E0?9?9?9?9*9?9*9?9?9?9?9?9?9*9*_?9*9*9?9?9,31.1,22.4,60,101008,9999,9999,429,671,818,134,999900,999900,999900,99990,230,0.7,3,3,999.0,999,9,'999999999,0,0.0000,0,88,999.000,0.0,1.0
2056/2/22,11:00,?9?9?9?9E0?9?9?9?9*9?9*9?9?9?9?9?9?9*9*_?9*9*9?9?9,33.2,20.4,47,101008,9999,9999,439,847,879,141,999900,999900,999900,99990,230,0.8,3,3,999.0,999,9,'999999999,0,0.0000,0,88,999.000,0.0,1.0
2056/2/22,12:00,?9?9?9?9E0?9?9?9?9*9?9*9?9?9?9?9?9?9*9*_?9*9*9?9?9,34.8,17.5,36,100908,9999,9999,434,985,950,138,999900,999900,999900,99990,270,0.6,1,1,999.0,999,9,'999999999,0,0.0000,0,88,999.000,0.0,1.0
2056/2/22,13:00,?9?9?9?9E0?9?9?9?9*9?9*9?9?9?9?9?9?9*9*_?9*9*9?9?9,36.0,12.3,24,100808,9999,9999,439,1035,985,132,999900,999900,999900,99990,220,0.5,2,2,999.0,999,9,'999999999,0,0.0000,0,88,999.000,0.0,1.0
2056/2/22,14:00,?9?9?9?9E0?9?9?9?9*9?9*9?9?9?9?9?9?9*9*_?9*9*9?9?9,36.7,12.9,24,100708,9999,9999,448,957,933,139,999900,999900,999900,99990,220,0.6,3,3,999.0,999,9,'999999999,0,0.0000,0,88,999.000,0.0,1.0
2056/2/22,15:00,?9?9?9?9E0?9?9?9?9*9?9*9?9?9?9?9?9?9*9*_?9*9*9?9?9,36.8,18.4,34,100608,9999,9999,457,795,836,147,999900,999900,999900,99990,180,1.3,3,3,999.0,999,9,'999999999,0,0.0000,0,88,999.000,0.0,1.0
2056/2/22,16:00,?9?9?9?9E0?9?9?9?9*9?9*9?9?9?9?9?9?9*9*_?9*9*9?9?9,34.5,21.9,48,100608,9999,9999,448,578,700,147,999900,999900,999900,99990,180,0.5,3,3,999.0,999,9,'999999999,0,0.0000,0,88,999.000,0.0,1.0
2056/2/22,17:00,?9?9?9?9E0?9?9?9?9*9?9*9?9?9?9?9?9?9*9*_?9*9*9?9?9,32.6,23.3,58,100608,9999,9999,439,347,539,125,999900,999900,999900,99990,180,0.9,3,3,999.0,999,9,'999999999,0,0.0000,0,88,999.000,0.0,1.0
2056/2/22,18:00,?9?9?9?9E0?9?9?9?9*9?9*9?9?9?9?9?9?9*9*_?9*9*9?9?9,30.9,25.5,73,100608,9999,9999,432,119,263,72,999900,999900,999900,99990,140,0.8,3,3,999.0,999,9,'999999999,0,0.0000,0,88,999.000,0.0,1.0
2056/2/22,19:00,?9?9?9?9E0?9?9?9?9*9?9*9?9?9?9?9?9?9*9*_?9*9*9?9?9,30.0,25.8,78,100708,9999,9999,428,2,0,2,999900,999900,999900,99990,150,0.6,3,3,999.0,999,9,'999999999,0,0.0000,0,88,999.000,0.0,1.0
2056/2/22,20:00,?9?9?9?9E0?9?9?9?9*9?9*9?9?9?9?9?9?9*9*_?9*9*9?9?9,29.5,25.3,78,100808,9999,9999,414,0,0,0,999900,999900,999900,99990,150,0.5,1,1,999.0,999,9,'999999999,0,0.0000,0,88,999.000,0.0,1.0
2056/2/22,21:00,?9?9?9?9E0?9?9?9?9*9?9*9?9?9?9?9?9?9*9*_?9*9*9?9?9,29.2,25.8,82,100808,9999,9999,406,0,0,0,999900,999900,999900,99990,90,0.3,0,0,999.0,999,9,'999999999,0,0.0000,0,88,999.000,0.0,1.0
2056/2/22,22:00,?9?9?9?9E0?9?9?9?9*9?9*9?9?9?9?9?9?9*9*_?9*9*9?9?9,28.8,25.6,83,100908,9999,9999,403,0,0,0,999900,999900,999900,99990,90,0.2,0,0,999.0,999,9,'999999999,0,0.0000,0,88,999.000,0.0,1.0
2056/2/22,23:00,?9?9?9?9E0?9?9?9?9*9?9*9?9?9?9?9?9?9*9*_?9*9*9?9?9,28.3,25.8,86,100908,9999,9999,401,0,0,0,999900,999900,999900,99990,160,0.0,0,0,999.0,999,9,'999999999,0,0.0000,0,88,999.000,0.0,1.0
2056/2/22,24:00,?9?9?9?9E0?9?9?9?9*9?9*9?9?9?9?9?9?9*9*_?9*9*9?9?9,28.3,26.5,90,100908,9999,9999,402,0,0,0,999900,999900,999900,99990,140,0.0,0,0,999.0,999,9,'999999999,0,0.0000,0,88,999.000,0.0,1.0
2056/2/23,01:00,?9?9?9?9E0?9?9?9?9*9?9*9?9?9?9?9?9?9*9*_?9*9*9?9?9,28.3,26.5,90,100908,9999,9999,402,0,0,0,999900,999900,999900,99990,140,0.0,0,0,999.0,999,9,'999999999,0,0.0000,0,88,999.000,0.0,1.0
2056/2/23,02:00,?9?9?9?9E0?9?9?9?9*9?9*9?9?9?9?9?9?9*9*_?9*9*9?9?9,27.3,25.5,90,100908,9999,9999,395,0,0,0,999900,999900,999900,99990,140,0.0,0,0,999.0,999,9,'999999999,0,0.0000,0,88,999.000,0.0,1.0
2056/2/23,03:00,?9?9?9?9E0?9?9?9?9*9?9*9?9?9?9?9?9?9*9*_?9*9*9?9?9,27.3,25.5,90,100808,9999,9999,412,0,0,0,999900,999900,999900,99990,140,0.0,3,3,999.0,999,9,'999999999,0,0.0000,0,88,999.000,0.0,1.0
2056/2/23,04:00,?9?9?9?9E0?9?9?9?9*9?9*9?9?9?9?9?9?9*9*_?9*9*9?9?9,27.2,25.4,90,100908,9999,9999,418,0,0,0,999900,999900,999900,99990,140,0.1,5,5,999.0,999,9,'999999999,0,0.0000,0,88,999.000,0.0,1.0
2056/2/23,05:00,?9?9?9?9E0?9?9?9?9*9?9*9?9?9?9?9?9?9*9*_?9*9*9?9?9,27.1,25.3,90,100908,9999,9999,417,0,0,0,999900,999900,999900,99990,140,0.1,5,5,999.0,999,9,'999999999,0,0.0000,0,88,999.000,0.0,1.0
2056/2/23,06:00,?9?9?9?9E0?9?9?9?9*9?9*9?9?9?9?9?9?9*9*_?9*9*9?9?9,26.7,24.9,90,100908,9999,9999,418,0,0,0,999900,999900,999900,99990,110,0.1,6,6,999.0,999,9,'999999999,0,0.0000,0,88,999.000,0.0,1.0
2056/2/23,07:00,?9?9?9?9E0?9?9?9?9*9?9*9?9?9?9?9?9?9*9*_?9*9*9?9?9,26.7,24.9,90,100908,9999,9999,423,16,0,16,999900,999900,999900,99990,110,0.1,7,7,999.0,999,9,'999999999,0,0.0000,0,88,999.000,0.0,1.0
2056/2/23,08:00,?9?9?9?9E0?9?9?9?9*9?9*9?9?9?9?9?9?9*9*_?9*9*9?9?9,28.0,26.2,90,101008,9999,9999,432,132,142,98,999900,999900,999900,99990,110,0.3,7,7,999.0,999,9,'999999999,0,0.0000,0,88,999.000,0.0,1.0
2056/2/23,09:00,?9?9?9?9E0?9?9?9?9*9?9*9?9?9?9?9?9?9*9*_?9*9*9?9?9,29.0,27.2,90,101108,9999,9999,446,281,182,196,999900,999900,999900,99990,270,0.4,8,8,999.0,999,9,'999999999,0,0.0000,0,88,999.000,0.0,1.0
2056/2/23,10:00,?9?9?9?9E0?9?9?9?9*9?9*9?9?9?9?9?9?9*9*_?9*9*9?9?9,30.9,25.0,71,101108,9999,9999,447,518,403,252,999900,999900,999900,99990,270,0.5,7,7,999.0,999,9,'999999999,0,0.0000,0,88,999.000,0.0,1.0
2056/2/23,11:00,?9?9?9?9E0?9?9?9?9*9?9*9?9?9?9?9?9?9*9*_?9*9*9?9?9,33.0,23.4,57,101108,9999,9999,448,764,673,222,999900,999900,999900,99990,270,0.6,5,5,999.0,999,9,'999999999,0,0.0000,0,88,999.000,0.0,1.0
2056/2/23,12:00,?9?9?9?9E0?9?9?9?9*9?9*9?9?9?9?9?9?9*9*_?9*9*9?9?9,35.0,19.8,41,101008,9999,9999,448,949,860,180,999900,999900,999900,99990,210,0.7,3,3,999.0,999,9,'999999999,0,0.0000,0,88,999.000,0.0,1.0
2056/2/23,13:00,?9?9?9?9E0?9?9?9?9*9?9*9?9?9?9?9?9?9*9*_?9*9*9?9?9,35.5,21.4,44,100908,9999,9999,443,980,873,178,999900,999900,999900,99990,200,0.5,1,1,999.0,999,9,'999999999,0,0.0000,0,88,999.000,0.0,1.0
2056/2/23,14:00,?9?9?9?9E0?9?9?9?9*9?9*9?9?9?9?9?9?9*9*_?9*9*9?9?9,35.3,20.1,41,100808,9999,9999,446,931,866,170,999900,999900,999900,99990,160,1.1,2,2,999.0,999,9,'999999999,0,0.0000,0,88,999.000,0.0,1.0
2056/2/23,15:00,?9?9?9?9E0?9?9?9?9*9?9*9?9?9?9?9?9?9*9*_?9*9*9?9?9,34.8,19.6,41,100708,9999,9999,447,788,806,162,999900,999900,999900,99990,120,1.1,3,3,999.0,999,9,'999999999,0,0.0000,0,88,999.000,0.0,1.0
2056/2/23,16:00,?9?9?9?9E0?9?9?9?9*9?9*9?9?9?9?9?9?9*9*_?9*9*9?9?9,34.1,19.0,41,100708,9999,9999,442,598,736,144,999900,999900,999900,99990,150,1.3,3,3,999.0,999,9,'999999999,0,0.0000,0,88,999.000,0.0,1.0
2056/2/23,17:00,?9?9?9?9E0?9?9?9?9*9?9*9?9?9?9?9?9?9*9*_?9*9*9?9?9,32.6,22.1,54,100708,9999,9999,419,360,574,122,999900,999900,999900,99990,150,1.4,0,0,999.0,999,9,'999999999,0,0.0000,0,88,999.000,0.0,1.0
2056/2/23,18:00,?9?9?9?9E0?9?9?9?9*9?9*9?9?9?9?9?9?9*9*_?9*9*9?9?9,30.5,23.9,68,100808,9999,9999,410,126,295,73,999900,999900,999900,99990,150,1.1,0,0,999.0,999,9,'999999999,0,0.0000,0,88,999.000,0.0,1.0
2056/2/23,19:00,?9?9?9?9E0?9?9?9?9*9?9*9?9?9?9?9?9?9*9*_?9*9*9?9?9,29.6,24.9,76,100808,9999,9999,407,2,0,2,999900,999900,999900,99990,140,0.8,0,0,999.0,999,9,'999999999,0,0.0000,0,88,999.000,0.0,1.0
2056/2/23,20:00,?9?9?9?9E0?9?9?9?9*9?9*9?9?9?9?9?9?9*9*_?9*9*9?9?9,29.0,24.8,78,100908,9999,9999,411,0,0,0,999900,999900,999900,99990,140,0.6,1,1,999.0,999,9,'999999999,0,0.0000,0,88,999.000,0.0,1.0
2056/2/23,21:00,?9?9?9?9E0?9?9?9?9*9?9*9?9?9?9?9?9?9*9*_?9*9*9?9?9,28.5,24.7,80,100908,9999,9999,418,0,0,0,999900,999900,999900,99990,140,0.4,3,3,999.0,999,9,'999999999,0,0.0000,0,88,999.000,0.0,1.0
2056/2/23,22:00,?9?9?9?9E0?9?9?9?9*9?9*9?9?9?9?9?9?9*9*_?9*9*9?9?9,28.3,25.4,84,101008,9999,9999,418,0,0,0,999900,999900,999900,99990,170,0.2,3,3,999.0,999,9,'999999999,0,0.0000,0,88,999.000,0.0,1.0
2056/2/23,23:00,?9?9?9?9E0?9?9?9?9*9?9*9?9?9?9?9?9?9*9*_?9*9*9?9?9,27.6,25.1,86,101008,9999,9999,413,0,0,0,999900,999900,999900,99990,170,0.0,3,3,999.0,999,9,'999999999,0,0.0000,0,88,999.000,0.0,1.0
2056/2/23,24:00,?9?9?9?9E0?9?9?9?9*9?9*9?9?9?9?9?9?9*9*_?9*9*9?9?9,26.7,25.1,91,101008,9999,9999,408,0,0,0,999900,999900,999900,99990,140,0.0,3,3,999.0,999,9,'999999999,0,0.0000,0,88,999.000,0.0,1.0
2056/2/24,01:00,?9?9?9?9E0?9?9?9?9*9?9*9?9?9?9?9?9?9*9*_?9*9*9?9?9,26.4,24.8,91,101008,9999,9999,406,0,0,0,999900,999900,999900,99990,230,0.1,3,3,999.0,999,9,'999999999,0,0.0000,0,88,999.000,0.0,1.0
2056/2/24,02:00,?9?9?9?9E0?9?9?9?9*9?9*9?9?9?9?9?9?9*9*_?9*9*9?9?9,26.0,24.4,91,100908,9999,9999,404,0,0,0,999900,999900,999900,99990,230,0.0,3,3,999.0,999,9,'999999999,0,0.0000,0,88,999.000,0.0,1.0
2056/2/24,03:00,?9?9?9?9E0?9?9?9?9*9?9*9?9?9?9?9?9?9*9*_?9*9*9?9?9,26.2,24.6,91,100908,9999,9999,415,0,0,0,999900,999900,999900,99990,270,0.0,6,6,999.0,999,9,'999999999,0,0.0000,0,88,999.000,0.0,1.0
2056/2/24,04:00,?9?9?9?9E0?9?9?9?9*9?9*9?9?9?9?9?9?9*9*_?9*9*9?9?9,26.1,24.5,91,100908,9999,9999,426,0,0,0,999900,999900,999900,99990,270,0.0,8,8,999.0,999,9,'999999999,0,0.0000,0,88,999.000,0.0,1.0
2056/2/24,05:00,?9?9?9?9E0?9?9?9?9*9?9*9?9?9?9?9?9?9*9*_?9*9*9?9?9,25.9,24.3,91,100908,9999,9999,413,0,0,0,999900,999900,999900,99990,270,0.0,6,6,999.0,999,9,'999999999,0,0.0000,0,88,999.000,0.0,1.0
2056/2/24,06:00,?9?9?9?9E0?9?9?9?9*9?9*9?9?9?9?9?9?9*9*_?9*9*9?9?9,25.6,24.0,91,101008,9999,9999,404,0,0,0,999900,999900,999900,99990,270,0.0,4,4,999.0,999,9,'999999999,0,0.0000,0,88,999.000,0.0,1.0
2056/2/24,07:00,?9?9?9?9E0?9?9?9?9*9?9*9?9?9?9?9?9?9*9*_?9*9*9?9?9,25.9,24.3,91,101008,9999,9999,403,17,0,17,999900,999900,999900,99990,270,0.3,3,3,999.0,999,9,'999999999,0,0.0000,0,88,999.000,0.0,1.0
2056/2/24,08:00,?9?9?9?9E0?9?9?9?9*9?9*9?9?9?9?9?9?9*9*_?9*9*9?9?9,27.5,25.7,90,101108,9999,9999,414,180,379,89,999900,999900,999900,99990,270,0.3,3,3,999.0,999,9,'999999999,0,0.0000,0,88,999.000,0.0,1.0
2056/2/24,09:00,?9?9?9?9E0?9?9?9?9*9?9*9?9?9?9?9?9?9*9*_?9*9*9?9?9,29.4,25.8,81,101008,9999,9999,424,423,616,135,999900,999900,999900,99990,250,0.4,3,3,999.0,999,9,'999999999,0,0.0000,0,88,999.000,0.0,1.0
2056/2/24,10:00,?9?9?9?9E0?9?9?9?9*9?9*9?9?9?9?9?9?9*9*_?9*9*9?9?9,31.3,25.4,71,101008,9999,9999,441,596,612,191,999900,999900,999900,99990,240,0.5,5,5,999.0,999,9,'999999999,0,0.0000,0,88,999.000,0.0,1.0
2056/2/24,11:00,?9?9?9?9E0?9?9?9?9*9?9*9?9?9?9?9?9?9*9*_?9*9*9?9?9,32.8,24.3,61,101008,9999,9999,449,752,650,227,999900,999900,999900,99990,240,0.4,5,5,999.0,999,9,'999999999,0,0.0000,0,88,999.000,0.0,1.0
2056/2/24,12:00,?9?9?9?9E0?9?9?9?9*9?9*9?9?9?9?9?9?9*9*_?9*9*9?9?9,34.3,20.7,45,101008,9999,9999,452,877,726,226,999900,999900,999900,99990,320,0.5,5,5,999.0,999,9,'999999999,0,0.0000,0,88,999.000,0.0,1.0
2056/2/24,13:00,?9?9?9?9E0?9?9?9?9*9?9*9?9?9?9?9?9?9*9*_?9*9*9?9?9,35.2,19.2,39,100908,9999,9999,449,981,865,184,999900,999900,999900,99990,240,0.7,3,3,999.0,999,9,'999999999,0,0.0000,0,88,999.000,0.0,1.0
2056/2/24,14:00,?9?9?9?9E0?9?9?9?9*9?9*9?9?9?9?9?9?9*9*_?9*9*9?9?9,36.0,22.9,47,100808,9999,9999,448,912,829,181,999900,999900,999900,99990,240,0.5,1,1,999.0,999,9,'999999999,0,0.0000,0,88,999.000,0.0,1.0
2056/2/24,15:00,?9?9?9?9E0?9?9?9?9*9?9*9?9?9?9?9?9?9*9*_?9*9*9?9?9,35.1,23.5,51,100708,9999,9999,435,773,769,174,999900,999900,999900,99990,90,1.2,0,0,999.0,999,9,'999999999,0,0.0000,0,88,999.000,0.0,1.0
2056/2/24,16:00,?9?9?9?9E0?9?9?9?9*9?9*9?9?9?9?9?9?9*9*_?9*9*9?9?9,34.3,24.3,56,100608,9999,9999,432,575,671,159,999900,999900,999900,99990,90,0.9,0,0,999.0,999,9,'999999999,0,0.0000,0,88,999.000,0.0,1.0
2056/2/24,17:00,?9?9?9?9E0?9?9?9?9*9?9*9?9?9?9?9?9?9*9*_?9*9*9?9?9,32.8,24.3,61,100708,9999,9999,423,352,540,127,999900,999900,999900,99990,90,1.0,0,0,999.0,999,9,'999999999,0,0.0000,0,88,999.000,0.0,1.0
2056/2/24,18:00,?9?9?9?9E0?9?9?9?9*9?9*9?9?9?9?9?9?9*9*_?9*9*9?9?9,31.1,24.0,66,100708,9999,9999,414,128,306,72,999900,999900,999900,99990,170,1.0,0,0,999.0,999,9,'999999999,0,0.0000,0,88,999.000,0.0,1.0
2056/2/24,19:00,?9?9?9?9E0?9?9?9?9*9?9*9?9?9?9?9?9?9*9*_?9*9*9?9?9,29.9,24.1,71,100708,9999,9999,407,2,0,2,999900,999900,999900,99990,160,1.0,0,0,999.0,999,9,'999999999,0,0.0000,0,88,999.000,0.0,1.0
2056/2/24,20:00,?9?9?9?9E0?9?9?9?9*9?9*9?9?9?9?9?9?9*9*_?9*9*9?9?9,29.4,25.4,79,100808,9999,9999,406,0,0,0,999900,999900,999900,99990,160,0.9,0,0,999.0,999,9,'999999999,0,0.0000,0,88,999.000,0.0,1.0
2056/2/24,21:00,?9?9?9?9E0?9?9?9?9*9?9*9?9?9?9?9?9?9*9*_?9*9*9?9?9,28.8,25.2,81,100908,9999,9999,403,0,0,0,999900,999900,999900,99990,150,0.7,0,0,999.0,999,9,'999999999,0,0.0000,0,88,999.000,0.0,1.0
2056/2/24,22:00,?9?9?9?9E0?9?9?9?9*9?9*9?9?9?9?9?9?9*9*_?9*9*9?9?9,28.4,25.3,83,100908,9999,9999,401,0,0,0,999900,999900,999900,99990,170,0.5,0,0,999.0,999,9,'999999999,0,0.0000,0,88,999.000,0.0,1.0
2056/2/24,23:00,?9?9?9?9E0?9?9?9?9*9?9*9?9?9?9?9?9?9*9*_?9*9*9?9?9,28.1,25.0,83,100908,9999,9999,399,0,0,0,999900,999900,999900,99990,170,0.2,0,0,999.0,999,9,'999999999,0,0.0000,0,88,999.000,0.0,1.0
2056/2/24,24:00,?9?9?9?9E0?9?9?9?9*9?9*9?9?9?9?9?9?9*9*_?9*9*9?9?9,27.5,25.4,88,100908,9999,9999,396,0,0,0,999900,999900,999900,99990,180,0.0,0,0,999.0,999,9,'999999999,0,0.0000,0,88,999.000,0.0,1.0
2056/2/25,01:00,?9?9?9?9E0?9?9?9?9*9?9*9?9?9?9?9?9?9*9*_?9*9*9?9?9,26.7,24.8,89,100908,9999,9999,391,0,0,0,999900,999900,999900,99990,160,0.0,0,0,999.0,999,9,'999999999,0,0.0000,0,88,999.000,0.0,1.0
2056/2/25,02:00,?9?9?9?9E0?9?9?9?9*9?9*9?9?9?9?9?9?9*9*_?9*9*9?9?9,26.2,24.3,89,100808,9999,9999,401,0,0,0,999900,999900,999900,99990,160,0.0,2,2,999.0,999,9,'999999999,0,0.0000,0,88,999.000,0.0,1.0
2056/2/25,03:00,?9?9?9?9E0?9?9?9?9*9?9*9?9?9?9?9?9?9*9*_?9*9*9?9?9,26.0,24.6,92,100808,9999,9999,395,0,0,0,999900,999900,999900,99990,160,0.0,1,1,999.0,999,9,'999999999,0,0.0000,0,88,999.000,0.0,1.0
2056/2/25,04:00,?9?9?9?9E0?9?9?9?9*9?9*9?9?9?9?9?9?9*9*_?9*9*9?9?9,26.0,24.6,92,100808,9999,9999,395,0,0,0,999900,999900,999900,99990,160,0.0,1,1,999.0,999,9,'999999999,0,0.0000,0,88,999.000,0.0,1.0
2056/2/25,05:00,?9?9?9?9E0?9?9?9?9*9?9*9?9?9?9?9?9?9*9*_?9*9*9?9?9,26.0,24.6,92,100808,9999,9999,400,0,0,0,999900,999900,999900,99990,250,0.3,2,2,999.0,999,9,'999999999,0,0.0000,0,88,999.000,0.0,1.0
2056/2/25,06:00,?9?9?9?9E0?9?9?9?9*9?9*9?9?9?9?9?9?9*9*_?9*9*9?9?9,26.0,24.8,93,100808,9999,9999,404,0,0,0,999900,999900,999900,99990,270,0.3,3,3,999.0,999,9,'999999999,0,0.0000,0,88,999.000,0.0,1.0
2056/2/25,07:00,?9?9?9?9E0?9?9?9?9*9?9*9?9?9?9?9?9?9*9*_?9*9*9?9?9,26.1,24.9,93,100908,9999,9999,408,18,0,18,999900,999900,999900,99990,230,0.4,4,4,999.0,999,9,'999999999,0,0.0000,0,88,999.000,0.0,1.0
2056/2/25,08:00,?9?9?9?9E0?9?9?9?9*9?9*9?9?9?9?9?9?9*9*_?9*9*9?9?9,27.4,26.2,93,100908,9999,9999,414,179,377,88,999900,999900,999900,99990,230,0.4,3,3,999.0,999,9,'999999999,0,0.0000,0,88,999.000,0.0,1.0
2056/2/25,09:00,?9?9?9?9E0?9?9?9?9*9?9*9?9?9?9?9?9?9*9*_?9*9*9?9?9,29.2,26.4,85,100808,9999,9999,414,433,663,121,999900,999900,999900,99990,90,0.5,1,1,999.0,999,9,'999999999,0,0.0000,0,88,999.000,0.0,1.0
2056/2/25,10:00,?9?9?9?9E0?9?9?9?9*9?9*9?9?9?9?9?9?9*9*_?9*9*9?9?9,31.6,24.2,65,100908,9999,9999,417,677,823,130,999900,999900,999900,99990,90,0.7,0,0,999.0,999,9,'999999999,0,0.0000,0,88,999.000,0.0,1.0
2056/2/25,11:00,?9?9?9?9E0?9?9?9?9*9?9*9?9?9?9?9?9?9*9*_?9*9*9?9?9,33.3,23.0,55,100808,9999,9999,424,848,862,150,999900,999900,999900,99990,90,0.9,0,0,999.0,999,9,'999999999,0,0.0000,0,88,999.000,0.0,1.0
2056/2/25,12:00,?9?9?9?9E0?9?9?9?9*9?9*9?9?9?9?9?9?9*9*_?9*9*9?9?9,34.6,22.3,49,100708,9999,9999,431,953,878,163,999900,999900,999900,99990,90,1.2,0,0,999.0,999,9,'999999999,0,0.0000,0,88,999.000,0.0,1.0
2056/2/25,13:00,?9?9?9?9E0?9?9?9?9*9?9*9?9?9?9?9?9?9*9*_?9*9*9?9?9,36.1,18.2,35,100608,9999,9999,434,1013,931,152,999900,999900,999900,99990,90,0.8,0,0,999.0,999,9,'999999999,0,0.0000,0,88,999.000,0.0,1.0
2056/2/25,14:00,?9?9?9?9E0?9?9?9?9*9?9*9?9?9?9?9?9?9*9*_?9*9*9?9?9,36.6,18.7,35,100608,9999,9999,437,950,903,152,999900,999900,999900,99990,90,0.9,0,0,999.0,999,9,'999999999,0,0.0000,0,88,999.000,0.0,1.0
2056/2/25,15:00,?9?9?9?9E0?9?9?9?9*9?9*9?9?9?9?9?9?9*9*_?9*9*9?9?9,36.0,23.3,48,100508,9999,9999,440,780,792,162,999900,999900,999900,99990,50,1.1,0,0,999.0,999,9,'999999999,0,0.0000,0,88,999.000,0.0,1.0
2056/2/25,16:00,?9?9?9?9E0?9?9?9?9*9?9*9?9?9?9?9?9?9*9*_?9*9*9?9?9,34.4,25.2,59,100408,9999,9999,433,575,677,154,999900,999900,999900,99990,50,1.4,0,0,999.0,999,9,'999999999,0,0.0000,0,88,999.000,0.0,1.0
2056/2/25,17:00,?9?9?9?9E0?9?9?9?9*9?9*9?9?9?9?9?9?9*9*_?9*9*9?9?9,32.8,25.4,65,100408,9999,9999,439,348,524,129,999900,999900,999900,99990,180,1.0,2,2,999.0,999,9,'999999999,0,0.0000,0,88,999.000,0.0,1.0
2056/2/25,18:00,?9?9?9?9E0?9?9?9?9*9?9*9?9?9?9?9?9?9*9*_?9*9*9?9?9,31.1,26.4,76,100508,9999,9999,438,114,220,74,999900,999900,999900,99990,140,1.1,4,4,999.0,999,9,'999999999,0,0.0000,0,88,999.000,0.0,1.0
2056/2/25,19:00,?9?9?9?9E0?9?9?9?9*9?9*9?9?9?9?9?9?9*9*_?9*9*9?9?9,30.0,26.4,81,100508,9999,9999,428,2,0,2,999900,999900,999900,99990,160,0.9,3,3,999.0,999,9,'999999999,0,0.0000,0,88,999.000,0.0,1.0
2056/2/25,20:00,?9?9?9?9E0?9?9?9?9*9?9*9?9?9?9?9?9?9*9*_?9*9*9?9?9,29.4,26.6,85,100608,9999,9999,425,0,0,0,999900,999900,999900,99990,200,1.2,3,3,999.0,999,9,'999999999,0,0.0000,0,88,999.000,0.0,1.0
2056/2/25,21:00,?9?9?9?9E0?9?9?9?9*9?9*9?9?9?9?9?9?9*9*_?9*9*9?9?9,28.8,26.6,88,100708,9999,9999,422,0,0,0,999900,999900,999900,99990,160,0.8,3,3,999.0,999,9,'999999999,0,0.0000,0,88,999.000,0.0,1.0
2056/2/25,22:00,?9?9?9?9E0?9?9?9?9*9?9*9?9?9?9?9?9?9*9*_?9*9*9?9?9,28.7,26.7,89,100708,9999,9999,417,0,0,0,999900,999900,999900,99990,140,0.1,2,2,999.0,999,9,'999999999,0,0.0000,0,88,999.000,0.0,1.0
2056/2/25,23:00,?9?9?9?9E0?9?9?9?9*9?9*9?9?9?9?9?9?9*9*_?9*9*9?9?9,28.3,26.5,90,100708,9999,9999,415,0,0,0,999900,999900,999900,99990,140,0.0,2,2,999.0,999,9,'999999999,0,0.0000,0,88,999.000,0.0,1.0
2056/2/25,24:00,?9?9?9?9E0?9?9?9?9*9?9*9?9?9?9?9?9?9*9*_?9*9*9?9?9,27.6,26.0,91,100808,9999,9999,405,0,0,0,999900,999900,999900,99990,180,0.0,1,1,999.0,999,9,'999999999,0,0.0000,0,88,999.000,0.0,1.0
2056/2/26,01:00,?9?9?9?9E0?9?9?9?9*9?9*9?9?9?9?9?9?9*9*_?9*9*9?9?9,27.3,25.7,91,100708,9999,9999,403,0,0,0,999900,999900,999900,99990,180,0.0,1,1,999.0,999,9,'999999999,0,0.0000,0,88,999.000,0.0,1.0
2056/2/26,02:00,?9?9?9?9E0?9?9?9?9*9?9*9?9?9?9?9?9?9*9*_?9*9*9?9?9,27.3,25.7,91,100708,9999,9999,403,0,0,0,999900,999900,999900,99990,180,0.0,1,1,999.0,999,9,'999999999,0,0.0000,0,88,999.000,0.0,1.0
2056/2/26,03:00,?9?9?9?9E0?9?9?9?9*9?9*9?9?9?9?9?9?9*9*_?9*9*9?9?9,26.8,25.6,93,100708,9999,9999,400,0,0,0,999900,999900,999900,99990,180,0.0,1,1,999.0,999,9,'999999999,0,0.0000,0,88,999.000,0.0,1.0
2056/2/26,04:00,?9?9?9?9E0?9?9?9?9*9?9*9?9?9?9?9?9?9*9*_?9*9*9?9?9,26.8,25.6,93,100708,9999,9999,400,0,0,0,999900,999900,999900,99990,180,0.0,1,1,999.0,999,9,'999999999,0,0.0000,0,88,999.000,0.0,1.0
2056/2/26,05:00,?9?9?9?9E0?9?9?9?9*9?9*9?9?9?9?9?9?9*9*_?9*9*9?9?9,26.4,25.2,93,100808,9999,9999,403,0,0,0,999900,999900,999900,99990,180,0.0,2,2,999.0,999,9,'999999999,0,0.0000,0,88,999.000,0.0,1.0
2056/2/26,06:00,?9?9?9?9E0?9?9?9?9*9?9*9?9?9?9?9?9?9*9*_?9*9*9?9?9,26.0,25.2,95,100808,9999,9999,401,0,0,0,999900,999900,999900,99990,270,0.0,2,2,999.0,999,9,'999999999,0,0.0000,0,88,999.000,0.0,1.0
2056/2/26,07:00,?9?9?9?9E0?9?9?9?9*9?9*9?9?9?9?9?9?9*9*_?9*9*9?9?9,26.0,25.2,95,100808,9999,9999,405,19,0,19,999900,999900,999900,99990,270,0.6,3,3,999.0,999,9,'999999999,0,0.0000,0,88,999.000,0.0,1.0
2056/2/26,08:00,?9?9?9?9E0?9?9?9?9*9?9*9?9?9?9?9?9?9*9*_?9*9*9?9?9,27.5,26.6,95,100908,9999,9999,415,180,372,89,999900,999900,999900,99990,270,0.5,3,3,999.0,999,9,'999999999,0,0.0000,0,88,999.000,0.0,1.0
2056/2/26,09:00,?9?9?9?9E0?9?9?9?9*9?9*9?9?9?9?9?9?9*9*_?9*9*9?9?9,29.6,25.2,77,100808,9999,9999,425,438,670,121,999900,999900,999900,99990,200,1.2,3,3,999.0,999,9,'999999999,0,0.0000,0,88,999.000,0.0,1.0
2056/2/26,10:00,?9?9?9?9E0?9?9?9?9*9?9*9?9?9?9?9?9?9*9*_?9*9*9?9?9,32.1,24.2,63,100908,9999,9999,433,680,822,132,999900,999900,999900,99990,200,0.8,2,2,999.0,999,9,'999999999,0,0.0000,0,88,999.000,0.0,1.0
2056/2/26,11:00,?9?9?9?9E0?9?9?9?9*9?9*9?9?9?9?9?9?9*9*_?9*9*9?9?9,33.5,24.4,59,100808,9999,9999,427,838,836,158,999900,999900,999900,99990,220,0.8,0,0,999.0,999,9,'999999999,0,0.0000,0,88,999.000,0.0,1.0
2056/2/26,12:00,?9?9?9?9E0?9?9?9?9*9?9*9?9?9?9?9?9?9*9*_?9*9*9?9?9,35.3,22.3,47,100808,9999,9999,435,960,880,167,999900,999900,999900,99990,190,1.0,0,0,999.0,999,9,'999999999,0,0.0000,0,88,999.000,0.0,1.0
2056/2/26,13:00,?9?9?9?9E0?9?9?9?9*9?9*9?9?9?9?9?9?9*9*_?9*9*9?9?9,35.7,23.0,48,100708,9999,9999,438,978,864,177,999900,999900,999900,99990,80,1.0,0,0,999.0,999,9,'999999999,0,0.0000,0,88,999.000,0.0,1.0
2056/2/26,14:00,?9?9?9?9E0?9?9?9?9*9?9*9?9?9?9?9?9?9*9*_?9*9*9?9?9,35.3,23.6,51,100608,9999,9999,436,912,828,178,999900,999900,999900,99990,200,1.2,0,0,999.0,999,9,'999999999,0,0.0000,0,88,999.000,0.0,1.0
2056/2/26,15:00,?9?9?9?9E0?9?9?9?9*9?9*9?9?9?9?9?9?9*9*_?9*9*9?9?9,35.2,23.5,51,100508,9999,9999,436,783,789,166,999900,999900,999900,99990,180,1.4,0,0,999.0,999,9,'999999999,0,0.0000,0,88,999.000,0.0,1.0
2056/2/26,16:00,?9?9?9?9E0?9?9?9?9*9?9*9?9?9?9?9?9?9*9*_?9*9*9?9?9,34.1,24.4,57,100408,9999,9999,431,579,681,154,999900,999900,999900,99990,140,1.0,0,0,999.0,999,9,'999999999,0,0.0000,0,88,999.000,0.0,1.0
2056/2/26,17:00,?9?9?9?9E0?9?9?9?9*9?9*9?9?9?9?9?9?9*9*_?9*9*9?9?9,32.9,24.7,62,100508,9999,9999,424,350,530,128,999900,999900,999900,99990,180,0.9,0,0,999.0,999,9,'999999999,0,0.0000,0,88,999.000,0.0,1.0
2056/2/26,18:00,?9?9?9?9E0?9?9?9?9*9?9*9?9?9?9?9?9?9*9*_?9*9*9?9?9,30.9,25.5,73,100508,9999,9999,414,125,280,74,999900,999900,999900,99990,180,0.9,0,0,999.0,999,9,'999999999,0,0.0000,0,88,999.000,0.0,1.0
2056/2/26,19:00,?9?9?9?9E0?9?9?9?9*9?9*9?9?9?9?9?9?9*9*_?9*9*9?9?9,29.9,26.3,81,100608,9999,9999,410,2,0,2,999900,999900,999900,99990,180,0.9,0,0,999.0,999,9,'999999999,0,0.0000,0,88,999.000,0.0,1.0
2056/2/26,20:00,?9?9?9?9E0?9?9?9?9*9?9*9?9?9?9?9?9?9*9*_?9*9*9?9?9,29.4,26.2,83,100708,9999,9999,407,0,0,0,999900,999900,999900,99990,180,0.7,0,0,999.0,999,9,'999999999,0,0.0000,0,88,999.000,0.0,1.0
2056/2/26,21:00,?9?9?9?9E0?9?9?9?9*9?9*9?9?9?9?9?9?9*9*_?9*9*9?9?9,28.9,26.9,89,100808,9999,9999,405,0,0,0,999900,999900,999900,99990,90,0.7,0,0,999.0,999,9,'999999999,0,0.0000,0,88,999.000,0.0,1.0
2056/2/26,22:00,?9?9?9?9E0?9?9?9?9*9?9*9?9?9?9?9?9?9*9*_?9*9*9?9?9,29.0,27.0,89,100808,9999,9999,419,0,0,0,999900,999900,999900,99990,180,0.5,2,2,999.0,999,9,'999999999,0,0.0000,0,88,999.000,0.0,1.0
2056/2/26,23:00,?9?9?9?9E0?9?9?9?9*9?9*9?9?9?9?9?9?9*9*_?9*9*9?9?9,29.0,27.0,89,100808,9999,9999,424,0,0,0,999900,999900,999900,99990,180,0.4,3,3,999.0,999,9,'999999999,0,0.0000,0,88,999.000,0.0,1.0
2056/2/26,24:00,?9?9?9?9E0?9?9?9?9*9?9*9?9?9?9?9?9?9*9*_?9*9*9?9?9,29.2,26.8,87,100808,9999,9999,435,0,0,0,999900,999900,999900,99990,320,4.0,6,6,999.0,999,9,'999999999,0,0.0000,0,88,999.000,0.0,1.0
2056/2/27,01:00,?9?9?9?9E0?9?9?9?9*9?9*9?9?9?9?9?9?9*9*_?9*9*9?9?9,28.8,26.6,88,100808,9999,9999,437,0,0,0,999900,999900,999900,99990,320,2.7,7,7,999.0,999,9,'999999999,0,0.0000,0,88,999.000,0.0,1.0
2056/2/27,02:00,?9?9?9?9E0?9?9?9?9*9?9*9?9?9?9?9?9?9*9*_?9*9*9?9?9,28.2,26.2,89,100808,9999,9999,421,0,0,0,999900,999900,999900,99990,320,1.6,4,4,999.0,999,9,'999999999,0,0.0000,0,88,999.000,0.0,1.0
2056/2/27,03:00,?9?9?9?9E0?9?9?9?9*9?9*9?9?9?9?9?9?9*9*_?9*9*9?9?9,27.8,25.8,89,100708,9999,9999,406,0,0,0,999900,999900,999900,99990,320,0.5,1,1,999.0,999,9,'999999999,0,0.0000,0,88,999.000,0.0,1.0
2056/2/27,04:00,?9?9?9?9E0?9?9?9?9*9?9*9?9?9?9?9?9?9*9*_?9*9*9?9?9,27.5,25.5,89,100808,9999,9999,409,0,0,0,999900,999900,999900,99990,320,0.0,2,2,999.0,999,9,'999999999,0,0.0000,0,88,999.000,0.0,1.0
2056/2/27,05:00,?9?9?9?9E0?9?9?9?9*9?9*9?9?9?9?9?9?9*9*_?9*9*9?9?9,27.8,25.8,89,100808,9999,9999,419,0,0,0,999900,999900,999900,99990,230,2.2,4,4,999.0,999,9,'999999999,0,0.0000,0,88,999.000,0.0,1.0
2056/2/27,06:00,?9?9?9?9E0?9?9?9?9*9?9*9?9?9?9?9?9?9*9*_?9*9*9?9?9,27.8,25.8,89,100908,9999,9999,426,0,0,0,999900,999900,999900,99990,180,1.6,6,6,999.0,999,9,'999999999,0,0.0000,0,88,999.000,0.0,1.0
2056/2/27,07:00,?9?9?9?9E0?9?9?9?9*9?9*9?9?9?9?9?9?9*9*_?9*9*9?9?9,27.8,25.8,89,100908,9999,9999,431,20,0,20,999900,999900,999900,99990,180,1.1,7,7,999.0,999,9,'999999999,0,0.0000,0,88,999.000,0.0,1.0
2056/2/27,08:00,?9?9?9?9E0?9?9?9?9*9?9*9?9?9?9?9?9?9*9*_?9*9*9?9?9,28.2,25.8,87,100908,9999,9999,424,173,320,94,999900,999900,999900,99990,180,1.3,5,5,999.0,999,9,'999999999,0,0.0000,0,88,999.000,0.0,1.0
2056/2/27,09:00,?9?9?9?9E0?9?9?9?9*9?9*9?9?9?9?9?9?9*9*_?9*9*9?9?9,30.0,26.6,82,101008,9999,9999,429,435,638,132,999900,999900,999900,99990,230,0.8,3,3,999.0,999,9,'999999999,0,0.0000,0,88,999.000,0.0,1.0
2056/2/27,10:00,?9?9?9?9E0?9?9?9?9*9?9*9?9?9?9?9?9?9*9*_?9*9*9?9?9,31.8,25.7,70,101108,9999,9999,441,641,707,167,999900,999900,999900,99990,180,0.7,4,4,999.0,999,9,'999999999,0,0.0000,0,88,999.000,0.0,1.0
2056/2/27,11:00,?9?9?9?9E0?9?9?9?9*9?9*9?9?9?9?9?9?9*9*_?9*9*9?9?9,33.3,25.3,63,101108,9999,9999,453,757,657,221,999900,999900,999900,99990,210,1.2,5,5,999.0,999,9,'999999999,0,0.0000,0,88,999.000,0.0,1.0
2056/2/27,12:00,?9?9?9?9E0?9?9?9?9*9?9*9?9?9?9?9?9?9*9*_?9*9*9?9?9,35.1,24.4,54,101008,9999,9999,455,924,797,203,999900,999900,999900,99990,210,1.0,3,3,999.0,999,9,'999999999,0,0.0000,0,88,999.000,0.0,1.0
2056/2/27,13:00,?9?9?9?9E0?9?9?9?9*9?9*9?9?9?9?9?9?9*9*_?9*9*9?9?9,35.8,22.4,46,100908,9999,9999,457,965,828,195,999900,999900,999900,99990,180,1.1,3,3,999.0,999,9,'999999999,0,0.0000,0,88,999.000,0.0,1.0
2056/2/27,14:00,?9?9?9?9E0?9?9?9?9*9?9*9?9?9?9?9?9?9*9*_?9*9*9?9?9,35.5,22.1,46,100808,9999,9999,454,910,813,188,999900,999900,999900,99990,200,1.4,3,3,999.0,999,9,'999999999,0,0.0000,0,88,999.000,0.0,1.0
2056/2/27,15:00,?9?9?9?9E0?9?9?9?9*9?9*9?9?9?9?9?9?9*9*_?9*9*9?9?9,35.0,22.0,47,100708,9999,9999,451,779,772,173,999900,999900,999900,99990,160,1.3,3,3,999.0,999,9,'999999999,0,0.0000,0,88,999.000,0.0,1.0
2056/2/27,16:00,?9?9?9?9E0?9?9?9?9*9?9*9?9?9?9?9?9?9*9*_?9*9*9?9?9,33.7,23.1,54,100708,9999,9999,441,591,702,152,999900,999900,999900,99990,140,1.7,2,2,999.0,999,9,'999999999,0,0.0000,0,88,999.000,0.0,1.0
2056/2/27,17:00,?9?9?9?9E0?9?9?9?9*9?9*9?9?9?9?9?9?9*9*_?9*9*9?9?9,32.3,24.6,64,100708,9999,9999,429,354,537,128,999900,999900,999900,99990,140,1.5,1,1,999.0,999,9,'999999999,0,0.0000,0,88,999.000,0.0,1.0
2056/2/27,18:00,?9?9?9?9E0?9?9?9?9*9?9*9?9?9?9?9?9?9*9*_?9*9*9?9?9,30.6,25.5,74,100808,9999,9999,413,126,278,75,999900,999900,999900,99990,140,1.2,0,0,999.0,999,9,'999999999,0,0.0000,0,88,999.000,0.0,1.0
2056/2/27,19:00,?9?9?9?9E0?9?9?9?9*9?9*9?9?9?9?9?9?9*9*_?9*9*9?9?9,29.9,26.5,82,100808,9999,9999,424,2,0,2,999900,999900,999900,99990,160,0.9,2,2,999.0,999,9,'999999999,0,0.0000,0,88,999.000,0.0,1.0
2056/2/27,20:00,?9?9?9?9E0?9?9?9?9*9?9*9?9?9?9?9?9?9*9*_?9*9*9?9?9,29.4,26.0,82,100908,9999,9999,425,0,0,0,999900,999900,999900,99990,150,1.1,3,3,999.0,999,9,'999999999,0,0.0000,0,88,999.000,0.0,1.0
2056/2/27,21:00,?9?9?9?9E0?9?9?9?9*9?9*9?9?9?9?9?9?9*9*_?9*9*9?9?9,28.9,25.9,84,101008,9999,9999,422,0,0,0,999900,999900,999900,99990,180,0.7,3,3,999.0,999,9,'999999999,0,0.0000,0,88,999.000,0.0,1.0
2056/2/27,22:00,?9?9?9?9E0?9?9?9?9*9?9*9?9?9?9?9?9?9*9*_?9*9*9?9?9,28.9,25.9,84,101008,9999,9999,422,0,0,0,999900,999900,999900,99990,180,0.7,3,3,999.0,999,9,'999999999,0,0.0000,0,88,999.000,0.0,1.0
2056/2/27,23:00,?9?9?9?9E0?9?9?9?9*9?9*9?9?9?9?9?9?9*9*_?9*9*9?9?9,28.7,25.7,84,101008,9999,9999,420,0,0,0,999900,999900,999900,99990,140,0.9,3,3,999.0,999,9,'999999999,0,0.0000,0,88,999.000,0.0,1.0
2056/2/27,24:00,?9?9?9?9E0?9?9?9?9*9?9*9?9?9?9?9?9?9*9*_?9*9*9?9?9,28.3,25.4,84,101108,9999,9999,418,0,0,0,999900,999900,999900,99990,140,0.4,3,3,999.0,999,9,'999999999,0,0.0000,0,88,999.000,0.0,1.0
2056/2/28,01:00,?9?9?9?9E0?9?9?9?9*9?9*9?9?9?9?9?9?9*9*_?9*9*9?9?9,28.1,25.2,84,101008,9999,9999,419,0,0,0,999900,999900,999900,99990,140,0.3,4,4,999.0,999,9,'999999999,0,0.0000,0,88,999.000,0.0,1.0
2056/2/28,02:00,?9?9?9?9E0?9?9?9?9*9?9*9?9?9?9?9?9?9*9*_?9*9*9?9?9,27.8,24.9,84,101008,9999,9999,417,0,0,0,999900,999900,999900,99990,140,0.1,4,4,999.0,999,9,'999999999,0,0.0000,0,88,999.000,0.0,1.0
2056/2/28,03:00,?9?9?9?9E0?9?9?9?9*9?9*9?9?9?9?9?9?9*9*_?9*9*9?9?9,27.0,24.9,88,101008,9999,9999,413,0,0,0,999900,999900,999900,99990,180,0.0,4,4,999.0,999,9,'999999999,0,0.0000,0,88,999.000,0.0,1.0
2056/2/28,04:00,?9?9?9?9E0?9?9?9?9*9?9*9?9?9?9?9?9?9*9*_?9*9*9?9?9,26.5,24.6,89,101008,9999,9999,413,0,0,0,999900,999900,999900,99990,180,0.0,5,5,999.0,999,9,'999999999,0,0.0000,0,88,999.000,0.0,1.0
2056/2/28,05:00,?9?9?9?9E0?9?9?9?9*9?9*9?9?9?9?9?9?9*9*_?9*9*9?9?9,26.0,24.2,90,101108,9999,9999,410,0,0,0,999900,999900,999900,99990,180,0.0,5,5,999.0,999,9,'999999999,0,0.0000,0,88,999.000,0.0,1.0
2056/2/28,06:00,?9?9?9?9E0?9?9?9?9*9?9*9?9?9?9?9?9?9*9*_?9*9*9?9?9,26.0,24.2,90,101108,9999,9999,410,0,0,0,999900,999900,999900,99990,290,0.0,5,5,999.0,999,9,'999999999,0,0.0000,0,88,999.000,0.0,1.0
2056/2/28,07:00,?9?9?9?9E0?9?9?9?9*9?9*9?9?9?9?9?9?9*9*_?9*9*9?9?9,26.2,24.4,90,101208,9999,9999,411,21,0,21,999900,999900,999900,99990,290,0.0,5,5,999.0,999,9,'999999999,0,0.0000,0,88,999.000,0.0,1.0
2056/2/28,08:00,?9?9?9?9E0?9?9?9?9*9?9*9?9?9?9?9?9?9*9*_?9*9*9?9?9,27.8,26.2,91,101308,9999,9999,422,167,269,100,999900,999900,999900,99990,290,0.0,5,5,999.0,999,9,'999999999,0,0.0000,0,88,999.000,0.0,1.0
2056/2/28,09:00,?9?9?9?9E0?9?9?9?9*9?9*9?9?9?9?9?9?9*9*_?9*9*9?9?9,30.0,25.3,76,101408,9999,9999,434,404,511,160,999900,999900,999900,99990,270,0.3,5,5,999.0,999,9,'999999999,0,0.0000,0,88,999.000,0.0,1.0
2056/2/28,10:00,?9?9?9?9E0?9?9?9?9*9?9*9?9?9?9?9?9?9*9*_?9*9*9?9?9,31.2,24.1,66,101408,9999,9999,439,619,634,193,999900,999900,999900,99990,270,0.7,5,5,999.0,999,9,'999999999,0,0.0000,0,88,999.000,0.0,1.0
2056/2/28,11:00,?9?9?9?9E0?9?9?9?9*9?9*9?9?9?9?9?9?9*9*_?9*9*9?9?9,32.7,24.2,61,101308,9999,9999,448,766,653,232,999900,999900,999900,99990,160,0.8,5,5,999.0,999,9,'999999999,0,0.0000,0,88,999.000,0.0,1.0
2056/2/28,12:00,?9?9?9?9E0?9?9?9?9*9?9*9?9?9?9?9?9?9*9*_?9*9*9?9?9,33.4,22.8,54,101308,9999,9999,450,868,677,254,999900,999900,999900,99990,160,1.0,5,5,999.0,999,9,'999999999,0,0.0000,0,88,999.000,0.0,1.0
2056/2/28,13:00,?9?9?9?9E0?9?9?9?9*9?9*9?9?9?9?9?9?9*9*_?9*9*9?9?9,33.5,22.3,52,101208,9999,9999,450,889,674,261,999900,999900,999900,99990,160,1.2,5,5,999.0,999,9,'999999999,0,0.0000,0,88,999.000,0.0,1.0
2056/2/28,14:00,?9?9?9?9E0?9?9?9?9*9?9*9?9?9?9?9?9?9*9*_?9*9*9?9?9,33.5,21.7,50,101108,9999,9999,446,877,735,223,999900,999900,999900,99990,160,1.1,4,4,999.0,999,9,'999999999,0,0.0000,0,88,999.000,0.0,1.0
2056/2/28,15:00,?9?9?9?9E0?9?9?9?9*9?9*9?9?9?9?9?9?9*9*_?9*9*9?9?9,33.3,20.1,46,101108,9999,9999,439,781,763,181,999900,999900,999900,99990,140,0.6,3,3,999.0,999,9,'999999999,0,0.0000,0,88,999.000,0.0,1.0
2056/2/28,16:00,?9?9?9?9E0?9?9?9?9*9?9*9?9?9?9?9?9?9*9*_?9*9*9?9?9,32.7,21.3,51,101008,9999,9999,419,593,699,155,999900,999900,999900,99990,50,0.8,0,0,999.0,999,9,'999999999,0,0.0000,0,88,999.000,0.0,1.0
2056/2/28,17:00,?9?9?9?9E0?9?9?9?9*9?9*9?9?9?9?9?9?9*9*_?9*9*9?9?9,31.6,20.6,52,101008,9999,9999,426,367,576,124,999900,999900,999900,99990,50,1.1,2,2,999.0,999,9,'999999999,0,0.0000,0,88,999.000,0.0,1.0
2056/2/28,18:00,?9?9?9?9E0?9?9?9?9*9?9*9?9?9?9?9?9?9*9*_?9*9*9?9?9,30.3,22.2,62,101008,9999,9999,425,129,289,75,999900,999900,999900,99990,140,0.7,3,3,999.0,999,9,'999999999,0,0.0000,0,88,999.000,0.0,1.0
2056/2/28,19:00,?9?9?9?9E0?9?9?9?9*9?9*9?9?9?9?9?9?9*9*_?9*9*9?9?9,29.6,23.1,68,101008,9999,9999,425,2,0,2,999900,999900,999900,99990,120,0.8,4,4,999.0,999,9,'999999999,0,0.0000,0,88,999.000,0.0,1.0
2056/2/28,20:00,?9?9?9?9E0?9?9?9?9*9?9*9?9?9?9?9?9?9*9*_?9*9*9?9?9,29.0,25.4,81,101108,9999,9999,425,0,0,0,999900,999900,999900,99990,120,0.4,4,4,999.0,999,9,'999999999,0,0.0000,0,88,999.000,0.0,1.0
2056/2/28,21:00,?9?9?9?9E0?9?9?9?9*9?9*9?9?9?9?9?9?9*9*_?9*9*9?9?9,28.3,23.9,77,101208,9999,9999,412,0,0,0,999900,999900,999900,99990,180,0.0,2,2,999.0,999,9,'999999999,0,0.0000,0,88,999.000,0.0,1.0
2056/2/28,22:00,?9?9?9?9E0?9?9?9?9*9?9*9?9?9?9?9?9?9*9*_?9*9*9?9?9,27.8,23.6,78,101208,9999,9999,409,0,0,0,999900,999900,999900,99990,180,0.0,2,2,999.0,999,9,'999999999,0,0.0000,0,88,999.000,0.0,1.0
2056/2/28,23:00,?9?9?9?9E0?9?9?9?9*9?9*9?9?9?9?9?9?9*9*_?9*9*9?9?9,26.5,23.8,85,101208,9999,9999,402,0,0,0,999900,999900,999900,99990,180,0.0,2,2,999.0,999,9,'999999999,0,0.0000,0,88,999.000,0.0,1.0
2056/2/28,24:00,?9?9?9?9E0?9?9?9?9*9?9*9?9?9?9?9?9?9*9*_?9*9*9?9?9,25.7,23.8,89,101208,9999,9999,392,0,0,0,999900,999900,999900,99990,180,0.0,1,1,999.0,999,9,'999999999,0,0.0000,0,88,999.000,0.0,1.0
2056/3/1,01:00,?9?9?9?9E0?9?9?9?9*9?9*9?9?9?9?9?9?9*9*_?9*9*9?9?9,25.4,23.7,90,101210,9999,9999,390,0,0,0,999900,999900,999900,99990,140,0.5,1,1,999.0,999,9,'999999999,0,0.0000,0,88,999.000,0.0,1.0
2056/3/1,02:00,?9?9?9?9E0?9?9?9?9*9?9*9?9?9?9?9?9?9*9*_?9*9*9?9?9,24.9,23.9,94,101210,9999,9999,388,0,0,0,999900,999900,999900,99990,140,0.5,1,1,999.0,999,9,'999999999,0,0.0000,0,88,999.000,0.0,1.0
2056/3/1,03:00,?9?9?9?9E0?9?9?9?9*9?9*9?9?9?9?9?9?9*9*_?9*9*9?9?9,24.4,24.1,98,101110,9999,9999,378,0,0,0,999900,999900,999900,99990,140,0.5,0,0,999.0,999,9,'999999999,0,0.0000,0,88,999.000,0.0,1.0
2056/3/1,04:00,?9?9?9?9E0?9?9?9?9*9?9*9?9?9?9?9?9?9*9*_?9*9*9?9?9,24.0,24.0,100,101110,9999,9999,376,0,0,0,999900,999900,999900,99990,140,0.5,0,0,999.0,999,9,'999999999,0,0.0000,0,88,999.000,0.0,1.0
2056/3/1,05:00,?9?9?9?9E0?9?9?9?9*9?9*9?9?9?9?9?9?9*9*_?9*9*9?9?9,23.7,23.7,100,101110,9999,9999,374,0,0,0,999900,999900,999900,99990,140,0.5,0,0,999.0,999,9,'999999999,0,0.0000,0,88,999.000,0.0,1.0
2056/3/1,06:00,?9?9?9?9E0?9?9?9?9*9?9*9?9?9?9?9?9?9*9*_?9*9*9?9?9,23.6,23.6,100,101110,9999,9999,374,0,0,0,999900,999900,999900,99990,140,0.5,0,0,999.0,999,9,'999999999,0,0.0000,0,88,999.000,0.0,1.0
2056/3/1,07:00,?9?9?9?9E0?9?9?9?9*9?9*9?9?9?9?9?9?9*9*_?9*9*9?9?9,23.6,23.6,100,101110,9999,9999,381,8,0,8,999900,999900,999900,99990,140,0.7,1,1,999.0,999,9,'999999999,0,0.0000,0,88,999.000,0.0,1.0
2056/3/1,08:00,?9?9?9?9E0?9?9?9?9*9?9*9?9?9?9?9?9?9*9*_?9*9*9?9?9,25.8,23.9,89,101210,9999,9999,402,175,263,109,999900,999900,999900,99990,140,0.8,3,3,999.0,999,9,'999999999,0,0.0000,0,88,999.000,0.0,1.0
2056/3/1,09:00,?9?9?9?9E0?9?9?9?9*9?9*9?9?9?9?9?9?9*9*_?9*9*9?9?9,28.1,23.0,74,101210,9999,9999,417,404,497,165,999900,999900,999900,99990,290,0.6,4,4,999.0,999,9,'999999999,0,0.0000,0,88,999.000,0.0,1.0
2056/3/1,10:00,?9?9?9?9E0?9?9?9?9*9?9*9?9?9?9?9?9?9*9*_?9*9*9?9?9,30.0,20.6,57,101310,9999,9999,427,607,591,208,999900,999900,999900,99990,290,0.4,5,5,999.0,999,9,'999999999,0,0.0000,0,88,999.000,0.0,1.0
2056/3/1,11:00,?9?9?9?9E0?9?9?9?9*9?9*9?9?9?9?9?9?9*9*_?9*9*9?9?9,31.3,20.3,52,101310,9999,9999,434,764,636,242,999900,999900,999900,99990,290,0.4,5,5,999.0,999,9,'999999999,0,0.0000,0,88,999.000,0.0,1.0
2056/3/1,12:00,?9?9?9?9E0?9?9?9?9*9?9*9?9?9?9?9?9?9*9*_?9*9*9?9?9,32.0,18.2,44,101210,9999,9999,436,883,694,251,999900,999900,999900,99990,90,0.6,5,5,999.0,999,9,'999999999,0,0.0000,0,88,999.000,0.0,1.0
2056/3/1,13:00,?9?9?9?9E0?9?9?9?9*9?9*9?9?9?9?9?9?9*9*_?9*9*9?9?9,32.0,19.3,47,101210,9999,9999,434,915,706,256,999900,999900,999900,99990,90,1.0,4,4,999.0,999,9,'999999999,0,0.0000,0,88,999.000,0.0,1.0
2056/3/1,14:00,?9?9?9?9E0?9?9?9?9*9?9*9?9?9?9?9?9?9*9*_?9*9*9?9?9,32.1,21.0,52,101210,9999,9999,437,840,648,262,999900,999900,999900,99990,90,1.3,4,4,999.0,999,9,'999999999,0,0.0000,0,88,999.000,0.0,1.0
2056/3/1,15:00,?9?9?9?9E0?9?9?9?9*9?9*9?9?9?9?9?9?9*9*_?9*9*9?9?9,31.9,21.7,55,101110,9999,9999,437,708,585,247,999900,999900,999900,99990,90,1.1,4,4,999.0,999,9,'999999999,0,0.0000,0,88,999.000,0.0,1.0
2056/3/1,16:00,?9?9?9?9E0?9?9?9?9*9?9*9?9?9?9?9?9?9*9*_?9*9*9?9?9,31.3,23.2,62,101110,9999,9999,435,521,483,218,999900,999900,999900,99990,90,1.1,4,4,999.0,999,9,'999999999,0,0.0000,0,88,999.000,0.0,1.0
2056/3/1,17:00,?9?9?9?9E0?9?9?9?9*9?9*9?9?9?9?9?9?9*9*_?9*9*9?9?9,30.6,23.5,66,101110,9999,9999,431,314,353,165,999900,999900,999900,99990,90,0.9,4,4,999.0,999,9,'999999999,0,0.0000,0,88,999.000,0.0,1.0
2056/3/1,18:00,?9?9?9?9E0?9?9?9?9*9?9*9?9?9?9?9?9?9*9*_?9*9*9?9?9,29.3,23.5,71,101010,9999,9999,424,106,148,78,999900,999900,999900,99990,50,0.9,4,4,999.0,999,9,'999999999,0,0.0000,0,88,999.000,0.0,1.0
2056/3/1,19:00,?9?9?9?9E0?9?9?9?9*9?9*9?9?9?9?9?9?9*9*_?9*9*9?9?9,28.4,23.1,73,101010,9999,9999,415,2,0,2,999900,999900,999900,99990,50,0.6,3,3,999.0,999,9,'999999999,0,0.0000,0,88,999.000,0.0,1.0
2056/3/1,20:00,?9?9?9?9E0?9?9?9?9*9?9*9?9?9?9?9?9?9*9*_?9*9*9?9?9,27.5,22.9,76,101110,9999,9999,406,0,0,0,999900,999900,999900,99990,50,0.6,2,2,999.0,999,9,'999999999,0,0.0000,0,88,999.000,0.0,1.0
2056/3/1,21:00,?9?9?9?9E0?9?9?9?9*9?9*9?9?9?9?9?9?9*9*_?9*9*9?9?9,26.6,22.9,80,101110,9999,9999,396,0,0,0,999900,999900,999900,99990,50,0.5,1,1,999.0,999,9,'999999999,0,0.0000,0,88,999.000,0.0,1.0
2056/3/1,22:00,?9?9?9?9E0?9?9?9?9*9?9*9?9?9?9?9?9?9*9*_?9*9*9?9?9,25.9,23.0,84,101110,9999,9999,392,0,0,0,999900,999900,999900,99990,50,0.5,1,1,999.0,999,9,'999999999,0,0.0000,0,88,999.000,0.0,1.0
2056/3/1,23:00,?9?9?9?9E0?9?9?9?9*9?9*9?9?9?9?9?9?9*9*_?9*9*9?9?9,25.2,22.9,87,101110,9999,9999,394,0,0,0,999900,999900,999900,99990,50,0.5,2,2,999.0,999,9,'999999999,0,0.0000,0,88,999.000,0.0,1.0
2056/3/1,24:00,?9?9?9?9E0?9?9?9?9*9?9*9?9?9?9?9?9?9*9*_?9*9*9?9?9,24.7,22.4,87,101010,9999,9999,394,0,0,0,999900,999900,999900,99990,50,0.4,3,3,999.0,999,9,'999999999,0,0.0000,0,88,999.000,0.0,1.0
2056/3/2,01:00,?9?9?9?9E0?9?9?9?9*9?9*9?9?9?9?9?9?9*9*_?9*9*9?9?9,24.5,22.8,90,101010,9999,9999,394,0,0,0,999900,999900,999900,99990,50,0.4,3,3,999.0,999,9,'999999999,0,0.0000,0,88,999.000,0.0,1.0
2056/3/2,02:00,?9?9?9?9E0?9?9?9?9*9?9*9?9?9?9?9?9?9*9*_?9*9*9?9?9,24.2,22.8,92,101010,9999,9999,388,0,0,0,999900,999900,999900,99990,50,0.4,2,2,999.0,999,9,'999999999,0,0.0000,0,88,999.000,0.0,1.0
2056/3/2,03:00,?9?9?9?9E0?9?9?9?9*9?9*9?9?9?9?9?9?9*9*_?9*9*9?9?9,24.0,22.6,92,101010,9999,9999,382,0,0,0,999900,999900,999900,99990,50,0.4,1,1,999.0,999,9,'999999999,0,0.0000,0,88,999.000,0.0,1.0
2056/3/2,04:00,?9?9?9?9E0?9?9?9?9*9?9*9?9?9?9?9?9?9*9*_?9*9*9?9?9,24.0,22.8,93,101010,9999,9999,382,0,0,0,999900,999900,999900,99990,50,0.5,1,1,999.0,999,9,'999999999,0,0.0000,0,88,999.000,0.0,1.0
2056/3/2,05:00,?9?9?9?9E0?9?9?9?9*9?9*9?9?9?9?9?9?9*9*_?9*9*9?9?9,23.8,22.4,92,101010,9999,9999,386,0,0,0,999900,999900,999900,99990,50,0.6,2,2,999.0,999,9,'999999999,0,0.0000,0,88,999.000,0.0,1.0
2056/3/2,06:00,?9?9?9?9E0?9?9?9?9*9?9*9?9?9?9?9?9?9*9*_?9*9*9?9?9,23.7,22.3,92,101010,9999,9999,385,0,0,0,999900,999900,999900,99990,320,0.7,2,2,999.0,999,9,'999999999,0,0.0000,0,88,999.000,0.0,1.0
2056/3/2,07:00,?9?9?9?9E0?9?9?9?9*9?9*9?9?9?9?9?9?9*9*_?9*9*9?9?9,23.6,22.4,93,101110,9999,9999,389,9,0,9,999900,999900,999900,99990,320,0.6,3,3,999.0,999,9,'999999999,0,0.0000,0,88,999.000,0.0,1.0
2056/3/2,08:00,?9?9?9?9E0?9?9?9?9*9?9*9?9?9?9?9?9?9*9*_?9*9*9?9?9,25.6,23.1,86,101210,9999,9999,400,181,303,104,999900,999900,999900,99990,320,0.7,3,3,999.0,999,9,'999999999,0,0.0000,0,88,999.000,0.0,1.0
2056/3/2,09:00,?9?9?9?9E0?9?9?9?9*9?9*9?9?9?9?9?9?9*9*_?9*9*9?9?9,27.9,22.4,72,101310,9999,9999,412,425,585,143,999900,999900,999900,99990,320,0.5,3,3,999.0,999,9,'999999999,0,0.0000,0,88,999.000,0.0,1.0
2056/3/2,10:00,?9?9?9?9E0?9?9?9?9*9?9*9?9?9?9?9?9?9*9*_?9*9*9?9?9,29.9,20.8,58,101310,9999,9999,421,656,731,161,999900,999900,999900,99990,320,0.6,3,3,999.0,999,9,'999999999,0,0.0000,0,88,999.000,0.0,1.0
2056/3/2,11:00,?9?9?9?9E0?9?9?9?9*9?9*9?9?9?9?9?9?9*9*_?9*9*9?9?9,31.3,19.7,50,101310,9999,9999,427,832,793,179,999900,999900,999900,99990,320,0.8,3,3,999.0,999,9,'999999999,0,0.0000,0,88,999.000,0.0,1.0
2056/3/2,12:00,?9?9?9?9E0?9?9?9?9*9?9*9?9?9?9?9?9?9*9*_?9*9*9?9?9,31.8,19.4,48,101310,9999,9999,429,939,817,194,999900,999900,999900,99990,110,0.9,3,3,999.0,999,9,'999999999,0,0.0000,0,88,999.000,0.0,1.0
2056/3/2,13:00,?9?9?9?9E0?9?9?9?9*9?9*9?9?9?9?9?9?9*9*_?9*9*9?9?9,31.6,19.3,48,101310,9999,9999,424,960,807,205,999900,999900,999900,99990,110,0.8,2,2,999.0,999,9,'999999999,0,0.0000,0,88,999.000,0.0,1.0
2056/3/2,14:00,?9?9?9?9E0?9?9?9?9*9?9*9?9?9?9?9?9?9*9*_?9*9*9?9?9,31.7,19.7,49,101210,9999,9999,425,896,774,203,999900,999900,999900,99990,110,1.1,2,2,999.0,999,9,'999999999,0,0.0000,0,88,999.000,0.0,1.0
2056/3/2,15:00,?9?9?9?9E0?9?9?9?9*9?9*9?9?9?9?9?9?9*9*_?9*9*9?9?9,31.4,19.7,50,101110,9999,9999,418,769,738,186,999900,999900,999900,99990,90,1.1,1,1,999.0,999,9,'999999999,0,0.0000,0,88,999.000,0.0,1.0
2056/3/2,16:00,?9?9?9?9E0?9?9?9?9*9?9*9?9?9?9?9?9?9*9*_?9*9*9?9?9,31.0,19.7,51,101110,9999,9999,415,580,663,163,999900,999900,999900,99990,90,0.8,1,1,999.0,999,9,'999999999,0,0.0000,0,88,999.000,0.0,1.0
2056/3/2,17:00,?9?9?9?9E0?9?9?9?9*9?9*9?9?9?9?9?9?9*9*_?9*9*9?9?9,30.3,20.3,55,101110,9999,9999,412,355,527,132,999900,999900,999900,99990,90,1.3,1,1,999.0,999,9,'999999999,0,0.0000,0,88,999.000,0.0,1.0
2056/3/2,18:00,?9?9?9?9E0?9?9?9?9*9?9*9?9?9?9?9?9?9*9*_?9*9*9?9?9,29.3,20.7,60,101110,9999,9999,408,124,253,76,999900,999900,999900,99990,90,1.1,1,1,999.0,999,9,'999999999,0,0.0000,0,88,999.000,0.0,1.0
2056/3/2,19:00,?9?9?9?9E0?9?9?9?9*9?9*9?9?9?9?9?9?9*9*_?9*9*9?9?9,28.5,21.0,64,101110,9999,9999,409,2,0,2,999900,999900,999900,99990,90,0.7,2,2,999.0,999,9,'999999999,0,0.0000,0,88,999.000,0.0,1.0
2056/3/2,20:00,?9?9?9?9E0?9?9?9?9*9?9*9?9?9?9?9?9?9*9*_?9*9*9?9?9,28.1,21.2,66,101110,9999,9999,407,0,0,0,999900,999900,999900,99990,90,0.6,2,2,999.0,999,9,'999999999,0,0.0000,0,88,999.000,0.0,1.0
2056/3/2,21:00,?9?9?9?9E0?9?9?9?9*9?9*9?9?9?9?9?9?9*9*_?9*9*9?9?9,27.8,21.6,69,101210,9999,9999,406,0,0,0,999900,999900,999900,99990,70,0.4,2,2,999.0,999,9,'999999999,0,0.0000,0,88,999.000,0.0,1.0
2056/3/2,22:00,?9?9?9?9E0?9?9?9?9*9?9*9?9?9?9?9?9?9*9*_?9*9*9?9?9,27.4,21.2,69,101210,9999,9999,407,0,0,0,999900,999900,999900,99990,70,0.4,3,3,999.0,999,9,'999999999,0,0.0000,0,88,999.000,0.0,1.0
2056/3/2,23:00,?9?9?9?9E0?9?9?9?9*9?9*9?9?9?9?9?9?9*9*_?9*9*9?9?9,26.4,22.1,77,101210,9999,9999,403,0,0,0,999900,999900,999900,99990,70,0.3,3,3,999.0,999,9,'999999999,0,0.0000,0,88,999.000,0.0,1.0
2056/3/2,24:00,?9?9?9?9E0?9?9?9?9*9?9*9?9?9?9?9?9?9*9*_?9*9*9?9?9,25.6,22.5,83,101210,9999,9999,399,0,0,0,999900,999900,999900,99990,70,0.2,3,3,999.0,999,9,'999999999,0,0.0000,0,88,999.000,0.0,1.0
2056/3/3,01:00,?9?9?9?9E0?9?9?9?9*9?9*9?9?9?9?9?9?9*9*_?9*9*9?9?9,24.9,22.8,88,101210,9999,9999,399,0,0,0,999900,999900,999900,99990,70,0.1,4,4,999.0,999,9,'999999999,0,0.0000,0,88,999.000,0.0,1.0
2056/3/3,02:00,?9?9?9?9E0?9?9?9?9*9?9*9?9?9?9?9?9?9*9*_?9*9*9?9?9,24.6,23.4,93,101110,9999,9999,398,0,0,0,999900,999900,999900,99990,70,0.2,4,4,999.0,999,9,'999999999,0,0.0000,0,88,999.000,0.0,1.0
2056/3/3,03:00,?9?9?9?9E0?9?9?9?9*9?9*9?9?9?9?9?9?9*9*_?9*9*9?9?9,24.3,23.5,95,101110,9999,9999,397,0,0,0,999900,999900,999900,99990,70,0.3,4,4,999.0,999,9,'999999999,0,0.0000,0,88,999.000,0.0,1.0
2056/3/3,04:00,?9?9?9?9E0?9?9?9?9*9?9*9?9?9?9?9?9?9*9*_?9*9*9?9?9,24.1,23.3,95,101010,9999,9999,395,0,0,0,999900,999900,999900,99990,70,0.3,4,4,999.0,999,9,'999999999,0,0.0000,0,88,999.000,0.0,1.0
2056/3/3,05:00,?9?9?9?9E0?9?9?9?9*9?9*9?9?9?9?9?9?9*9*_?9*9*9?9?9,24.0,23.2,95,101010,9999,9999,395,0,0,0,999900,999900,999900,99990,70,0.3,4,4,999.0,999,9,'999999999,0,0.0000,0,88,999.000,0.0,1.0
2056/3/3,06:00,?9?9?9?9E0?9?9?9?9*9?9*9?9?9?9?9?9?9*9*_?9*9*9?9?9,23.7,22.9,95,101010,9999,9999,393,0,0,0,999900,999900,999900,99990,290,0.2,4,4,999.0,999,9,'999999999,0,0.0000,0,88,999.000,0.0,1.0
2056/3/3,07:00,?9?9?9?9E0?9?9?9?9*9?9*9?9?9?9?9?9?9*9*_?9*9*9?9?9,23.7,23.0,96,101110,9999,9999,393,8,0,8,999900,999900,999900,99990,290,0.3,4,4,999.0,999,9,'999999999,0,0.0000,0,88,999.000,0.0,1.0
2056/3/3,08:00,?9?9?9?9E0?9?9?9?9*9?9*9?9?9?9?9?9?9*9*_?9*9*9?9?9,25.4,23.8,91,101110,9999,9999,403,170,238,109,999900,999900,999900,99990,290,0.1,4,4,999.0,999,9,'999999999,0,0.0000,0,88,999.000,0.0,1.0
2056/3/3,09:00,?9?9?9?9E0?9?9?9?9*9?9*9?9?9?9?9?9?9*9*_?9*9*9?9?9,28.1,20.9,65,101210,9999,9999,414,424,560,152,999900,999900,999900,99990,320,0.6,4,4,999.0,999,9,'999999999,0,0.0000,0,88,999.000,0.0,1.0
2056/3/3,10:00,?9?9?9?9E0?9?9?9?9*9?9*9?9?9?9?9?9?9*9*_?9*9*9?9?9,30.5,18.3,48,101310,9999,9999,427,632,657,186,999900,999900,999900,99990,320,0.6,5,5,999.0,999,9,'999999999,0,0.0000,0,88,999.000,0.0,1.0
2056/3/3,11:00,?9?9?9?9E0?9?9?9?9*9?9*9?9?9?9?9?9?9*9*_?9*9*9?9?9,30.8,18.5,48,101310,9999,9999,429,783,678,222,999900,999900,999900,99990,320,0.9,5,5,999.0,999,9,'999999999,0,0.0000,0,88,999.000,0.0,1.0
2056/3/3,12:00,?9?9?9?9E0?9?9?9?9*9?9*9?9?9?9?9?9?9*9*_?9*9*9?9?9,31.2,18.2,46,101310,9999,9999,431,887,707,241,999900,999900,999900,99990,320,1.0,5,5,999.0,999,9,'999999999,0,0.0000,0,88,999.000,0.0,1.0
2056/3/3,13:00,?9?9?9?9E0?9?9?9?9*9?9*9?9?9?9?9?9?9*9*_?9*9*9?9?9,31.3,18.3,46,101210,9999,9999,428,930,741,235,999900,999900,999900,99990,320,1.0,4,4,999.0,999,9,'999999999,0,0.0000,0,88,999.000,0.0,1.0
2056/3/3,14:00,?9?9?9?9E0?9?9?9?9*9?9*9?9?9?9?9?9?9*9*_?9*9*9?9?9,31.4,18.1,45,101210,9999,9999,425,892,758,213,999900,999900,999900,99990,320,0.9,3,3,999.0,999,9,'999999999,0,0.0000,0,88,999.000,0.0,1.0
2056/3/3,15:00,?9?9?9?9E0?9?9?9?9*9?9*9?9?9?9?9?9?9*9*_?9*9*9?9?9,31.2,17.9,45,101110,9999,9999,414,782,758,182,999900,999900,999900,99990,110,0.9,1,1,999.0,999,9,'999999999,0,0.0000,0,88,999.000,0.0,1.0
2056/3/3,16:00,?9?9?9?9E0?9?9?9?9*9?9*9?9?9?9?9?9?9*9*_?9*9*9?9?9,30.9,17.6,45,101010,9999,9999,412,594,694,156,999900,999900,999900,99990,110,1.0,1,1,999.0,999,9,'999999999,0,0.0000,0,88,999.000,0.0,1.0
2056/3/3,17:00,?9?9?9?9E0?9?9?9?9*9?9*9?9?9?9?9?9?9*9*_?9*9*9?9?9,30.4,17.5,46,101010,9999,9999,409,367,570,125,999900,999900,999900,99990,110,0.8,1,1,999.0,999,9,'999999999,0,0.0000,0,88,999.000,0.0,1.0
2056/3/3,18:00,?9?9?9?9E0?9?9?9?9*9?9*9?9?9?9?9?9?9*9*_?9*9*9?9?9,29.5,17.4,48,101010,9999,9999,404,133,304,75,999900,999900,999900,99990,110,0.7,1,1,999.0,999,9,'999999999,0,0.0000,0,88,999.000,0.0,1.0
2056/3/3,19:00,?9?9?9?9E0?9?9?9?9*9?9*9?9?9?9?9?9?9*9*_?9*9*9?9?9,28.2,18.3,55,101010,9999,9999,399,2,0,2,999900,999900,999900,99990,110,0.5,1,1,999.0,999,9,'999999999,0,0.0000,0,88,999.000,0.0,1.0
2056/3/3,20:00,?9?9?9?9E0?9?9?9?9*9?9*9?9?9?9?9?9?9*9*_?9*9*9?9?9,27.3,19.9,64,101110,9999,9999,401,0,0,0,999900,999900,999900,99990,110,0.3,2,2,999.0,999,9,'999999999,0,0.0000,0,88,999.000,0.0,1.0
2056/3/3,21:00,?9?9?9?9E0?9?9?9?9*9?9*9?9?9?9?9?9?9*9*_?9*9*9?9?9,26.2,20.8,72,101210,9999,9999,396,0,0,0,999900,999900,999900,99990,110,0.2,2,2,999.0,999,9,'999999999,0,0.0000,0,88,999.000,0.0,1.0
2056/3/3,22:00,?9?9?9?9E0?9?9?9?9*9?9*9?9?9?9?9?9?9*9*_?9*9*9?9?9,25.5,21.4,78,101210,9999,9999,397,0,0,0,999900,999900,999900,99990,110,0.2,3,3,999.0,999,9,'999999999,0,0.0000,0,88,999.000,0.0,1.0
2056/3/3,23:00,?9?9?9?9E0?9?9?9?9*9?9*9?9?9?9?9?9?9*9*_?9*9*9?9?9,24.9,22.0,84,101310,9999,9999,395,0,0,0,999900,999900,999900,99990,110,0.2,3,3,999.0,999,9,'999999999,0,0.0000,0,88,999.000,0.0,1.0
2056/3/3,24:00,?9?9?9?9E0?9?9?9?9*9?9*9?9?9?9?9?9?9*9*_?9*9*9?9?9,24.3,22.4,89,101310,9999,9999,392,0,0,0,999900,999900,999900,99990,320,0.2,3,3,999.0,999,9,'999999999,0,0.0000,0,88,999.000,0.0,1.0
2056/3/4,01:00,?9?9?9?9E0?9?9?9?9*9?9*9?9?9?9?9?9?9*9*_?9*9*9?9?9,24.3,22.4,89,101310,9999,9999,392,0,0,0,999900,999900,999900,99990,320,0.2,3,3,999.0,999,9,'999999999,0,0.0000,0,88,999.000,0.0,1.0
2056/3/4,02:00,?9?9?9?9E0?9?9?9?9*9?9*9?9?9?9?9?9?9*9*_?9*9*9?9?9,24.1,22.9,93,101210,9999,9999,392,0,0,0,999900,999900,999900,99990,320,0.4,3,3,999.0,999,9,'999999999,0,0.0000,0,88,999.000,0.0,1.0
2056/3/4,03:00,?9?9?9?9E0?9?9?9?9*9?9*9?9?9?9?9?9?9*9*_?9*9*9?9?9,23.5,22.7,95,101110,9999,9999,388,0,0,0,999900,999900,999900,99990,320,0.3,3,3,999.0,999,9,'999999999,0,0.0000,0,88,999.000,0.0,1.0
2056/3/4,04:00,?9?9?9?9E0?9?9?9?9*9?9*9?9?9?9?9?9?9*9*_?9*9*9?9?9,23.0,22.5,97,101110,9999,9999,386,0,0,0,999900,999900,999900,99990,320,0.3,3,3,999.0,999,9,'999999999,0,0.0000,0,88,999.000,0.0,1.0
2056/3/4,05:00,?9?9?9?9E0?9?9?9?9*9?9*9?9?9?9?9?9?9*9*_?9*9*9?9?9,23.0,22.2,95,101110,9999,9999,385,0,0,0,999900,999900,999900,99990,320,0.2,3,3,999.0,999,9,'999999999,0,0.0000,0,88,999.000,0.0,1.0
2056/3/4,06:00,?9?9?9?9E0?9?9?9?9*9?9*9?9?9?9?9?9?9*9*_?9*9*9?9?9,23.4,22.2,93,101110,9999,9999,387,0,0,0,999900,999900,999900,99990,320,0.4,3,3,999.0,999,9,'999999999,0,0.0000,0,88,999.000,0.0,1.0
2056/3/4,07:00,?9?9?9?9E0?9?9?9?9*9?9*9?9?9?9?9?9?9*9*_?9*9*9?9?9,23.8,22.4,92,101210,9999,9999,390,11,0,11,999900,999900,999900,99990,320,0.3,3,3,999.0,999,9,'999999999,0,0.0000,0,88,999.000,0.0,1.0
2056/3/4,08:00,?9?9?9?9E0?9?9?9?9*9?9*9?9?9?9?9?9?9*9*_?9*9*9?9?9,25.9,22.8,83,101310,9999,9999,397,190,334,104,999900,999900,999900,99990,320,0.2,2,2,999.0,999,9,'999999999,0,0.0000,0,88,999.000,0.0,1.0
2056/3/4,09:00,?9?9?9?9E0?9?9?9?9*9?9*9?9?9?9?9?9?9*9*_?9*9*9?9?9,28.9,21.2,63,101310,9999,9999,406,453,665,129,999900,999900,999900,99990,320,0.5,1,1,999.0,999,9,'999999999,0,0.0000,0,88,999.000,0.0,1.0
2056/3/4,10:00,?9?9?9?9E0?9?9?9?9*9?9*9?9?9?9?9?9?9*9*_?9*9*9?9?9,30.6,18.7,49,101410,9999,9999,412,697,819,138,999900,999900,999900,99990,320,0.2,1,1,999.0,999,9,'999999999,0,0.0000,0,88,999.000,0.0,1.0
2056/3/4,11:00,?9?9?9?9E0?9?9?9?9*9?9*9?9?9?9?9?9?9*9*_?9*9*9?9?9,31.7,18.3,45,101310,9999,9999,423,865,849,161,999900,999900,999900,99990,320,0.5,2,2,999.0,999,9,'999999999,0,0.0000,0,88,999.000,0.0,1.0
2056/3/4,12:00,?9?9?9?9E0?9?9?9?9*9?9*9?9?9?9?9?9?9*9*_?9*9*9?9?9,31.9,18.5,45,101310,9999,9999,429,958,838,190,999900,999900,999900,99990,230,0.7,3,3,999.0,999,9,'999999999,0,0.0000,0,88,999.000,0.0,1.0
2056/3/4,13:00,?9?9?9?9E0?9?9?9?9*9?9*9?9?9?9?9?9?9*9*_?9*9*9?9?9,32.6,18.4,43,101310,9999,9999,436,934,749,229,999900,999900,999900,99990,230,0.8,4,4,999.0,999,9,'999999999,0,0.0000,0,88,999.000,0.0,1.0
2056/3/4,14:00,?9?9?9?9E0?9?9?9?9*9?9*9?9?9?9?9?9?9*9*_?9*9*9?9?9,32.5,18.3,43,101210,9999,9999,435,873,713,233,999900,999900,999900,99990,230,1.2,4,4,999.0,999,9,'999999999,0,0.0000,0,88,999.000,0.0,1.0
2056/3/4,15:00,?9?9?9?9E0?9?9?9?9*9?9*9?9?9?9?9?9?9*9*_?9*9*9?9?9,32.3,18.1,43,101110,9999,9999,437,710,598,236,999900,999900,999900,99990,90,1.0,5,5,999.0,999,9,'999999999,0,0.0000,0,88,999.000,0.0,1.0
2056/3/4,16:00,?9?9?9?9E0?9?9?9?9*9?9*9?9?9?9?9?9?9*9*_?9*9*9?9?9,31.6,18.6,46,101010,9999,9999,434,535,525,203,999900,999900,999900,99990,90,1.2,5,5,999.0,999,9,'999999999,0,0.0000,0,88,999.000,0.0,1.0
2056/3/4,17:00,?9?9?9?9E0?9?9?9?9*9?9*9?9?9?9?9?9?9*9*_?9*9*9?9?9,30.7,19.1,50,101010,9999,9999,429,324,393,157,999900,999900,999900,99990,90,1.2,5,5,999.0,999,9,'999999999,0,0.0000,0,88,999.000,0.0,1.0
2056/3/4,18:00,?9?9?9?9E0?9?9?9?9*9?9*9?9?9?9?9?9?9*9*_?9*9*9?9?9,29.4,19.7,56,101010,9999,9999,423,110,166,78,999900,999900,999900,99990,90,0.6,5,5,999.0,999,9,'999999999,0,0.0000,0,88,999.000,0.0,1.0
2056/3/4,19:00,?9?9?9?9E0?9?9?9?9*9?9*9?9?9?9?9?9?9*9*_?9*9*9?9?9,28.5,20.3,61,101010,9999,9999,415,2,0,2,999900,999900,999900,99990,90,0.5,4,4,999.0,999,9,'999999999,0,0.0000,0,88,999.000,0.0,1.0
2056/3/4,20:00,?9?9?9?9E0?9?9?9?9*9?9*9?9?9?9?9?9?9*9*_?9*9*9?9?9,27.9,21.7,69,101110,9999,9999,414,0,0,0,999900,999900,999900,99990,90,0.4,4,4,999.0,999,9,'999999999,0,0.0000,0,88,999.000,0.0,1.0
2056/3/4,21:00,?9?9?9?9E0?9?9?9?9*9?9*9?9?9?9?9?9?9*9*_?9*9*9?9?9,27.2,22.4,75,101110,9999,9999,411,0,0,0,999900,999900,999900,99990,140,0.3,4,4,999.0,999,9,'999999999,0,0.0000,0,88,999.000,0.0,1.0
2056/3/4,22:00,?9?9?9?9E0?9?9?9?9*9?9*9?9?9?9?9?9?9*9*_?9*9*9?9?9,26.4,23.3,83,101110,9999,9999,405,0,0,0,999900,999900,999900,99990,140,0.3,3,3,999.0,999,9,'999999999,0,0.0000,0,88,999.000,0.0,1.0
2056/3/4,23:00,?9?9?9?9E0?9?9?9?9*9?9*9?9?9?9?9?9?9*9*_?9*9*9?9?9,25.7,23.6,88,101210,9999,9999,401,0,0,0,999900,999900,999900,99990,140,0.2,3,3,999.0,999,9,'999999999,0,0.0000,0,88,999.000,0.0,1.0
2056/3/4,24:00,?9?9?9?9E0?9?9?9?9*9?9*9?9?9?9?9?9?9*9*_?9*9*9?9?9,25.0,24.0,94,101210,9999,9999,398,0,0,0,999900,999900,999900,99990,90,0.2,3,3,999.0,999,9,'999999999,0,0.0000,0,88,999.000,0.0,1.0
2056/3/5,01:00,?9?9?9?9E0?9?9?9?9*9?9*9?9?9?9?9?9?9*9*_?9*9*9?9?9,24.7,23.7,94,101210,9999,9999,396,0,0,0,999900,999900,999900,99990,90,0.2,3,3,999.0,999,9,'999999999,0,0.0000,0,88,999.000,0.0,1.0
2056/3/5,02:00,?9?9?9?9E0?9?9?9?9*9?9*9?9?9?9?9?9?9*9*_?9*9*9?9?9,24.2,23.4,95,101210,9999,9999,393,0,0,0,999900,999900,999900,99990,90,0.2,3,3,999.0,999,9,'999999999,0,0.0000,0,88,999.000,0.0,1.0
2056/3/5,03:00,?9?9?9?9E0?9?9?9?9*9?9*9?9?9?9?9?9?9*9*_?9*9*9?9?9,24.1,23.6,97,101110,9999,9999,393,0,0,0,999900,999900,999900,99990,90,0.3,3,3,999.0,999,9,'999999999,0,0.0000,0,88,999.000,0.0,1.0
2056/3/5,04:00,?9?9?9?9E0?9?9?9?9*9?9*9?9?9?9?9?9?9*9*_?9*9*9?9?9,23.7,23.5,99,101110,9999,9999,394,0,0,0,999900,999900,999900,99990,90,0.2,4,4,999.0,999,9,'999999999,0,0.0000,0,88,999.000,0.0,1.0
2056/3/5,05:00,?9?9?9?9E0?9?9?9?9*9?9*9?9?9?9?9?9?9*9*_?9*9*9?9?9,23.5,23.3,99,101110,9999,9999,392,0,0,0,999900,999900,999900,99990,90,0.2,4,4,999.0,999,9,'999999999,0,0.0000,0,88,999.000,0.0,1.0
2056/3/5,06:00,?9?9?9?9E0?9?9?9?9*9?9*9?9?9?9?9?9?9*9*_?9*9*9?9?9,23.3,23.1,99,101110,9999,9999,391,0,0,0,999900,999900,999900,99990,90,0.2,4,4,999.0,999,9,'999999999,0,0.0000,0,88,999.000,0.0,1.0
2056/3/5,07:00,?9?9?9?9E0?9?9?9?9*9?9*9?9?9?9?9?9?9*9*_?9*9*9?9?9,23.5,23.0,97,101110,9999,9999,395,9,0,9,999900,999900,999900,99990,90,0.3,5,5,999.0,999,9,'999999999,0,0.0000,0,88,999.000,0.0,1.0
2056/3/5,08:00,?9?9?9?9E0?9?9?9?9*9?9*9?9?9?9?9?9?9*9*_?9*9*9?9?9,25.4,23.1,87,101210,9999,9999,405,166,196,115,999900,999900,999900,99990,90,0.5,5,5,999.0,999,9,'999999999,0,0.0000,0,88,999.000,0.0,1.0
2056/3/5,09:00,?9?9?9?9E0?9?9?9?9*9?9*9?9?9?9?9?9?9*9*_?9*9*9?9?9,28.0,21.3,67,101310,9999,9999,417,403,462,177,999900,999900,999900,99990,290,0.3,5,5,999.0,999,9,'999999999,0,0.0000,0,88,999.000,0.0,1.0
2056/3/5,10:00,?9?9?9?9E0?9?9?9?9*9?9*9?9?9?9?9?9?9*9*_?9*9*9?9?9,29.6,21.8,63,101210,9999,9999,424,631,626,202,999900,999900,999900,99990,290,0.2,4,4,999.0,999,9,'999999999,0,0.0000,0,88,999.000,0.0,1.0
2056/3/5,11:00,?9?9?9?9E0?9?9?9?9*9?9*9?9?9?9?9?9?9*9*_?9*9*9?9?9,31.9,20.8,52,101110,9999,9999,435,804,696,225,999900,999900,999900,99990,290,0.8,4,4,999.0,999,9,'999999999,0,0.0000,0,88,999.000,0.0,1.0
2056/3/5,12:00,?9?9?9?9E0?9?9?9?9*9?9*9?9?9?9?9?9?9*9*_?9*9*9?9?9,32.5,19.4,46,101110,9999,9999,440,883,674,263,999900,999900,999900,99990,200,0.7,5,5,999.0,999,9,'999999999,0,0.0000,0,88,999.000,0.0,1.0
2056/3/5,13:00,?9?9?9?9E0?9?9?9?9*9?9*9?9?9?9?9?9?9*9*_?9*9*9?9?9,33.0,19.5,45,101210,9999,9999,443,883,628,291,999900,999900,999900,99990,200,1.0,5,5,999.0,999,9,'999999999,0,0.0000,0,88,999.000,0.0,1.0
2056/3/5,14:00,?9?9?9?9E0?9?9?9?9*9?9*9?9?9?9?9?9?9*9*_?9*9*9?9?9,33.1,20.6,48,101110,9999,9999,445,819,587,290,999900,999900,999900,99990,200,1.0,5,5,999.0,999,9,'999999999,0,0.0000,0,88,999.000,0.0,1.0
2056/3/5,15:00,?9?9?9?9E0?9?9?9?9*9?9*9?9?9?9?9?9?9*9*_?9*9*9?9?9,33.0,21.8,52,101110,9999,9999,446,687,529,267,999900,999900,999900,99990,200,1.1,5,5,999.0,999,9,'999999999,0,0.0000,0,88,999.000,0.0,1.0
2056/3/5,16:00,?9?9?9?9E0?9?9?9?9*9?9*9?9?9?9?9?9?9*9*_?9*9*9?9?9,32.5,22.0,54,101010,9999,9999,440,542,521,212,999900,999900,999900,99990,200,1.0,4,4,999.0,999,9,'999999999,0,0.0000,0,88,999.000,0.0,1.0
2056/3/5,17:00,?9?9?9?9E0?9?9?9?9*9?9*9?9?9?9?9?9?9*9*_?9*9*9?9?9,31.3,23.4,63,100910,9999,9999,435,323,374,163,999900,999900,999900,99990,200,1.2,4,4,999.0,999,9,'999999999,0,0.0000,0,88,999.000,0.0,1.0
2056/3/5,18:00,?9?9?9?9E0?9?9?9?9*9?9*9?9?9?9?9?9?9*9*_?9*9*9?9?9,29.7,23.9,71,100910,9999,9999,427,110,156,80,999900,999900,999900,99990,50,1.0,4,4,999.0,999,9,'999999999,0,0.0000,0,88,999.000,0.0,1.0
2056/3/5,19:00,?9?9?9?9E0?9?9?9?9*9?9*9?9?9?9?9?9?9*9*_?9*9*9?9?9,28.6,24.4,78,100810,9999,9999,418,2,0,2,999900,999900,999900,99990,50,0.7,3,3,999.0,999,9,'999999999,0,0.0000,0,88,999.000,0.0,1.0
2056/3/5,20:00,?9?9?9?9E0?9?9?9?9*9?9*9?9?9?9?9?9?9*9*_?9*9*9?9?9,27.9,23.7,78,100910,9999,9999,409,0,0,0,999900,999900,999900,99990,50,0.5,2,2,999.0,999,9,'999999999,0,0.0000,0,88,999.000,0.0,1.0
2056/3/5,21:00,?9?9?9?9E0?9?9?9?9*9?9*9?9?9?9?9?9?9*9*_?9*9*9?9?9,27.3,23.6,80,101010,9999,9999,400,0,0,0,999900,999900,999900,99990,200,0.6,1,1,999.0,999,9,'999999999,0,0.0000,0,88,999.000,0.0,1.0
2056/3/5,22:00,?9?9?9?9E0?9?9?9?9*9?9*9?9?9?9?9?9?9*9*_?9*9*9?9?9,26.7,23.8,84,101010,9999,9999,397,0,0,0,999900,999900,999900,99990,200,0.4,1,1,999.0,999,9,'999999999,0,0.0000,0,88,999.000,0.0,1.0
2056/3/5,23:00,?9?9?9?9E0?9?9?9?9*9?9*9?9?9?9?9?9?9*9*_?9*9*9?9?9,25.9,24.0,89,101010,9999,9999,393,0,0,0,999900,999900,999900,99990,200,0.4,1,1,999.0,999,9,'999999999,0,0.0000,0,88,999.000,0.0,1.0
2056/3/5,24:00,?9?9?9?9E0?9?9?9?9*9?9*9?9?9?9?9?9?9*9*_?9*9*9?9?9,25.6,24.0,91,101010,9999,9999,392,0,0,0,999900,999900,999900,99990,160,0.4,1,1,999.0,999,9,'999999999,0,0.0000,0,88,999.000,0.0,1.0
2056/3/6,01:00,?9?9?9?9E0?9?9?9?9*9?9*9?9?9?9?9?9?9*9*_?9*9*9?9?9,24.9,23.7,93,101010,9999,9999,388,0,0,0,999900,999900,999900,99990,160,0.2,1,1,999.0,999,9,'999999999,0,0.0000,0,88,999.000,0.0,1.0
2056/3/6,02:00,?9?9?9?9E0?9?9?9?9*9?9*9?9?9?9?9?9?9*9*_?9*9*9?9?9,24.3,23.6,96,101010,9999,9999,385,0,0,0,999900,999900,999900,99990,160,0.2,1,1,999.0,999,9,'999999999,0,0.0000,0,88,999.000,0.0,1.0
2056/3/6,03:00,?9?9?9?9E0?9?9?9?9*9?9*9?9?9?9?9?9?9*9*_?9*9*9?9?9,24.0,23.3,96,100910,9999,9999,383,0,0,0,999900,999900,999900,99990,160,0.2,1,1,999.0,999,9,'999999999,0,0.0000,0,88,999.000,0.0,1.0
2056/3/6,04:00,?9?9?9?9E0?9?9?9?9*9?9*9?9?9?9?9?9?9*9*_?9*9*9?9?9,24.0,23.2,95,100910,9999,9999,383,0,0,0,999900,999900,999900,99990,160,0.3,1,1,999.0,999,9,'999999999,0,0.0000,0,88,999.000,0.0,1.0
2056/3/6,05:00,?9?9?9?9E0?9?9?9?9*9?9*9?9?9?9?9?9?9*9*_?9*9*9?9?9,23.8,23.1,96,100910,9999,9999,382,0,0,0,999900,999900,999900,99990,160,0.4,1,1,999.0,999,9,'999999999,0,0.0000,0,88,999.000,0.0,1.0
2056/3/6,06:00,?9?9?9?9E0?9?9?9?9*9?9*9?9?9?9?9?9?9*9*_?9*9*9?9?9,23.8,23.0,95,100910,9999,9999,381,0,0,0,999900,999900,999900,99990,90,0.5,1,1,999.0,999,9,'999999999,0,0.0000,0,88,999.000,0.0,1.0
2056/3/6,07:00,?9?9?9?9E0?9?9?9?9*9?9*9?9?9?9?9?9?9*9*_?9*9*9?9?9,24.4,23.4,94,101010,9999,9999,385,14,0,14,999900,999900,999900,99990,90,0.6,1,1,999.0,999,9,'999999999,0,0.0000,0,88,999.000,0.0,1.0
2056/3/6,08:00,?9?9?9?9E0?9?9?9?9*9?9*9?9?9?9?9?9?9*9*_?9*9*9?9?9,26.2,24.6,91,101110,9999,9999,401,189,304,109,999900,999900,999900,99990,90,0.7,2,2,999.0,999,9,'999999999,0,0.0000,0,88,999.000,0.0,1.0
2056/3/6,09:00,?9?9?9?9E0?9?9?9?9*9?9*9?9?9?9?9?9?9*9*_?9*9*9?9?9,28.2,24.2,79,101110,9999,9999,416,421,530,160,999900,999900,999900,99990,320,0.6,3,3,999.0,999,9,'999999999,0,0.0000,0,88,999.000,0.0,1.0
2056/3/6,10:00,?9?9?9?9E0?9?9?9?9*9?9*9?9?9?9?9?9?9*9*_?9*9*9?9?9,30.3,24.5,71,101210,9999,9999,428,638,649,192,999900,999900,999900,99990,320,0.8,3,3,999.0,999,9,'999999999,0,0.0000,0,88,999.000,0.0,1.0
2056/3/6,11:00,?9?9?9?9E0?9?9?9?9*9?9*9?9?9?9?9?9?9*9*_?9*9*9?9?9,31.9,24.8,66,101210,9999,9999,437,795,679,229,999900,999900,999900,99990,320,1.0,3,3,999.0,999,9,'999999999,0,0.0000,0,88,999.000,0.0,1.0
2056/3/6,12:00,?9?9?9?9E0?9?9?9?9*9?9*9?9?9?9?9?9?9*9*_?9*9*9?9?9,33.2,29.1,79,101110,9999,9999,450,840,607,280,999900,999900,999900,99990,270,0.5,3,3,999.0,999,9,'999999999,0,0.0000,0,88,999.000,0.0,1.0
2056/3/6,13:00,?9?9?9?9E0?9?9?9?9*9?9*9?9?9?9?9?9?9*9*_?9*9*9?9?9,34.2,23.6,54,101110,9999,9999,444,937,733,245,999900,999900,999900,99990,270,1.0,2,2,999.0,999,9,'999999999,0,0.0000,0,88,999.000,0.0,1.0
2056/3/6,14:00,?9?9?9?9E0?9?9?9?9*9?9*9?9?9?9?9?9?9*9*_?9*9*9?9?9,33.5,21.7,50,101010,9999,9999,432,899,755,217,999900,999900,999900,99990,270,1.0,1,1,999.0,999,9,'999999999,0,0.0000,0,88,999.000,0.0,1.0
2056/3/6,15:00,?9?9?9?9E0?9?9?9?9*9?9*9?9?9?9?9?9?9*9*_?9*9*9?9?9,33.7,21.5,49,100810,9999,9999,425,770,720,197,999900,999900,999900,99990,140,1.2,0,0,999.0,999,9,'999999999,0,0.0000,0,88,999.000,0.0,1.0
2056/3/6,16:00,?9?9?9?9E0?9?9?9?9*9?9*9?9?9?9?9?9?9*9*_?9*9*9?9?9,32.6,21.8,53,100810,9999,9999,419,583,649,171,999900,999900,999900,99990,140,1.3,0,0,999.0,999,9,'999999999,0,0.0000,0,88,999.000,0.0,1.0
2056/3/6,17:00,?9?9?9?9E0?9?9?9?9*9?9*9?9?9?9?9?9?9*9*_?9*9*9?9?9,31.4,22.4,59,100810,9999,9999,413,353,497,140,999900,999900,999900,99990,140,1.5,0,0,999.0,999,9,'999999999,0,0.0000,0,88,999.000,0.0,1.0
2056/3/6,18:00,?9?9?9?9E0?9?9?9?9*9?9*9?9?9?9?9?9?9*9*_?9*9*9?9?9,30.4,23.6,67,100710,9999,9999,409,123,228,79,999900,999900,999900,99990,140,1.0,0,0,999.0,999,9,'999999999,0,0.0000,0,88,999.000,0.0,1.0
2056/3/6,19:00,?9?9?9?9E0?9?9?9?9*9?9*9?9?9?9?9?9?9*9*_?9*9*9?9?9,29.2,25.6,81,100810,9999,9999,405,2,0,2,999900,999900,999900,99990,140,0.7,0,0,999.0,999,9,'999999999,0,0.0000,0,88,999.000,0.0,1.0
2056/3/6,20:00,?9?9?9?9E0?9?9?9?9*9?9*9?9?9?9?9?9?9*9*_?9*9*9?9?9,28.6,26.4,88,100810,9999,9999,403,0,0,0,999900,999900,999900,99990,140,0.7,0,0,999.0,999,9,'999999999,0,0.0000,0,88,999.000,0.0,1.0
2056/3/6,21:00,?9?9?9?9E0?9?9?9?9*9?9*9?9?9?9?9?9?9*9*_?9*9*9?9?9,28.0,26.4,91,100910,9999,9999,400,0,0,0,999900,999900,999900,99990,110,0.7,0,0,999.0,999,9,'999999999,0,0.0000,0,88,999.000,0.0,1.0
2056/3/6,22:00,?9?9?9?9E0?9?9?9?9*9?9*9?9?9?9?9?9?9*9*_?9*9*9?9?9,27.6,26.0,91,100910,9999,9999,397,0,0,0,999900,999900,999900,99990,140,0.7,0,0,999.0,999,9,'999999999,0,0.0000,0,88,999.000,0.0,1.0
2056/3/6,23:00,?9?9?9?9E0?9?9?9?9*9?9*9?9?9?9?9?9?9*9*_?9*9*9?9?9,27.1,25.7,92,100910,9999,9999,394,0,0,0,999900,999900,999900,99990,140,0.5,0,0,999.0,999,9,'999999999,0,0.0000,0,88,999.000,0.0,1.0
2056/3/6,24:00,?9?9?9?9E0?9?9?9?9*9?9*9?9?9?9?9?9?9*9*_?9*9*9?9?9,26.3,25.5,95,101010,9999,9999,390,0,0,0,999900,999900,999900,99990,180,0.4,0,0,999.0,999,9,'999999999,0,0.0000,0,88,999.000,0.0,1.0
2056/3/7,01:00,?9?9?9?9E0?9?9?9?9*9?9*9?9?9?9?9?9?9*9*_?9*9*9?9?9,25.7,24.9,95,100910,9999,9999,386,0,0,0,999900,999900,999900,99990,180,0.2,0,0,999.0,999,9,'999999999,0,0.0000,0,88,999.000,0.0,1.0
2056/3/7,02:00,?9?9?9?9E0?9?9?9?9*9?9*9?9?9?9?9?9?9*9*_?9*9*9?9?9,25.2,24.7,97,100910,9999,9999,383,0,0,0,999900,999900,999900,99990,180,0.2,0,0,999.0,999,9,'999999999,0,0.0000,0,88,999.000,0.0,1.0
2056/3/7,03:00,?9?9?9?9E0?9?9?9?9*9?9*9?9?9?9?9?9?9*9*_?9*9*9?9?9,25.2,24.9,98,100810,9999,9999,383,0,0,0,999900,999900,999900,99990,180,0.6,0,0,999.0,999,9,'999999999,0,0.0000,0,88,999.000,0.0,1.0
2056/3/7,04:00,?9?9?9?9E0?9?9?9?9*9?9*9?9?9?9?9?9?9*9*_?9*9*9?9?9,25.1,24.8,98,100810,9999,9999,383,0,0,0,999900,999900,999900,99990,180,0.4,0,0,999.0,999,9,'999999999,0,0.0000,0,88,999.000,0.0,1.0
2056/3/7,05:00,?9?9?9?9E0?9?9?9?9*9?9*9?9?9?9?9?9?9*9*_?9*9*9?9?9,24.9,24.6,98,100710,9999,9999,382,0,0,0,999900,999900,999900,99990,180,0.4,0,0,999.0,999,9,'999999999,0,0.0000,0,88,999.000,0.0,1.0
2056/3/7,06:00,?9?9?9?9E0?9?9?9?9*9?9*9?9?9?9?9?9?9*9*_?9*9*9?9?9,24.6,24.5,99,100710,9999,9999,380,0,0,0,999900,999900,999900,99990,180,0.3,0,0,999.0,999,9,'999999999,0,0.0000,0,88,999.000,0.0,1.0
2056/3/7,07:00,?9?9?9?9E0?9?9?9?9*9?9*9?9?9?9?9?9?9*9*_?9*9*9?9?9,24.8,24.7,99,100710,9999,9999,388,15,0,15,999900,999900,999900,99990,180,0.4,1,1,999.0,999,9,'999999999,0,0.0000,0,88,999.000,0.0,1.0
2056/3/7,08:00,?9?9?9?9E0?9?9?9?9*9?9*9?9?9?9?9?9?9*9*_?9*9*9?9?9,27.1,25.9,93,100810,9999,9999,395,190,310,108,999900,999900,999900,99990,180,0.5,0,0,999.0,999,9,'999999999,0,0.0000,0,88,999.000,0.0,1.0
2056/3/7,09:00,?9?9?9?9E0?9?9?9?9*9?9*9?9?9?9?9?9?9*9*_?9*9*9?9?9,28.5,24.1,77,101010,9999,9999,400,439,590,146,999900,999900,999900,99990,230,0.8,0,0,999.0,999,9,'999999999,0,0.0000,0,88,999.000,0.0,1.0
2056/3/7,10:00,?9?9?9?9E0?9?9?9?9*9?9*9?9?9?9?9?9?9*9*_?9*9*9?9?9,30.4,23.1,65,101110,9999,9999,409,669,730,165,999900,999900,999900,99990,230,0.5,0,0,999.0,999,9,'999999999,0,0.0000,0,88,999.000,0.0,1.0
2056/3/7,11:00,?9?9?9?9E0?9?9?9?9*9?9*9?9?9?9?9?9?9*9*_?9*9*9?9?9,32.1,23.1,59,101110,9999,9999,426,842,787,184,999900,999900,999900,99990,230,0.7,1,1,999.0,999,9,'999999999,0,0.0000,0,88,999.000,0.0,1.0
2056/3/7,12:00,?9?9?9?9E0?9?9?9?9*9?9*9?9?9?9?9?9?9*9*_?9*9*9?9?9,33.3,20.5,47,101110,9999,9999,435,964,834,193,999900,999900,999900,99990,230,0.5,2,2,999.0,999,9,'999999999,0,0.0000,0,88,999.000,0.0,1.0
2056/3/7,13:00,?9?9?9?9E0?9?9?9?9*9?9*9?9?9?9?9?9?9*9*_?9*9*9?9?9,34.0,23.1,53,101010,9999,9999,443,944,757,227,999900,999900,999900,99990,230,1.0,2,2,999.0,999,9,'999999999,0,0.0000,0,88,999.000,0.0,1.0
2056/3/7,14:00,?9?9?9?9E0?9?9?9?9*9?9*9?9?9?9?9?9?9*9*_?9*9*9?9?9,33.6,23.3,55,100910,9999,9999,441,881,724,226,999900,999900,999900,99990,230,1.2,2,2,999.0,999,9,'999999999,0,0.0000,0,88,999.000,0.0,1.0
2056/3/7,15:00,?9?9?9?9E0?9?9?9?9*9?9*9?9?9?9?9?9?9*9*_?9*9*9?9?9,33.2,23.5,57,100810,9999,9999,433,757,692,205,999900,999900,999900,99990,180,1.2,1,1,999.0,999,9,'999999999,0,0.0000,0,88,999.000,0.0,1.0
2056/3/7,16:00,?9?9?9?9E0?9?9?9?9*9?9*9?9?9?9?9?9?9*9*_?9*9*9?9?9,32.7,23.4,58,100810,9999,9999,430,574,627,175,999900,999900,999900,99990,180,1.0,1,1,999.0,999,9,'999999999,0,0.0000,0,88,999.000,0.0,1.0
2056/3/7,17:00,?9?9?9?9E0?9?9?9?9*9?9*9?9?9?9?9?9?9*9*_?9*9*9?9?9,32.0,23.8,62,100810,9999,9999,426,349,483,142,999900,999900,999900,99990,180,1.0,1,1,999.0,999,9,'999999999,0,0.0000,0,88,999.000,0.0,1.0
2056/3/7,18:00,?9?9?9?9E0?9?9?9?9*9?9*9?9?9?9?9?9?9*9*_?9*9*9?9?9,30.5,24.9,72,100810,9999,9999,419,120,219,78,999900,999900,999900,99990,160,0.8,1,1,999.0,999,9,'999999999,0,0.0000,0,88,999.000,0.0,1.0
2056/3/7,19:00,?9?9?9?9E0?9?9?9?9*9?9*9?9?9?9?9?9?9*9*_?9*9*9?9?9,28.8,25.2,81,100810,9999,9999,410,3,0,3,999900,999900,999900,99990,160,0.7,1,1,999.0,999,9,'999999999,0,0.0000,0,88,999.000,0.0,1.0
2056/3/7,20:00,?9?9?9?9E0?9?9?9?9*9?9*9?9?9?9?9?9?9*9*_?9*9*9?9?9,28.0,25.1,84,100910,9999,9999,411,0,0,0,999900,999900,999900,99990,160,0.7,2,2,999.0,999,9,'999999999,0,0.0000,0,88,999.000,0.0,1.0
2056/3/7,21:00,?9?9?9?9E0?9?9?9?9*9?9*9?9?9?9?9?9?9*9*_?9*9*9?9?9,27.3,25.0,87,100910,9999,9999,412,0,0,0,999900,999900,999900,99990,160,0.5,3,3,999.0,999,9,'999999999,0,0.0000,0,88,999.000,0.0,1.0
2056/3/7,22:00,?9?9?9?9E0?9?9?9?9*9?9*9?9?9?9?9?9?9*9*_?9*9*9?9?9,26.5,25.1,92,101010,9999,9999,407,0,0,0,999900,999900,999900,99990,160,0.2,3,3,999.0,999,9,'999999999,0,0.0000,0,88,999.000,0.0,1.0
2056/3/7,23:00,?9?9?9?9E0?9?9?9?9*9?9*9?9?9?9?9?9?9*9*_?9*9*9?9?9,25.3,24.5,95,101010,9999,9999,400,0,0,0,999900,999900,999900,99990,160,0.4,3,3,999.0,999,9,'999999999,0,0.0000,0,88,999.000,0.0,1.0
2056/3/7,24:00,?9?9?9?9E0?9?9?9?9*9?9*9?9?9?9?9?9?9*9*_?9*9*9?9?9,24.7,24.4,98,101010,9999,9999,397,0,0,0,999900,999900,999900,99990,160,0.3,3,3,999.0,999,9,'999999999,0,0.0000,0,88,999.000,0.0,1.0
2056/3/8,01:00,?9?9?9?9E0?9?9?9?9*9?9*9?9?9?9?9?9?9*9*_?9*9*9?9?9,24.2,23.9,98,100910,9999,9999,394,0,0,0,999900,999900,999900,99990,160,0.2,3,3,999.0,999,9,'999999999,0,0.0000,0,88,999.000,0.0,1.0
2056/3/8,02:00,?9?9?9?9E0?9?9?9?9*9?9*9?9?9?9?9?9?9*9*_?9*9*9?9?9,24.0,23.7,98,100910,9999,9999,392,0,0,0,999900,999900,999900,99990,160,0.3,3,3,999.0,999,9,'999999999,0,0.0000,0,88,999.000,0.0,1.0
2056/3/8,03:00,?9?9?9?9E0?9?9?9?9*9?9*9?9?9?9?9?9?9*9*_?9*9*9?9?9,24.1,24.0,99,100810,9999,9999,393,0,0,0,999900,999900,999900,99990,160,0.8,3,3,999.0,999,9,'999999999,0,0.0000,0,88,999.000,0.0,1.0
2056/3/8,04:00,?9?9?9?9E0?9?9?9?9*9?9*9?9?9?9?9?9?9*9*_?9*9*9?9?9,24.0,23.9,99,100810,9999,9999,392,0,0,0,999900,999900,999900,99990,160,0.4,3,3,999.0,999,9,'999999999,0,0.0000,0,88,999.000,0.0,1.0
2056/3/8,05:00,?9?9?9?9E0?9?9?9?9*9?9*9?9?9?9?9?9?9*9*_?9*9*9?9?9,23.8,23.7,99,100810,9999,9999,391,0,0,0,999900,999900,999900,99990,160,0.4,3,3,999.0,999,9,'999999999,0,0.0000,0,88,999.000,0.0,1.0
2056/3/8,06:00,?9?9?9?9E0?9?9?9?9*9?9*9?9?9?9?9?9?9*9*_?9*9*9?9?9,23.3,23.1,99,100810,9999,9999,388,0,0,0,999900,999900,999900,99990,270,0.3,3,3,999.0,999,9,'999999999,0,0.0000,0,88,999.000,0.0,1.0
2056/3/8,07:00,?9?9?9?9E0?9?9?9?9*9?9*9?9?9?9?9?9?9*9*_?9*9*9?9?9,23.2,23.0,99,100810,9999,9999,387,15,0,15,999900,999900,999900,99990,270,0.2,3,3,999.0,999,9,'999999999,0,0.0000,0,88,999.000,0.0,1.0
2056/3/8,08:00,?9?9?9?9E0?9?9?9?9*9?9*9?9?9?9?9?9?9*9*_?9*9*9?9?9,25.6,23.5,88,100910,9999,9999,401,192,313,108,999900,999900,999900,99990,270,0.5,3,3,999.0,999,9,'999999999,0,0.0000,0,88,999.000,0.0,1.0
2056/3/8,09:00,?9?9?9?9E0?9?9?9?9*9?9*9?9?9?9?9?9?9*9*_?9*9*9?9?9,29.1,23.3,71,100910,9999,9999,419,435,578,147,999900,999900,999900,99990,200,0.7,3,3,999.0,999,9,'999999999,0,0.0000,0,88,999.000,0.0,1.0
2056/3/8,10:00,?9?9?9?9E0?9?9?9?9*9?9*9?9?9?9?9?9?9*9*_?9*9*9?9?9,31.7,18.3,45,101010,9999,9999,427,693,786,148,999900,999900,999900,99990,200,0.4,3,3,999.0,999,9,'999999999,0,0.0000,0,88,999.000,0.0,1.0
2056/3/8,11:00,?9?9?9?9E0?9?9?9?9*9?9*9?9?9?9?9?9?9*9*_?9*9*9?9?9,33.8,16.7,36,101010,9999,9999,437,874,850,161,999900,999900,999900,99990,200,0.7,3,3,999.0,999,9,'999999999,0,0.0000,0,88,999.000,0.0,1.0
2056/3/8,12:00,?9?9?9?9E0?9?9?9?9*9?9*9?9?9?9?9?9?9*9*_?9*9*9?9?9,35.2,19.2,39,101010,9999,9999,449,970,849,184,999900,999900,999900,99990,200,1.0,3,3,999.0,999,9,'999999999,0,0.0000,0,88,999.000,0.0,1.0
2056/3/8,13:00,?9?9?9?9E0?9?9?9?9*9?9*9?9?9?9?9?9?9*9*_?9*9*9?9?9,35.4,20.5,42,101010,9999,9999,452,965,797,209,999900,999900,999900,99990,200,1.0,3,3,999.0,999,9,'999999999,0,0.0000,0,88,999.000,0.0,1.0
2056/3/8,14:00,?9?9?9?9E0?9?9?9?9*9?9*9?9?9?9?9?9?9*9*_?9*9*9?9?9,35.4,22.0,46,100910,9999,9999,449,912,784,201,999900,999900,999900,99990,200,1.4,2,2,999.0,999,9,'999999999,0,0.0000,0,88,999.000,0.0,1.0
2056/3/8,15:00,?9?9?9?9E0?9?9?9?9*9?9*9?9?9?9?9?9?9*9*_?9*9*9?9?9,34.9,22.9,50,100910,9999,9999,448,774,733,188,999900,999900,999900,99990,200,1.4,2,2,999.0,999,9,'999999999,0,0.0000,0,88,999.000,0.0,1.0
2056/3/8,16:00,?9?9?9?9E0?9?9?9?9*9?9*9?9?9?9?9?9?9*9*_?9*9*9?9?9,34.7,22.8,50,100810,9999,9999,446,586,662,164,999900,999900,999900,99990,200,1.1,2,2,999.0,999,9,'999999999,0,0.0000,0,88,999.000,0.0,1.0
2056/3/8,17:00,?9?9?9?9E0?9?9?9?9*9?9*9?9?9?9?9?9?9*9*_?9*9*9?9?9,33.1,24.3,60,100710,9999,9999,433,355,510,135,999900,999900,999900,99990,200,1.2,1,1,999.0,999,9,'999999999,0,0.0000,0,88,999.000,0.0,1.0
2056/3/8,18:00,?9?9?9?9E0?9?9?9?9*9?9*9?9?9?9?9?9?9*9*_?9*9*9?9?9,30.9,24.8,70,100610,9999,9999,421,124,245,77,999900,999900,999900,99990,160,0.9,1,1,999.0,999,9,'999999999,0,0.0000,0,88,999.000,0.0,1.0
2056/3/8,19:00,?9?9?9?9E0?9?9?9?9*9?9*9?9?9?9?9?9?9*9*_?9*9*9?9?9,29.4,23.8,72,100610,9999,9999,404,3,0,3,999900,999900,999900,99990,160,0.9,0,0,999.0,999,9,'999999999,0,0.0000,0,88,999.000,0.0,1.0
2056/3/8,20:00,?9?9?9?9E0?9?9?9?9*9?9*9?9?9?9?9?9?9*9*_?9*9*9?9?9,28.7,26.1,86,100710,9999,9999,403,0,0,0,999900,999900,999900,99990,160,1.0,0,0,999.0,999,9,'999999999,0,0.0000,0,88,999.000,0.0,1.0
2056/3/8,21:00,?9?9?9?9E0?9?9?9?9*9?9*9?9?9?9?9?9?9*9*_?9*9*9?9?9,28.0,26.2,90,100810,9999,9999,400,0,0,0,999900,999900,999900,99990,140,1.0,0,0,999.0,999,9,'999999999,0,0.0000,0,88,999.000,0.0,1.0
2056/3/8,22:00,?9?9?9?9E0?9?9?9?9*9?9*9?9?9?9?9?9?9*9*_?9*9*9?9?9,27.7,26.7,94,100910,9999,9999,399,0,0,0,999900,999900,999900,99990,140,0.8,0,0,999.0,999,9,'999999999,0,0.0000,0,88,999.000,0.0,1.0
2056/3/8,23:00,?9?9?9?9E0?9?9?9?9*9?9*9?9?9?9?9?9?9*9*_?9*9*9?9?9,27.0,26.3,96,100910,9999,9999,394,0,0,0,999900,999900,999900,99990,140,0.4,0,0,999.0,999,9,'999999999,0,0.0000,0,88,999.000,0.0,1.0
2056/3/8,24:00,?9?9?9?9E0?9?9?9?9*9?9*9?9?9?9?9?9?9*9*_?9*9*9?9?9,26.3,26.3,100,100910,9999,9999,391,0,0,0,999900,999900,999900,99990,180,0.4,0,0,999.0,999,9,'999999999,0,0.0000,0,88,999.000,0.0,1.0
2056/3/9,01:00,?9?9?9?9E0?9?9?9?9*9?9*9?9?9?9?9?9?9*9*_?9*9*9?9?9,25.8,25.8,100,100910,9999,9999,388,0,0,0,999900,999900,999900,99990,180,0.3,0,0,999.0,999,9,'999999999,0,0.0000,0,88,999.000,0.0,1.0
2056/3/9,02:00,?9?9?9?9E0?9?9?9?9*9?9*9?9?9?9?9?9?9*9*_?9*9*9?9?9,25.4,25.4,100,100810,9999,9999,385,0,0,0,999900,999900,999900,99990,180,0.3,0,0,999.0,999,9,'999999999,0,0.0000,0,88,999.000,0.0,1.0
2056/3/9,03:00,?9?9?9?9E0?9?9?9?9*9?9*9?9?9?9?9?9?9*9*_?9*9*9?9?9,24.8,24.8,100,100810,9999,9999,381,0,0,0,999900,999900,999900,99990,180,0.3,0,0,999.0,999,9,'999999999,0,0.0000,0,88,999.000,0.0,1.0
2056/3/9,04:00,?9?9?9?9E0?9?9?9?9*9?9*9?9?9?9?9?9?9*9*_?9*9*9?9?9,24.7,24.7,100,100710,9999,9999,381,0,0,0,999900,999900,999900,99990,180,0.3,0,0,999.0,999,9,'999999999,0,0.0000,0,88,999.000,0.0,1.0
2056/3/9,05:00,?9?9?9?9E0?9?9?9?9*9?9*9?9?9?9?9?9?9*9*_?9*9*9?9?9,24.5,24.5,100,100710,9999,9999,379,0,0,0,999900,999900,999900,99990,180,0.5,0,0,999.0,999,9,'999999999,0,0.0000,0,88,999.000,0.0,1.0
2056/3/9,06:00,?9?9?9?9E0?9?9?9?9*9?9*9?9?9?9?9?9?9*9*_?9*9*9?9?9,24.5,24.5,100,100710,9999,9999,379,0,0,0,999900,999900,999900,99990,180,0.6,0,0,999.0,999,9,'999999999,0,0.0000,0,88,999.000,0.0,1.0
2056/3/9,07:00,?9?9?9?9E0?9?9?9?9*9?9*9?9?9?9?9?9?9*9*_?9*9*9?9?9,24.8,24.8,100,100810,9999,9999,381,16,0,16,999900,999900,999900,99990,290,0.4,0,0,999.0,999,9,'999999999,0,0.0000,0,88,999.000,0.0,1.0
2056/3/9,08:00,?9?9?9?9E0?9?9?9?9*9?9*9?9?9?9?9?9?9*9*_?9*9*9?9?9,26.8,26.5,98,100810,9999,9999,394,190,293,111,999900,999900,999900,99990,290,0.6,0,0,999.0,999,9,'999999999,0,0.0000,0,88,999.000,0.0,1.0
2056/3/9,09:00,?9?9?9?9E0?9?9?9?9*9?9*9?9?9?9?9?9?9*9*_?9*9*9?9?9,29.3,25.1,78,100910,9999,9999,405,439,578,149,999900,999900,999900,99990,290,0.5,0,0,999.0,999,9,'999999999,0,0.0000,0,88,999.000,0.0,1.0
2056/3/9,10:00,?9?9?9?9E0?9?9?9?9*9?9*9?9?9?9?9?9?9*9*_?9*9*9?9?9,31.8,22.0,56,100910,9999,9999,415,691,773,153,999900,999900,999900,99990,290,0.8,0,0,999.0,999,9,'999999999,0,0.0000,0,88,999.000,0.0,1.0
2056/3/9,11:00,?9?9?9?9E0?9?9?9?9*9?9*9?9?9?9?9?9?9*9*_?9*9*9?9?9,33.6,19.7,44,101010,9999,9999,422,878,846,166,999900,999900,999900,99990,290,0.9,0,0,999.0,999,9,'999999999,0,0.0000,0,88,999.000,0.0,1.0
2056/3/9,12:00,?9?9?9?9E0?9?9?9?9*9?9*9?9?9?9?9?9?9*9*_?9*9*9?9?9,34.6,25.4,59,101010,9999,9999,435,932,779,208,999900,999900,999900,99990,180,1.4,0,0,999.0,999,9,'999999999,0,0.0000,0,88,999.000,0.0,1.0
2056/3/9,13:00,?9?9?9?9E0?9?9?9?9*9?9*9?9?9?9?9?9?9*9*_?9*9*9?9?9,34.0,18.5,40,101010,9999,9999,422,1003,849,195,999900,999900,999900,99990,180,1.5,0,0,999.0,999,9,'999999999,0,0.0000,0,88,999.000,0.0,1.0
2056/3/9,14:00,?9?9?9?9E0?9?9?9?9*9?9*9?9?9?9?9?9?9*9*_?9*9*9?9?9,34.2,24.2,56,100910,9999,9999,439,892,743,217,999900,999900,999900,99990,180,1.2,1,1,999.0,999,9,'999999999,0,0.0000,0,88,999.000,0.0,1.0
2056/3/9,15:00,?9?9?9?9E0?9?9?9?9*9?9*9?9?9?9?9?9?9*9*_?9*9*9?9?9,34.0,24.9,59,100910,9999,9999,445,752,677,209,999900,999900,999900,99990,110,1.4,2,2,999.0,999,9,'999999999,0,0.0000,0,88,999.000,0.0,1.0
2056/3/9,16:00,?9?9?9?9E0?9?9?9?9*9?9*9?9?9?9?9?9?9*9*_?9*9*9?9?9,33.5,24.1,58,100910,9999,9999,445,558,582,186,999900,999900,999900,99990,110,1.4,3,3,999.0,999,9,'999999999,0,0.0000,0,88,999.000,0.0,1.0
2056/3/9,17:00,?9?9?9?9E0?9?9?9?9*9?9*9?9?9?9?9?9?9*9*_?9*9*9?9?9,32.3,21.5,53,100910,9999,9999,435,354,493,141,999900,999900,999900,99990,110,1.0,3,3,999.0,999,9,'999999999,0,0.0000,0,88,999.000,0.0,1.0
2056/3/9,18:00,?9?9?9?9E0?9?9?9?9*9?9*9?9?9?9?9?9?9*9*_?9*9*9?9?9,30.8,25.4,73,100910,9999,9999,432,117,202,78,999900,999900,999900,99990,180,0.9,3,3,999.0,999,9,'999999999,0,0.0000,0,88,999.000,0.0,1.0
2056/3/9,19:00,?9?9?9?9E0?9?9?9?9*9?9*9?9?9?9?9?9?9*9*_?9*9*9?9?9,29.6,26.6,84,100910,9999,9999,426,3,0,3,999900,999900,999900,99990,180,0.4,3,3,999.0,999,9,'999999999,0,0.0000,0,88,999.000,0.0,1.0
2056/3/9,20:00,?9?9?9?9E0?9?9?9?9*9?9*9?9?9?9?9?9?9*9*_?9*9*9?9?9,28.7,25.5,83,101010,9999,9999,416,0,0,0,999900,999900,999900,99990,180,0.4,2,2,999.0,999,9,'999999999,0,0.0000,0,88,999.000,0.0,1.0
2056/3/9,21:00,?9?9?9?9E0?9?9?9?9*9?9*9?9?9?9?9?9?9*9*_?9*9*9?9?9,28.0,24.7,82,101110,9999,9999,405,0,0,0,999900,999900,999900,99990,200,0.4,1,1,999.0,999,9,'999999999,0,0.0000,0,88,999.000,0.0,1.0
2056/3/9,22:00,?9?9?9?9E0?9?9?9?9*9?9*9?9?9?9?9?9?9*9*_?9*9*9?9?9,27.4,24.9,86,101110,9999,9999,395,0,0,0,999900,999900,999900,99990,200,0.4,0,0,999.0,999,9,'999999999,0,0.0000,0,88,999.000,0.0,1.0
2056/3/9,23:00,?9?9?9?9E0?9?9?9?9*9?9*9?9?9?9?9?9?9*9*_?9*9*9?9?9,26.9,24.8,88,101110,9999,9999,392,0,0,0,999900,999900,999900,99990,200,0.2,0,0,999.0,999,9,'999999999,0,0.0000,0,88,999.000,0.0,1.0
2056/3/9,24:00,?9?9?9?9E0?9?9?9?9*9?9*9?9?9?9?9?9?9*9*_?9*9*9?9?9,26.3,24.9,92,101210,9999,9999,389,0,0,0,999900,999900,999900,99990,200,0.2,0,0,999.0,999,9,'999999999,0,0.0000,0,88,999.000,0.0,1.0
2056/3/10,01:00,?9?9?9?9E0?9?9?9?9*9?9*9?9?9?9?9?9?9*9*_?9*9*9?9?9,25.9,24.5,92,101210,9999,9999,387,0,0,0,999900,999900,999900,99990,200,0.2,0,0,999.0,999,9,'999999999,0,0.0000,0,88,999.000,0.0,1.0
2056/3/10,02:00,?9?9?9?9E0?9?9?9?9*9?9*9?9?9?9?9?9?9*9*_?9*9*9?9?9,25.9,24.7,93,101110,9999,9999,387,0,0,0,999900,999900,999900,99990,200,0.3,0,0,999.0,999,9,'999999999,0,0.0000,0,88,999.000,0.0,1.0
2056/3/10,03:00,?9?9?9?9E0?9?9?9?9*9?9*9?9?9?9?9?9?9*9*_?9*9*9?9?9,25.4,24.2,93,101010,9999,9999,384,0,0,0,999900,999900,999900,99990,200,0.2,0,0,999.0,999,9,'999999999,0,0.0000,0,88,999.000,0.0,1.0
2056/3/10,04:00,?9?9?9?9E0?9?9?9?9*9?9*9?9?9?9?9?9?9*9*_?9*9*9?9?9,24.9,24.1,95,101010,9999,9999,388,0,0,0,999900,999900,999900,99990,200,0.5,1,1,999.0,999,9,'999999999,0,0.0000,0,88,999.000,0.0,1.0
2056/3/10,05:00,?9?9?9?9E0?9?9?9?9*9?9*9?9?9?9?9?9?9*9*_?9*9*9?9?9,24.6,23.8,95,101010,9999,9999,386,0,0,0,999900,999900,999900,99990,200,0.4,1,1,999.0,999,9,'999999999,0,0.0000,0,88,999.000,0.0,1.0
2056/3/10,06:00,?9?9?9?9E0?9?9?9?9*9?9*9?9?9?9?9?9?9*9*_?9*9*9?9?9,24.2,23.4,95,101110,9999,9999,384,0,0,0,999900,999900,999900,99990,200,0.5,1,1,999.0,999,9,'999999999,0,0.0000,0,88,999.000,0.0,1.0
2056/3/10,07:00,?9?9?9?9E0?9?9?9?9*9?9*9?9?9?9?9?9?9*9*_?9*9*9?9?9,24.4,23.4,94,101110,9999,9999,385,19,0,19,999900,999900,999900,99990,200,0.4,1,1,999.0,999,9,'999999999,0,0.0000,0,88,999.000,0.0,1.0
2056/3/10,08:00,?9?9?9?9E0?9?9?9?9*9?9*9?9?9?9?9?9?9*9*_?9*9*9?9?9,26.2,24.4,90,101110,9999,9999,401,199,336,107,999900,999900,999900,99990,200,0.4,2,2,999.0,999,9,'999999999,0,0.0000,0,88,999.000,0.0,1.0
2056/3/10,09:00,?9?9?9?9E0?9?9?9?9*9?9*9?9?9?9?9?9?9*9*_?9*9*9?9?9,28.1,24.1,79,101110,9999,9999,415,432,554,153,999900,999900,999900,99990,270,0.3,3,3,999.0,999,9,'999999999,0,0.0000,0,88,999.000,0.0,1.0
2056/3/10,10:00,?9?9?9?9E0?9?9?9?9*9?9*9?9?9?9?9?9?9*9*_?9*9*9?9?9,30.6,23.8,67,101210,9999,9999,428,654,681,178,999900,999900,999900,99990,270,0.5,3,3,999.0,999,9,'999999999,0,0.0000,0,88,999.000,0.0,1.0
2056/3/10,11:00,?9?9?9?9E0?9?9?9?9*9?9*9?9?9?9?9?9?9*9*_?9*9*9?9?9,32.0,23.0,59,101210,9999,9999,435,822,740,198,999900,999900,999900,99990,270,0.2,3,3,999.0,999,9,'999999999,0,0.0000,0,88,999.000,0.0,1.0
2056/3/10,12:00,?9?9?9?9E0?9?9?9?9*9?9*9?9?9?9?9?9?9*9*_?9*9*9?9?9,34.0,19.3,42,101210,9999,9999,442,963,831,190,999900,999900,999900,99990,90,0.4,3,3,999.0,999,9,'999999999,0,0.0000,0,88,999.000,0.0,1.0
2056/3/10,13:00,?9?9?9?9E0?9?9?9?9*9?9*9?9?9?9?9?9?9*9*_?9*9*9?9?9,35.1,16.4,33,101110,9999,9999,440,1010,873,178,999900,999900,999900,99990,90,0.7,2,2,999.0,999,9,'999999999,0,0.0000,0,88,999.000,0.0,1.0
2056/3/10,14:00,?9?9?9?9E0?9?9?9?9*9?9*9?9?9?9?9?9?9*9*_?9*9*9?9?9,35.8,12.7,25,101010,9999,9999,433,973,899,155,999900,999900,999900,99990,90,0.9,1,1,999.0,999,9,'999999999,0,0.0000,0,88,999.000,0.0,1.0
2056/3/10,15:00,?9?9?9?9E0?9?9?9?9*9?9*9?9?9?9?9?9?9*9*_?9*9*9?9?9,35.3,9.0,20,100910,9999,9999,417,853,898,132,999900,999900,999900,99990,50,1.0,0,0,999.0,999,9,'999999999,0,0.0000,0,88,999.000,0.0,1.0
2056/3/10,16:00,?9?9?9?9E0?9?9?9?9*9?9*9?9?9?9?9?9?9*9*_?9*9*9?9?9,33.8,12.2,27,100810,9999,9999,413,644,818,121,999900,999900,999900,99990,50,1.4,0,0,999.0,999,9,'999999999,0,0.0000,0,88,999.000,0.0,1.0
2056/3/10,17:00,?9?9?9?9E0?9?9?9?9*9?9*9?9?9?9?9?9?9*9*_?9*9*9?9?9,32.3,19.2,46,100810,9999,9999,414,379,607,117,999900,999900,999900,99990,50,1.2,0,0,999.0,999,9,'999999999,0,0.0000,0,88,999.000,0.0,1.0
2056/3/10,18:00,?9?9?9?9E0?9?9?9?9*9?9*9?9?9?9?9?9?9*9*_?9*9*9?9?9,30.9,25.0,71,100810,9999,9999,414,124,247,76,999900,999900,999900,99990,90,1.0,0,0,999.0,999,9,'999999999,0,0.0000,0,88,999.000,0.0,1.0
2056/3/10,19:00,?9?9?9?9E0?9?9?9?9*9?9*9?9?9?9?9?9?9*9*_?9*9*9?9?9,29.6,25.2,77,100810,9999,9999,407,3,0,3,999900,999900,999900,99990,90,0.7,0,0,999.0,999,9,'999999999,0,0.0000,0,88,999.000,0.0,1.0
2056/3/10,20:00,?9?9?9?9E0?9?9?9?9*9?9*9?9?9?9?9?9?9*9*_?9*9*9?9?9,28.6,25.2,82,100910,9999,9999,402,0,0,0,999900,999900,999900,99990,90,0.4,0,0,999.0,999,9,'999999999,0,0.0000,0,88,999.000,0.0,1.0
2056/3/10,21:00,?9?9?9?9E0?9?9?9?9*9?9*9?9?9?9?9?9?9*9*_?9*9*9?9?9,27.6,25.1,86,100910,9999,9999,396,0,0,0,999900,999900,999900,99990,90,0.6,0,0,999.0,999,9,'999999999,0,0.0000,0,88,999.000,0.0,1.0
2056/3/10,22:00,?9?9?9?9E0?9?9?9?9*9?9*9?9?9?9?9?9?9*9*_?9*9*9?9?9,27.1,24.4,85,101010,9999,9999,393,0,0,0,999900,999900,999900,99990,90,0.4,0,0,999.0,999,9,'999999999,0,0.0000,0,88,999.000,0.0,1.0
2056/3/10,23:00,?9?9?9?9E0?9?9?9?9*9?9*9?9?9?9?9?9?9*9*_?9*9*9?9?9,26.2,24.1,88,101110,9999,9999,388,0,0,0,999900,999900,999900,99990,90,0.3,0,0,999.0,999,9,'999999999,0,0.0000,0,88,999.000,0.0,1.0
2056/3/10,24:00,?9?9?9?9E0?9?9?9?9*9?9*9?9?9?9?9?9?9*9*_?9*9*9?9?9,25.5,24.3,93,101110,9999,9999,384,0,0,0,999900,999900,999900,99990,140,0.2,0,0,999.0,999,9,'999999999,0,0.0000,0,88,999.000,0.0,1.0
2056/3/11,01:00,?9?9?9?9E0?9?9?9?9*9?9*9?9?9?9?9?9?9*9*_?9*9*9?9?9,25.5,24.1,92,101110,9999,9999,384,0,0,0,999900,999900,999900,99990,140,0.4,0,0,999.0,999,9,'999999999,0,0.0000,0,88,999.000,0.0,1.0
2056/3/11,02:00,?9?9?9?9E0?9?9?9?9*9?9*9?9?9?9?9?9?9*9*_?9*9*9?9?9,25.3,23.7,91,101010,9999,9999,383,0,0,0,999900,999900,999900,99990,140,0.3,0,0,999.0,999,9,'999999999,0,0.0000,0,88,999.000,0.0,1.0
2056/3/11,03:00,?9?9?9?9E0?9?9?9?9*9?9*9?9?9?9?9?9?9*9*_?9*9*9?9?9,25.0,23.6,92,101010,9999,9999,381,0,0,0,999900,999900,999900,99990,290,0.3,0,0,999.0,999,9,'999999999,0,0.0000,0,88,999.000,0.0,1.0
2056/3/11,04:00,?9?9?9?9E0?9?9?9?9*9?9*9?9?9?9?9?9?9*9*_?9*9*9?9?9,25.0,24.0,94,100910,9999,9999,381,0,0,0,999900,999900,999900,99990,290,0.3,0,0,999.0,999,9,'999999999,0,0.0000,0,88,999.000,0.0,1.0
2056/3/11,05:00,?9?9?9?9E0?9?9?9?9*9?9*9?9?9?9?9?9?9*9*_?9*9*9?9?9,24.7,23.7,94,100910,9999,9999,387,0,0,0,999900,999900,999900,99990,290,0.3,1,1,999.0,999,9,'999999999,0,0.0000,0,88,999.000,0.0,1.0
2056/3/11,06:00,?9?9?9?9E0?9?9?9?9*9?9*9?9?9?9?9?9?9*9*_?9*9*9?9?9,24.3,23.6,96,100910,9999,9999,390,0,0,0,999900,999900,999900,99990,290,0.3,2,2,999.0,999,9,'999999999,0,0.0000,0,88,999.000,0.0,1.0
2056/3/11,07:00,?9?9?9?9E0?9?9?9?9*9?9*9?9?9?9?9?9?9*9*_?9*9*9?9?9,24.6,23.9,96,101010,9999,9999,396,19,0,19,999900,999900,999900,99990,290,0.3,3,3,999.0,999,9,'999999999,0,0.0000,0,88,999.000,0.0,1.0
2056/3/11,08:00,?9?9?9?9E0?9?9?9?9*9?9*9?9?9?9?9?9?9*9*_?9*9*9?9?9,26.5,24.4,88,101010,9999,9999,406,198,306,113,999900,999900,999900,99990,290,0.5,3,3,999.0,999,9,'999999999,0,0.0000,0,88,999.000,0.0,1.0
2056/3/11,09:00,?9?9?9?9E0?9?9?9?9*9?9*9?9?9?9?9?9?9*9*_?9*9*9?9?9,28.4,24.6,80,101110,9999,9999,417,432,528,165,999900,999900,999900,99990,230,0.3,3,3,999.0,999,9,'999999999,0,0.0000,0,88,999.000,0.0,1.0
2056/3/11,10:00,?9?9?9?9E0?9?9?9?9*9?9*9?9?9?9?9?9?9*9*_?9*9*9?9?9,30.9,24.3,68,101110,9999,9999,431,653,656,193,999900,999900,999900,99990,230,0.4,3,3,999.0,999,9,'999999999,0,0.0000,0,88,999.000,0.0,1.0
2056/3/11,11:00,?9?9?9?9E0?9?9?9?9*9?9*9?9?9?9?9?9?9*9*_?9*9*9?9?9,32.1,23.6,61,101110,9999,9999,437,820,714,216,999900,999900,999900,99990,230,0.4,3,3,999.0,999,9,'999999999,0,0.0000,0,88,999.000,0.0,1.0
2056/3/11,12:00,?9?9?9?9E0?9?9?9?9*9?9*9?9?9?9?9?9?9*9*_?9*9*9?9?9,33.9,21.0,47,101110,9999,9999,444,951,783,220,999900,999900,999900,99990,180,0.5,3,3,999.0,999,9,'999999999,0,0.0000,0,88,999.000,0.0,1.0
2056/3/11,13:00,?9?9?9?9E0?9?9?9?9*9?9*9?9?9?9?9?9?9*9*_?9*9*9?9?9,35.6,22.6,47,101010,9999,9999,459,920,688,263,999900,999900,999900,99990,180,1.1,4,4,999.0,999,9,'999999999,0,0.0000,0,88,999.000,0.0,1.0
2056/3/11,14:00,?9?9?9?9E0?9?9?9?9*9?9*9?9?9?9?9?9?9*9*_?9*9*9?9?9,34.0,24.3,57,100910,9999,9999,452,837,620,272,999900,999900,999900,99990,180,1.6,4,4,999.0,999,9,'999999999,0,0.0000,0,88,999.000,0.0,1.0
2056/3/11,15:00,?9?9?9?9E0?9?9?9?9*9?9*9?9?9?9?9?9?9*9*_?9*9*9?9?9,33.3,22.4,53,100810,9999,9999,446,733,623,232,999900,999900,999900,99990,160,1.5,4,4,999.0,999,9,'999999999,0,0.0000,0,88,999.000,0.0,1.0
2056/3/11,16:00,?9?9?9?9E0?9?9?9?9*9?9*9?9?9?9?9?9?9*9*_?9*9*9?9?9,33.1,21.9,52,100710,9999,9999,440,582,626,181,999900,999900,999900,99990,160,1.4,3,3,999.0,999,9,'999999999,0,0.0000,0,88,999.000,0.0,1.0
2056/3/11,17:00,?9?9?9?9E0?9?9?9?9*9?9*9?9?9?9?9?9?9*9*_?9*9*9?9?9,31.9,23.7,62,100710,9999,9999,436,344,450,149,999900,999900,999900,99990,160,1.0,3,3,999.0,999,9,'999999999,0,0.0000,0,88,999.000,0.0,1.0
2056/3/11,18:00,?9?9?9?9E0?9?9?9?9*9?9*9?9?9?9?9?9?9*9*_?9*9*9?9?9,30.5,24.4,70,100710,9999,9999,429,119,201,80,999900,999900,999900,99990,160,0.9,3,3,999.0,999,9,'999999999,0,0.0000,0,88,999.000,0.0,1.0
2056/3/11,19:00,?9?9?9?9E0?9?9?9?9*9?9*9?9?9?9?9?9?9*9*_?9*9*9?9?9,29.4,26.0,82,100710,9999,9999,425,3,0,3,999900,999900,999900,99990,160,0.7,3,3,999.0,999,9,'999999999,0,0.0000,0,88,999.000,0.0,1.0
2056/3/11,20:00,?9?9?9?9E0?9?9?9?9*9?9*9?9?9?9?9?9?9*9*_?9*9*9?9?9,28.7,25.9,85,100810,9999,9999,420,0,0,0,999900,999900,999900,99990,160,0.4,3,3,999.0,999,9,'999999999,0,0.0000,0,88,999.000,0.0,1.0
2056/3/11,21:00,?9?9?9?9E0?9?9?9?9*9?9*9?9?9?9?9?9?9*9*_?9*9*9?9?9,28.2,26.2,89,100910,9999,9999,418,0,0,0,999900,999900,999900,99990,160,0.3,3,3,999.0,999,9,'999999999,0,0.0000,0,88,999.000,0.0,1.0
2056/3/11,22:00,?9?9?9?9E0?9?9?9?9*9?9*9?9?9?9?9?9?9*9*_?9*9*9?9?9,27.6,26.4,93,100910,9999,9999,411,0,0,0,999900,999900,999900,99990,160,0.3,2,2,999.0,999,9,'999999999,0,0.0000,0,88,999.000,0.0,1.0
2056/3/11,23:00,?9?9?9?9E0?9?9?9?9*9?9*9?9?9?9?9?9?9*9*_?9*9*9?9?9,27.2,26.3,95,100910,9999,9999,409,0,0,0,999900,999900,999900,99990,160,0.2,2,2,999.0,999,9,'999999999,0,0.0000,0,88,999.000,0.0,1.0
2056/3/11,24:00,?9?9?9?9E0?9?9?9?9*9?9*9?9?9?9?9?9?9*9*_?9*9*9?9?9,26.7,26.0,96,100910,9999,9999,406,0,0,0,999900,999900,999900,99990,160,0.2,2,2,999.0,999,9,'999999999,0,0.0000,0,88,999.000,0.0,1.0
2056/3/12,01:00,?9?9?9?9E0?9?9?9?9*9?9*9?9?9?9?9?9?9*9*_?9*9*9?9?9,26.5,26.0,97,100910,9999,9999,399,0,0,0,999900,999900,999900,99990,160,0.2,1,1,999.0,999,9,'999999999,0,0.0000,0,88,999.000,0.0,1.0
2056/3/12,02:00,?9?9?9?9E0?9?9?9?9*9?9*9?9?9?9?9?9?9*9*_?9*9*9?9?9,26.2,25.7,97,100910,9999,9999,397,0,0,0,999900,999900,999900,99990,160,0.2,1,1,999.0,999,9,'999999999,0,0.0000,0,88,999.000,0.0,1.0
2056/3/12,03:00,?9?9?9?9E0?9?9?9?9*9?9*9?9?9?9?9?9?9*9*_?9*9*9?9?9,25.9,25.4,97,100910,9999,9999,395,0,0,0,999900,999900,999900,99990,160,0.2,1,1,999.0,999,9,'999999999,0,0.0000,0,88,999.000,0.0,1.0
2056/3/12,04:00,?9?9?9?9E0?9?9?9?9*9?9*9?9?9?9?9?9?9*9*_?9*9*9?9?9,25.8,25.3,97,100910,9999,9999,394,0,0,0,999900,999900,999900,99990,160,0.2,1,1,999.0,999,9,'999999999,0,0.0000,0,88,999.000,0.0,1.0
2056/3/12,05:00,?9?9?9?9E0?9?9?9?9*9?9*9?9?9?9?9?9?9*9*_?9*9*9?9?9,26.0,25.5,97,100910,9999,9999,405,0,0,0,999900,999900,999900,99990,160,0.6,3,3,999.0,999,9,'999999999,0,0.0000,0,88,999.000,0.0,1.0
2056/3/12,06:00,?9?9?9?9E0?9?9?9?9*9?9*9?9?9?9?9?9?9*9*_?9*9*9?9?9,25.9,25.4,97,100910,9999,9999,408,0,0,0,999900,999900,999900,99990,160,0.5,4,4,999.0,999,9,'999999999,0,0.0000,0,88,999.000,0.0,1.0
2056/3/12,07:00,?9?9?9?9E0?9?9?9?9*9?9*9?9?9?9?9?9?9*9*_?9*9*9?9?9,26.2,25.7,97,100910,9999,9999,413,16,0,16,999900,999900,999900,99990,160,0.6,5,5,999.0,999,9,'999999999,0,0.0000,0,88,999.000,0.0,1.0
2056/3/12,08:00,?9?9?9?9E0?9?9?9?9*9?9*9?9?9?9?9?9?9*9*_?9*9*9?9?9,27.1,26.1,94,101010,9999,9999,418,175,188,122,999900,999900,999900,99990,160,0.3,5,5,999.0,999,9,'999999999,0,0.0000,0,88,999.000,0.0,1.0
2056/3/12,09:00,?9?9?9?9E0?9?9?9?9*9?9*9?9?9?9?9?9?9*9*_?9*9*9?9?9,29.6,26.8,85,101010,9999,9999,433,391,377,199,999900,999900,999900,99990,160,0.7,5,5,999.0,999,9,'999999999,0,0.0000,0,88,999.000,0.0,1.0
2056/3/12,10:00,?9?9?9?9E0?9?9?9?9*9?9*9?9?9?9?9?9?9*9*_?9*9*9?9?9,31.5,24.1,65,101110,9999,9999,441,617,545,233,999900,999900,999900,99990,160,0.6,5,5,999.0,999,9,'999999999,0,0.0000,0,88,999.000,0.0,1.0
2056/3/12,11:00,?9?9?9?9E0?9?9?9?9*9?9*9?9?9?9?9?9?9*9*_?9*9*9?9?9,33.4,22.2,52,101010,9999,9999,449,786,622,258,999900,999900,999900,99990,160,0.8,5,5,999.0,999,9,'999999999,0,0.0000,0,88,999.000,0.0,1.0
2056/3/12,12:00,?9?9?9?9E0?9?9?9?9*9?9*9?9?9?9?9?9?9*9*_?9*9*9?9?9,34.4,22.5,50,101010,9999,9999,455,884,648,278,999900,999900,999900,99990,200,1.2,5,5,999.0,999,9,'999999999,0,0.0000,0,88,999.000,0.0,1.0
2056/3/12,13:00,?9?9?9?9E0?9?9?9?9*9?9*9?9?9?9?9?9?9*9*_?9*9*9?9?9,34.8,15.7,32,101010,9999,9999,448,941,706,265,999900,999900,999900,99990,200,1.1,5,5,999.0,999,9,'999999999,0,0.0000,0,88,999.000,0.0,1.0
2056/3/12,14:00,?9?9?9?9E0?9?9?9?9*9?9*9?9?9?9?9?9?9*9*_?9*9*9?9?9,35.6,11.3,23,100910,9999,9999,450,857,639,274,999900,999900,999900,99990,200,1.4,6,6,999.0,999,9,'999999999,0,0.0000,0,88,999.000,0.0,1.0
2056/3/12,15:00,?9?9?9?9E0?9?9?9?9*9?9*9?9?9?9?9?9?9*9*_?9*9*9?9?9,35.4,9.0,20,100810,9999,9999,451,688,512,275,999900,999900,999900,99990,160,0.8,7,7,999.0,999,9,'999999999,0,0.0000,0,88,999.000,0.0,1.0
2056/3/12,16:00,?9?9?9?9E0?9?9?9?9*9?9*9?9?9?9?9?9?9*9*_?9*9*9?9?9,34.6,9.1,21,100710,9999,9999,447,520,454,228,999900,999900,999900,99990,160,0.8,7,7,999.0,999,9,'999999999,0,0.0000,0,88,999.000,0.0,1.0
2056/3/12,17:00,?9?9?9?9E0?9?9?9?9*9?9*9?9?9?9?9?9?9*9*_?9*9*9?9?9,33.5,11.4,26,100710,9999,9999,438,343,424,159,999900,999900,999900,99990,160,0.5,6,6,999.0,999,9,'999999999,0,0.0000,0,88,999.000,0.0,1.0
2056/3/12,18:00,?9?9?9?9E0?9?9?9?9*9?9*9?9?9?9?9?9?9*9*_?9*9*9?9?9,31.5,21.4,55,100710,9999,9999,437,117,181,82,999900,999900,999900,99990,230,0.5,5,5,999.0,999,9,'999999999,0,0.0000,0,88,999.000,0.0,1.0
2056/3/12,19:00,?9?9?9?9E0?9?9?9?9*9?9*9?9?9?9?9?9?9*9*_?9*9*9?9?9,30.0,26.2,80,100710,9999,9999,431,3,0,3,999900,999900,999900,99990,230,0.5,4,4,999.0,999,9,'999999999,0,0.0000,0,88,999.000,0.0,1.0
2056/3/12,20:00,?9?9?9?9E0?9?9?9?9*9?9*9?9?9?9?9?9?9*9*_?9*9*9?9?9,29.3,26.7,86,100810,9999,9999,421,0,0,0,999900,999900,999900,99990,230,0.3,2,2,999.0,999,9,'999999999,0,0.0000,0,88,999.000,0.0,1.0
2056/3/12,21:00,?9?9?9?9E0?9?9?9?9*9?9*9?9?9?9?9?9?9*9*_?9*9*9?9?9,28.5,26.7,90,100810,9999,9999,403,0,0,0,999900,999900,999900,99990,160,0.2,0,0,999.0,999,9,'999999999,0,0.0000,0,88,999.000,0.0,1.0
2056/3/12,22:00,?9?9?9?9E0?9?9?9?9*9?9*9?9?9?9?9?9?9*9*_?9*9*9?9?9,28.0,26.8,93,100910,9999,9999,400,0,0,0,999900,999900,999900,99990,160,0.2,0,0,999.0,999,9,'999999999,0,0.0000,0,88,999.000,0.0,1.0
2056/3/12,23:00,?9?9?9?9E0?9?9?9?9*9?9*9?9?9?9?9?9?9*9*_?9*9*9?9?9,27.5,26.3,93,100910,9999,9999,397,0,0,0,999900,999900,999900,99990,160,0.1,0,0,999.0,999,9,'999999999,0,0.0000,0,88,999.000,0.0,1.0
2056/3/12,24:00,?9?9?9?9E0?9?9?9?9*9?9*9?9?9?9?9?9?9*9*_?9*9*9?9?9,27.1,26.6,97,101010,9999,9999,395,0,0,0,999900,999900,999900,99990,160,0.1,0,0,999.0,999,9,'999999999,0,0.0000,0,88,999.000,0.0,1.0
2056/3/13,01:00,?9?9?9?9E0?9?9?9?9*9?9*9?9?9?9?9?9?9*9*_?9*9*9?9?9,26.7,26.2,97,100910,9999,9999,393,0,0,0,999900,999900,999900,99990,160,0.1,0,0,999.0,999,9,'999999999,0,0.0000,0,88,999.000,0.0,1.0
2056/3/13,02:00,?9?9?9?9E0?9?9?9?9*9?9*9?9?9?9?9?9?9*9*_?9*9*9?9?9,26.2,25.7,97,100910,9999,9999,390,0,0,0,999900,999900,999900,99990,160,0.1,0,0,999.0,999,9,'999999999,0,0.0000,0,88,999.000,0.0,1.0
2056/3/13,03:00,?9?9?9?9E0?9?9?9?9*9?9*9?9?9?9?9?9?9*9*_?9*9*9?9?9,25.8,25.5,98,100810,9999,9999,387,0,0,0,999900,999900,999900,99990,160,0.4,0,0,999.0,999,9,'999999999,0,0.0000,0,88,999.000,0.0,1.0
2056/3/13,04:00,?9?9?9?9E0?9?9?9?9*9?9*9?9?9?9?9?9?9*9*_?9*9*9?9?9,25.3,25.0,98,100810,9999,9999,384,0,0,0,999900,999900,999900,99990,160,0.4,0,0,999.0,999,9,'999999999,0,0.0000,0,88,999.000,0.0,1.0
2056/3/13,05:00,?9?9?9?9E0?9?9?9?9*9?9*9?9?9?9?9?9?9*9*_?9*9*9?9?9,25.4,24.2,93,100810,9999,9999,391,0,0,0,999900,999900,999900,99990,160,0.4,1,1,999.0,999,9,'999999999,0,0.0000,0,88,999.000,0.0,1.0
2056/3/13,06:00,?9?9?9?9E0?9?9?9?9*9?9*9?9?9?9?9?9?9*9*_?9*9*9?9?9,25.2,24.9,98,100810,9999,9999,396,0,0,0,999900,999900,999900,99990,160,0.3,2,2,999.0,999,9,'999999999,0,0.0000,0,88,999.000,0.0,1.0
2056/3/13,07:00,?9?9?9?9E0?9?9?9?9*9?9*9?9?9?9?9?9?9*9*_?9*9*9?9?9,24.9,24.6,98,100810,9999,9999,394,22,0,22,999900,999900,999900,99990,160,0.2,2,2,999.0,999,9,'999999999,0,0.0000,0,88,999.000,0.0,1.0
2056/3/13,08:00,?9?9?9?9E0?9?9?9?9*9?9*9?9?9?9?9?9?9*9*_?9*9*9?9?9,26.7,26.2,97,100910,9999,9999,406,199,308,112,999900,999900,999900,99990,160,0.1,2,2,999.0,999,9,'999999999,0,0.0000,0,88,999.000,0.0,1.0
2056/3/13,09:00,?9?9?9?9E0?9?9?9?9*9?9*9?9?9?9?9?9?9*9*_?9*9*9?9?9,29.5,25.5,79,100910,9999,9999,420,447,576,152,999900,999900,999900,99990,160,0.6,2,2,999.0,999,9,'999999999,0,0.0000,0,88,999.000,0.0,1.0
2056/3/13,10:00,?9?9?9?9E0?9?9?9?9*9?9*9?9?9?9?9?9?9*9*_?9*9*9?9?9,31.6,23.2,61,100910,9999,9999,423,693,756,159,999900,999900,999900,99990,160,0.8,1,1,999.0,999,9,'999999999,0,0.0000,0,88,999.000,0.0,1.0
2056/3/13,11:00,?9?9?9?9E0?9?9?9?9*9?9*9?9?9?9?9?9?9*9*_?9*9*9?9?9,33.1,20.3,47,101010,9999,9999,428,885,847,164,999900,999900,999900,99990,160,1.0,1,1,999.0,999,9,'999999999,0,0.0000,0,88,999.000,0.0,1.0
2056/3/13,12:00,?9?9?9?9E0?9?9?9?9*9?9*9?9?9?9?9?9?9*9*_?9*9*9?9?9,34.0,18.9,41,101010,9999,9999,431,1007,890,173,999900,999900,999900,99990,140,1.0,1,1,999.0,999,9,'999999999,0,0.0000,0,88,999.000,0.0,1.0
2056/3/13,13:00,?9?9?9?9E0?9?9?9?9*9?9*9?9?9?9?9?9?9*9*_?9*9*9?9?9,33.6,22.7,53,101010,9999,9999,426,968,785,215,999900,999900,999900,99990,140,1.1,0,0,999.0,999,9,'999999999,0,0.0000,0,88,999.000,0.0,1.0
2056/3/13,14:00,?9?9?9?9E0?9?9?9?9*9?9*9?9?9?9?9?9?9*9*_?9*9*9?9?9,33.8,22.9,53,100910,9999,9999,427,904,754,215,999900,999900,999900,99990,140,1.3,0,0,999.0,999,9,'999999999,0,0.0000,0,88,999.000,0.0,1.0
2056/3/13,15:00,?9?9?9?9E0?9?9?9?9*9?9*9?9?9?9?9?9?9*9*_?9*9*9?9?9,33.6,23.0,54,100810,9999,9999,426,771,711,197,999900,999900,999900,99990,90,1.3,0,0,999.0,999,9,'999999999,0,0.0000,0,88,999.000,0.0,1.0
2056/3/13,16:00,?9?9?9?9E0?9?9?9?9*9?9*9?9?9?9?9?9?9*9*_?9*9*9?9?9,33.5,23.8,57,100710,9999,9999,427,575,622,175,999900,999900,999900,99990,90,1.0,0,0,999.0,999,9,'999999999,0,0.0000,0,88,999.000,0.0,1.0
2056/3/13,17:00,?9?9?9?9E0?9?9?9?9*9?9*9?9?9?9?9?9?9*9*_?9*9*9?9?9,32.1,23.6,61,100710,9999,9999,419,354,495,139,999900,999900,999900,99990,90,1.2,0,0,999.0,999,9,'999999999,0,0.0000,0,88,999.000,0.0,1.0
2056/3/13,18:00,?9?9?9?9E0?9?9?9?9*9?9*9?9?9?9?9?9?9*9*_?9*9*9?9?9,30.7,24.1,68,100710,9999,9999,412,126,242,79,999900,999900,999900,99990,140,0.7,0,0,999.0,999,9,'999999999,0,0.0000,0,88,999.000,0.0,1.0
2056/3/13,19:00,?9?9?9?9E0?9?9?9?9*9?9*9?9?9?9?9?9?9*9*_?9*9*9?9?9,29.4,24.7,76,100710,9999,9999,405,3,0,3,999900,999900,999900,99990,140,0.7,0,0,999.0,999,9,'999999999,0,0.0000,0,88,999.000,0.0,1.0
2056/3/13,20:00,?9?9?9?9E0?9?9?9?9*9?9*9?9?9?9?9?9?9*9*_?9*9*9?9?9,28.7,24.9,80,100810,9999,9999,402,0,0,0,999900,999900,999900,99990,140,0.4,0,0,999.0,999,9,'999999999,0,0.0000,0,88,999.000,0.0,1.0
2056/3/13,21:00,?9?9?9?9E0?9?9?9?9*9?9*9?9?9?9?9?9?9*9*_?9*9*9?9?9,28.2,25.3,84,100910,9999,9999,400,0,0,0,999900,999900,999900,99990,160,0.4,0,0,999.0,999,9,'999999999,0,0.0000,0,88,999.000,0.0,1.0
2056/3/13,22:00,?9?9?9?9E0?9?9?9?9*9?9*9?9?9?9?9?9?9*9*_?9*9*9?9?9,27.7,25.7,89,100910,9999,9999,397,0,0,0,999900,999900,999900,99990,160,0.4,0,0,999.0,999,9,'999999999,0,0.0000,0,88,999.000,0.0,1.0
2056/3/13,23:00,?9?9?9?9E0?9?9?9?9*9?9*9?9?9?9?9?9?9*9*_?9*9*9?9?9,27.3,25.7,91,101010,9999,9999,395,0,0,0,999900,999900,999900,99990,160,0.4,0,0,999.0,999,9,'999999999,0,0.0000,0,88,999.000,0.0,1.0
2056/3/13,24:00,?9?9?9?9E0?9?9?9?9*9?9*9?9?9?9?9?9?9*9*_?9*9*9?9?9,26.8,25.8,94,101010,9999,9999,393,0,0,0,999900,999900,999900,99990,160,0.4,0,0,999.0,999,9,'999999999,0,0.0000,0,88,999.000,0.0,1.0
2056/3/14,01:00,?9?9?9?9E0?9?9?9?9*9?9*9?9?9?9?9?9?9*9*_?9*9*9?9?9,26.7,25.7,94,101010,9999,9999,392,0,0,0,999900,999900,999900,99990,160,0.5,0,0,999.0,999,9,'999999999,0,0.0000,0,88,999.000,0.0,1.0
2056/3/14,02:00,?9?9?9?9E0?9?9?9?9*9?9*9?9?9?9?9?9?9*9*_?9*9*9?9?9,26.7,25.7,94,100910,9999,9999,392,0,0,0,999900,999900,999900,99990,160,0.5,0,0,999.0,999,9,'999999999,0,0.0000,0,88,999.000,0.0,1.0
2056/3/14,03:00,?9?9?9?9E0?9?9?9?9*9?9*9?9?9?9?9?9?9*9*_?9*9*9?9?9,26.4,25.4,94,100810,9999,9999,390,0,0,0,999900,999900,999900,99990,160,0.5,0,0,999.0,999,9,'999999999,0,0.0000,0,88,999.000,0.0,1.0
2056/3/14,04:00,?9?9?9?9E0?9?9?9?9*9?9*9?9?9?9?9?9?9*9*_?9*9*9?9?9,26.2,25.2,94,100810,9999,9999,389,0,0,0,999900,999900,999900,99990,160,0.4,0,0,999.0,999,9,'999999999,0,0.0000,0,88,999.000,0.0,1.0
2056/3/14,05:00,?9?9?9?9E0?9?9?9?9*9?9*9?9?9?9?9?9?9*9*_?9*9*9?9?9,25.8,24.8,94,100810,9999,9999,386,0,0,0,999900,999900,999900,99990,160,0.3,0,0,999.0,999,9,'999999999,0,0.0000,0,88,999.000,0.0,1.0
2056/3/14,06:00,?9?9?9?9E0?9?9?9?9*9?9*9?9?9?9?9?9?9*9*_?9*9*9?9?9,25.7,24.7,94,100810,9999,9999,386,0,0,0,999900,999900,999900,99990,160,0.2,0,0,999.0,999,9,'999999999,0,0.0000,0,88,999.000,0.0,1.0
2056/3/14,07:00,?9?9?9?9E0?9?9?9?9*9?9*9?9?9?9?9?9?9*9*_?9*9*9?9?9,25.6,24.6,94,100910,9999,9999,393,25,0,25,999900,999900,999900,99990,160,0.4,1,1,999.0,999,9,'999999999,0,0.0000,0,88,999.000,0.0,1.0
2056/3/14,08:00,?9?9?9?9E0?9?9?9?9*9?9*9?9?9?9?9?9?9*9*_?9*9*9?9?9,27.2,25.8,92,101010,9999,9999,408,207,333,112,999900,999900,999900,99990,160,0.3,2,2,999.0,999,9,'999999999,0,0.0000,0,88,999.000,0.0,1.0
2056/3/14,09:00,?9?9?9?9E0?9?9?9?9*9?9*9?9?9?9?9?9?9*9*_?9*9*9?9?9,29.2,25.8,82,101010,9999,9999,419,446,560,158,999900,999900,999900,99990,180,0.4,2,2,999.0,999,9,'999999999,0,0.0000,0,88,999.000,0.0,1.0
2056/3/14,10:00,?9?9?9?9E0?9?9?9?9*9?9*9?9?9?9?9?9?9*9*_?9*9*9?9?9,31.4,24.8,68,101110,9999,9999,430,676,705,176,999900,999900,999900,99990,180,0.7,2,2,999.0,999,9,'999999999,0,0.0000,0,88,999.000,0.0,1.0
2056/3/14,11:00,?9?9?9?9E0?9?9?9?9*9?9*9?9?9?9?9?9?9*9*_?9*9*9?9?9,33.1,22.3,53,101110,9999,9999,430,870,803,185,999900,999900,999900,99990,180,0.5,1,1,999.0,999,9,'999999999,0,0.0000,0,88,999.000,0.0,1.0
2056/3/14,12:00,?9?9?9?9E0?9?9?9?9*9?9*9?9?9?9?9?9?9*9*_?9*9*9?9?9,34.6,24.6,56,101110,9999,9999,434,948,778,217,999900,999900,999900,99990,180,0.6,0,0,999.0,999,9,'999999999,0,0.0000,0,88,999.000,0.0,1.0
2056/3/14,13:00,?9?9?9?9E0?9?9?9?9*9?9*9?9?9?9?9?9?9*9*_?9*9*9?9?9,34.8,24.7,56,101010,9999,9999,435,948,736,241,999900,999900,999900,99990,180,0.6,0,0,999.0,999,9,'999999999,0,0.0000,0,88,999.000,0.0,1.0
2056/3/14,14:00,?9?9?9?9E0?9?9?9?9*9?9*9?9?9?9?9?9?9*9*_?9*9*9?9?9,35.1,24.7,55,100810,9999,9999,437,890,719,232,999900,999900,999900,99990,180,1.0,0,0,999.0,999,9,'999999999,0,0.0000,0,88,999.000,0.0,1.0
2056/3/14,15:00,?9?9?9?9E0?9?9?9?9*9?9*9?9?9?9?9?9?9*9*_?9*9*9?9?9,34.1,24.4,57,100710,9999,9999,431,764,690,207,999900,999900,999900,99990,180,1.3,0,0,999.0,999,9,'999999999,0,0.0000,0,88,999.000,0.0,1.0
2056/3/14,16:00,?9?9?9?9E0?9?9?9?9*9?9*9?9?9?9?9?9?9*9*_?9*9*9?9?9,33.1,24.0,59,100610,9999,9999,425,580,626,177,999900,999900,999900,99990,180,1.6,0,0,999.0,999,9,'999999999,0,0.0000,0,88,999.000,0.0,1.0
2056/3/14,17:00,?9?9?9?9E0?9?9?9?9*9?9*9?9?9?9?9?9?9*9*_?9*9*9?9?9,32.1,24.7,65,100610,9999,9999,420,352,479,144,999900,999900,999900,99990,180,1.5,0,0,999.0,999,9,'999999999,0,0.0000,0,88,999.000,0.0,1.0
2056/3/14,18:00,?9?9?9?9E0?9?9?9?9*9?9*9?9?9?9?9?9?9*9*_?9*9*9?9?9,30.7,26.4,78,100610,9999,9999,414,121,211,80,999900,999900,999900,99990,140,1.4,0,0,999.0,999,9,'999999999,0,0.0000,0,88,999.000,0.0,1.0
2056/3/14,19:00,?9?9?9?9E0?9?9?9?9*9?9*9?9?9?9?9?9?9*9*_?9*9*9?9?9,29.8,26.6,83,100610,9999,9999,410,3,0,3,999900,999900,999900,99990,140,0.9,0,0,999.0,999,9,'999999999,0,0.0000,0,88,999.000,0.0,1.0
2056/3/14,20:00,?9?9?9?9E0?9?9?9?9*9?9*9?9?9?9?9?9?9*9*_?9*9*9?9?9,29.5,26.7,85,100710,9999,9999,416,0,0,0,999900,999900,999900,99990,140,0.8,1,1,999.0,999,9,'999999999,0,0.0000,0,88,999.000,0.0,1.0
2056/3/14,21:00,?9?9?9?9E0?9?9?9?9*9?9*9?9?9?9?9?9?9*9*_?9*9*9?9?9,29.2,26.8,87,100810,9999,9999,420,0,0,0,999900,999900,999900,99990,110,0.7,2,2,999.0,999,9,'999999999,0,0.0000,0,88,999.000,0.0,1.0
2056/3/14,22:00,?9?9?9?9E0?9?9?9?9*9?9*9?9?9?9?9?9?9*9*_?9*9*9?9?9,28.9,26.9,89,100910,9999,9999,423,0,0,0,999900,999900,999900,99990,110,0.6,3,3,999.0,999,9,'999999999,0,0.0000,0,88,999.000,0.0,1.0
2056/3/14,23:00,?9?9?9?9E0?9?9?9?9*9?9*9?9?9?9?9?9?9*9*_?9*9*9?9?9,28.5,27.1,92,100910,9999,9999,421,0,0,0,999900,999900,999900,99990,110,0.4,3,3,999.0,999,9,'999999999,0,0.0000,0,88,999.000,0.0,1.0
2056/3/14,24:00,?9?9?9?9E0?9?9?9?9*9?9*9?9?9?9?9?9?9*9*_?9*9*9?9?9,28.0,26.8,93,100910,9999,9999,418,0,0,0,999900,999900,999900,99990,110,0.4,3,3,999.0,999,9,'999999999,0,0.0000,0,88,999.000,0.0,1.0
2056/3/15,01:00,?9?9?9?9E0?9?9?9?9*9?9*9?9?9?9?9?9?9*9*_?9*9*9?9?9,27.5,26.5,94,100810,9999,9999,414,0,0,0,999900,999900,999900,99990,110,0.3,3,3,999.0,999,9,'999999999,0,0.0000,0,88,999.000,0.0,1.0
2056/3/15,02:00,?9?9?9?9E0?9?9?9?9*9?9*9?9?9?9?9?9?9*9*_?9*9*9?9?9,27.3,26.8,97,100810,9999,9999,414,0,0,0,999900,999900,999900,99990,110,0.3,3,3,999.0,999,9,'999999999,0,0.0000,0,88,999.000,0.0,1.0
2056/3/15,03:00,?9?9?9?9E0?9?9?9?9*9?9*9?9?9?9?9?9?9*9*_?9*9*9?9?9,26.8,26.3,97,100810,9999,9999,410,0,0,0,999900,999900,999900,99990,110,0.3,3,3,999.0,999,9,'999999999,0,0.0000,0,88,999.000,0.0,1.0
2056/3/15,04:00,?9?9?9?9E0?9?9?9?9*9?9*9?9?9?9?9?9?9*9*_?9*9*9?9?9,26.8,26.5,98,100810,9999,9999,411,0,0,0,999900,999900,999900,99990,110,0.3,3,3,999.0,999,9,'999999999,0,0.0000,0,88,999.000,0.0,1.0
2056/3/15,05:00,?9?9?9?9E0?9?9?9?9*9?9*9?9?9?9?9?9?9*9*_?9*9*9?9?9,26.5,26.2,98,100810,9999,9999,409,0,0,0,999900,999900,999900,99990,110,0.3,3,3,999.0,999,9,'999999999,0,0.0000,0,88,999.000,0.0,1.0
2056/3/15,06:00,?9?9?9?9E0?9?9?9?9*9?9*9?9?9?9?9?9?9*9*_?9*9*9?9?9,26.2,25.9,98,100810,9999,9999,407,0,0,0,999900,999900,999900,99990,110,0.2,3,3,999.0,999,9,'999999999,0,0.0000,0,88,999.000,0.0,1.0
2056/3/15,07:00,?9?9?9?9E0?9?9?9?9*9?9*9?9?9?9?9?9?9*9*_?9*9*9?9?9,26.6,26.3,98,100810,9999,9999,409,24,0,24,999900,999900,999900,99990,110,0.3,3,3,999.0,999,9,'999999999,0,0.0000,0,88,999.000,0.0,1.0
2056/3/15,08:00,?9?9?9?9E0?9?9?9?9*9?9*9?9?9?9?9?9?9*9*_?9*9*9?9?9,28.5,27.5,94,100910,9999,9999,425,193,237,125,999900,999900,999900,99990,110,0.5,4,4,999.0,999,9,'999999999,0,0.0000,0,88,999.000,0.0,1.0
2056/3/15,09:00,?9?9?9?9E0?9?9?9?9*9?9*9?9?9?9?9?9?9*9*_?9*9*9?9?9,30.6,29.5,94,101010,9999,9999,443,377,322,210,999900,999900,999900,99990,200,0.5,5,5,999.0,999,9,'999999999,0,0.0000,0,88,999.000,0.0,1.0
2056/3/15,10:00,?9?9?9?9E0?9?9?9?9*9?9*9?9?9?9?9?9?9*9*_?9*9*9?9?9,31.9,23.5,61,101010,9999,9999,446,596,471,261,999900,999900,999900,99990,200,0.6,6,6,999.0,999,9,'999999999,0,0.0000,0,88,999.000,0.0,1.0
2056/3/15,11:00,?9?9?9?9E0?9?9?9?9*9?9*9?9?9?9?9?9?9*9*_?9*9*9?9?9,32.9,23.3,57,101010,9999,9999,452,742,513,303,999900,999900,999900,99990,200,0.8,6,6,999.0,999,9,'999999999,0,0.0000,0,88,999.000,0.0,1.0
2056/3/15,12:00,?9?9?9?9E0?9?9?9?9*9?9*9?9?9?9?9?9?9*9*_?9*9*9?9?9,33.6,23.3,55,101010,9999,9999,456,832,532,331,999900,999900,999900,99990,200,0.8,6,6,999.0,999,9,'999999999,0,0.0000,0,88,999.000,0.0,1.0
2056/3/15,13:00,?9?9?9?9E0?9?9?9?9*9?9*9?9?9?9?9?9?9*9*_?9*9*9?9?9,34.1,22.2,50,101010,9999,9999,453,891,596,317,999900,999900,999900,99990,200,1.0,5,5,999.0,999,9,'999999999,0,0.0000,0,88,999.000,0.0,1.0
2056/3/15,14:00,?9?9?9?9E0?9?9?9?9*9?9*9?9?9?9?9?9?9*9*_?9*9*9?9?9,34.2,22.6,51,100910,9999,9999,454,826,575,298,999900,999900,999900,99990,200,1.4,5,5,999.0,999,9,'999999999,0,0.0000,0,88,999.000,0.0,1.0
2056/3/15,15:00,?9?9?9?9E0?9?9?9?9*9?9*9?9?9?9?9?9?9*9*_?9*9*9?9?9,33.6,20.4,46,100810,9999,9999,444,753,641,234,999900,999900,999900,99990,140,1.2,4,4,999.0,999,9,'999999999,0,0.0000,0,88,999.000,0.0,1.0
2056/3/15,16:00,?9?9?9?9E0?9?9?9?9*9?9*9?9?9?9?9?9?9*9*_?9*9*9?9?9,32.9,21.4,51,100710,9999,9999,438,583,613,188,999900,999900,999900,99990,140,1.4,3,3,999.0,999,9,'999999999,0,0.0000,0,88,999.000,0.0,1.0
2056/3/15,17:00,?9?9?9?9E0?9?9?9?9*9?9*9?9?9?9?9?9?9*9*_?9*9*9?9?9,32.3,22.1,55,100710,9999,9999,436,355,470,150,999900,999900,999900,99990,140,0.9,3,3,999.0,999,9,'999999999,0,0.0000,0,88,999.000,0.0,1.0
2056/3/15,18:00,?9?9?9?9E0?9?9?9?9*9?9*9?9?9?9?9?9?9*9*_?9*9*9?9?9,30.8,24.0,67,100710,9999,9999,430,124,211,83,999900,999900,999900,99990,110,1.0,3,3,999.0,999,9,'999999999,0,0.0000,0,88,999.000,0.0,1.0
2056/3/15,19:00,?9?9?9?9E0?9?9?9?9*9?9*9?9?9?9?9?9?9*9*_?9*9*9?9?9,30.0,24.6,73,100710,9999,9999,422,3,0,3,999900,999900,999900,99990,110,0.7,2,2,999.0,999,9,'999999999,0,0.0000,0,88,999.000,0.0,1.0
2056/3/15,20:00,?9?9?9?9E0?9?9?9?9*9?9*9?9?9?9?9?9?9*9*_?9*9*9?9?9,29.6,25.2,77,100810,9999,9999,415,0,0,0,999900,999900,999900,99990,110,0.4,1,1,999.0,999,9,'999999999,0,0.0000,0,88,999.000,0.0,1.0
2056/3/15,21:00,?9?9?9?9E0?9?9?9?9*9?9*9?9?9?9?9?9?9*9*_?9*9*9?9?9,29.1,25.5,81,100810,9999,9999,405,0,0,0,999900,999900,999900,99990,140,0.3,0,0,999.0,999,9,'999999999,0,0.0000,0,88,999.000,0.0,1.0
2056/3/15,22:00,?9?9?9?9E0?9?9?9?9*9?9*9?9?9?9?9?9?9*9*_?9*9*9?9?9,28.9,25.7,83,100910,9999,9999,404,0,0,0,999900,999900,999900,99990,140,0.3,0,0,999.0,999,9,'999999999,0,0.0000,0,88,999.000,0.0,1.0
2056/3/15,23:00,?9?9?9?9E0?9?9?9?9*9?9*9?9?9?9?9?9?9*9*_?9*9*9?9?9,28.6,25.6,84,100910,9999,9999,402,0,0,0,999900,999900,999900,99990,140,0.4,0,0,999.0,999,9,'999999999,0,0.0000,0,88,999.000,0.0,1.0
2056/3/15,24:00,?9?9?9?9E0?9?9?9?9*9?9*9?9?9?9?9?9?9*9*_?9*9*9?9?9,28.2,25.8,87,101010,9999,9999,400,0,0,0,999900,999900,999900,99990,140,0.6,0,0,999.0,999,9,'999999999,0,0.0000,0,88,999.000,0.0,1.0
2056/3/16,01:00,?9?9?9?9E0?9?9?9?9*9?9*9?9?9?9?9?9?9*9*_?9*9*9?9?9,28.1,25.7,87,101010,9999,9999,407,0,0,0,999900,999900,999900,99990,140,0.3,1,1,999.0,999,9,'999999999,0,0.0000,0,88,999.000,0.0,1.0
2056/3/16,02:00,?9?9?9?9E0?9?9?9?9*9?9*9?9?9?9?9?9?9*9*_?9*9*9?9?9,27.8,25.5,87,100910,9999,9999,405,0,0,0,999900,999900,999900,99990,140,0.0,1,1,999.0,999,9,'999999999,0,0.0000,0,88,999.000,0.0,1.0
2056/3/16,03:00,?9?9?9?9E0?9?9?9?9*9?9*9?9?9?9?9?9?9*9*_?9*9*9?9?9,27.2,25.6,91,100910,9999,9999,402,0,0,0,999900,999900,999900,99990,140,0.2,1,1,999.0,999,9,'999999999,0,0.0000,0,88,999.000,0.0,1.0
2056/3/16,04:00,?9?9?9?9E0?9?9?9?9*9?9*9?9?9?9?9?9?9*9*_?9*9*9?9?9,27.1,25.9,93,100810,9999,9999,402,0,0,0,999900,999900,999900,99990,140,0.1,1,1,999.0,999,9,'999999999,0,0.0000,0,88,999.000,0.0,1.0
2056/3/16,05:00,?9?9?9?9E0?9?9?9?9*9?9*9?9?9?9?9?9?9*9*_?9*9*9?9?9,26.7,25.5,93,100810,9999,9999,405,0,0,0,999900,999900,999900,99990,140,0.4,2,2,999.0,999,9,'999999999,0,0.0000,0,88,999.000,0.0,1.0
2056/3/16,06:00,?9?9?9?9E0?9?9?9?9*9?9*9?9?9?9?9?9?9*9*_?9*9*9?9?9,26.5,25.5,94,100910,9999,9999,408,0,0,0,999900,999900,999900,99990,140,0.3,3,3,999.0,999,9,'999999999,0,0.0000,0,88,999.000,0.0,1.0
2056/3/16,07:00,?9?9?9?9E0?9?9?9?9*9?9*9?9?9?9?9?9?9*9*_?9*9*9?9?9,26.8,25.6,93,100910,9999,9999,410,27,0,27,999900,999900,999900,99990,140,0.2,3,3,999.0,999,9,'999999999,0,0.0000,0,88,999.000,0.0,1.0
2056/3/16,08:00,?9?9?9?9E0?9?9?9?9*9?9*9?9?9?9?9?9?9*9*_?9*9*9?9?9,28.7,26.3,87,101010,9999,9999,421,210,333,113,999900,999900,999900,99990,140,0.1,3,3,999.0,999,9,'999999999,0,0.0000,0,88,999.000,0.0,1.0
2056/3/16,09:00,?9?9?9?9E0?9?9?9?9*9?9*9?9?9?9?9?9?9*9*_?9*9*9?9?9,30.8,24.9,71,101110,9999,9999,431,459,590,152,999900,999900,999900,99990,140,0.3,3,3,999.0,999,9,'999999999,0,0.0000,0,88,999.000,0.0,1.0
2056/3/16,10:00,?9?9?9?9E0?9?9?9?9*9?9*9?9?9?9?9?9?9*9*_?9*9*9?9?9,31.8,23.4,61,101110,9999,9999,435,688,725,171,999900,999900,999900,99990,140,0.3,3,3,999.0,999,9,'999999999,0,0.0000,0,88,999.000,0.0,1.0
2056/3/16,11:00,?9?9?9?9E0?9?9?9?9*9?9*9?9?9?9?9?9?9*9*_?9*9*9?9?9,33.4,21.6,50,101110,9999,9999,441,869,797,185,999900,999900,999900,99990,140,0.5,3,3,999.0,999,9,'999999999,0,0.0000,0,88,999.000,0.0,1.0
2056/3/16,12:00,?9?9?9?9E0?9?9?9?9*9?9*9?9?9?9?9?9?9*9*_?9*9*9?9?9,33.6,21.4,49,101110,9999,9999,442,973,817,202,999900,999900,999900,99990,110,0.9,3,3,999.0,999,9,'999999999,0,0.0000,0,88,999.000,0.0,1.0
2056/3/16,13:00,?9?9?9?9E0?9?9?9?9*9?9*9?9?9?9?9?9?9*9*_?9*9*9?9?9,34.1,21.5,48,101110,9999,9999,445,970,773,224,999900,999900,999900,99990,110,1.4,3,3,999.0,999,9,'999999999,0,0.0000,0,88,999.000,0.0,1.0
2056/3/16,14:00,?9?9?9?9E0?9?9?9?9*9?9*9?9?9?9?9?9?9*9*_?9*9*9?9?9,34.0,21.5,48,101110,9999,9999,445,906,748,218,999900,999900,999900,99990,110,1.2,3,3,999.0,999,9,'999999999,0,0.0000,0,88,999.000,0.0,1.0
2056/3/16,15:00,?9?9?9?9E0?9?9?9?9*9?9*9?9?9?9?9?9?9*9*_?9*9*9?9?9,33.9,20.7,46,101110,9999,9999,443,776,713,198,999900,999900,999900,99990,110,1.0,3,3,999.0,999,9,'999999999,0,0.0000,0,88,999.000,0.0,1.0
2056/3/16,16:00,?9?9?9?9E0?9?9?9?9*9?9*9?9?9?9?9?9?9*9*_?9*9*9?9?9,33.0,22.2,53,101110,9999,9999,440,578,620,178,999900,999900,999900,99990,110,1.2,3,3,999.0,999,9,'999999999,0,0.0000,0,88,999.000,0.0,1.0
2056/3/16,17:00,?9?9?9?9E0?9?9?9?9*9?9*9?9?9?9?9?9?9*9*_?9*9*9?9?9,32.2,23.5,60,101110,9999,9999,437,348,464,145,999900,999900,999900,99990,110,1.2,3,3,999.0,999,9,'999999999,0,0.0000,0,88,999.000,0.0,1.0
2056/3/16,18:00,?9?9?9?9E0?9?9?9?9*9?9*9?9?9?9?9?9?9*9*_?9*9*9?9?9,30.8,24.9,71,101110,9999,9999,431,122,214,80,999900,999900,999900,99990,110,1.2,3,3,999.0,999,9,'999999999,0,0.0000,0,88,999.000,0.0,1.0
2056/3/16,19:00,?9?9?9?9E0?9?9?9?9*9?9*9?9?9?9?9?9?9*9*_?9*9*9?9?9,30.2,24.8,73,101110,9999,9999,427,3,0,3,999900,999900,999900,99990,110,0.4,3,3,999.0,999,9,'999999999,0,0.0000,0,88,999.000,0.0,1.0
2056/3/16,20:00,?9?9?9?9E0?9?9?9?9*9?9*9?9?9?9?9?9?9*9*_?9*9*9?9?9,29.9,25.4,77,101010,9999,9999,427,0,0,0,999900,999900,999900,99990,110,0.4,3,3,999.0,999,9,'999999999,0,0.0000,0,88,999.000,0.0,1.0
2056/3/16,21:00,?9?9?9?9E0?9?9?9?9*9?9*9?9?9?9?9?9?9*9*_?9*9*9?9?9,29.6,25.4,78,101010,9999,9999,425,0,0,0,999900,999900,999900,99990,140,0.4,3,3,999.0,999,9,'999999999,0,0.0000,0,88,999.000,0.0,1.0
2056/3/16,22:00,?9?9?9?9E0?9?9?9?9*9?9*9?9?9?9?9?9?9*9*_?9*9*9?9?9,29.1,25.7,82,101010,9999,9999,418,0,0,0,999900,999900,999900,99990,140,0.2,2,2,999.0,999,9,'999999999,0,0.0000,0,88,999.000,0.0,1.0
2056/3/16,23:00,?9?9?9?9E0?9?9?9?9*9?9*9?9?9?9?9?9?9*9*_?9*9*9?9?9,28.6,25.4,83,101010,9999,9999,415,0,0,0,999900,999900,999900,99990,140,0.1,2,2,999.0,999,9,'999999999,0,0.0000,0,88,999.000,0.0,1.0
2056/3/16,24:00,?9?9?9?9E0?9?9?9?9*9?9*9?9?9?9?9?9?9*9*_?9*9*9?9?9,28.0,25.8,88,101110,9999,9999,407,0,0,0,999900,999900,999900,99990,140,0.0,1,1,999.0,999,9,'999999999,0,0.0000,0,88,999.000,0.0,1.0
2056/3/17,01:00,?9?9?9?9E0?9?9?9?9*9?9*9?9?9?9?9?9?9*9*_?9*9*9?9?9,27.7,25.5,88,101010,9999,9999,405,0,0,0,999900,999900,999900,99990,140,0.0,1,1,999.0,999,9,'999999999,0,0.0000,0,88,999.000,0.0,1.0
2056/3/17,02:00,?9?9?9?9E0?9?9?9?9*9?9*9?9?9?9?9?9?9*9*_?9*9*9?9?9,27.5,25.4,88,101010,9999,9999,409,0,0,0,999900,999900,999900,99990,140,0.0,2,2,999.0,999,9,'999999999,0,0.0000,0,88,999.000,0.0,1.0
2056/3/17,03:00,?9?9?9?9E0?9?9?9?9*9?9*9?9?9?9?9?9?9*9*_?9*9*9?9?9,27.2,25.6,91,100910,9999,9999,408,0,0,0,999900,999900,999900,99990,140,0.0,2,2,999.0,999,9,'999999999,0,0.0000,0,88,999.000,0.0,1.0
2056/3/17,04:00,?9?9?9?9E0?9?9?9?9*9?9*9?9?9?9?9?9?9*9*_?9*9*9?9?9,27.1,25.5,91,100910,9999,9999,411,0,0,0,999900,999900,999900,99990,140,0.3,3,3,999.0,999,9,'999999999,0,0.0000,0,88,999.000,0.0,1.0
2056/3/17,05:00,?9?9?9?9E0?9?9?9?9*9?9*9?9?9?9?9?9?9*9*_?9*9*9?9?9,27.0,25.4,91,100910,9999,9999,414,0,0,0,999900,999900,999900,99990,140,0.1,4,4,999.0,999,9,'999999999,0,0.0000,0,88,999.000,0.0,1.0
2056/3/17,06:00,?9?9?9?9E0?9?9?9?9*9?9*9?9?9?9?9?9?9*9*_?9*9*9?9?9,26.8,25.4,92,101010,9999,9999,416,0,0,0,999900,999900,999900,99990,140,0.2,5,5,999.0,999,9,'999999999,0,0.0000,0,88,999.000,0.0,1.0
2056/3/17,07:00,?9?9?9?9E0?9?9?9?9*9?9*9?9?9?9?9?9?9*9*_?9*9*9?9?9,27.0,25.6,92,101010,9999,9999,417,24,0,24,999900,999900,999900,99990,140,0.1,5,5,999.0,999,9,'999999999,0,0.0000,0,88,999.000,0.0,1.0
2056/3/17,08:00,?9?9?9?9E0?9?9?9?9*9?9*9?9?9?9?9?9?9*9*_?9*9*9?9?9,28.2,26.0,88,101110,9999,9999,428,176,148,133,999900,999900,999900,99990,140,0.1,6,6,999.0,999,9,'999999999,0,0.0000,0,88,999.000,0.0,1.0
2056/3/17,09:00,?9?9?9?9E0?9?9?9?9*9?9*9?9?9?9?9?9?9*9*_?9*9*9?9?9,29.9,25.2,76,101110,9999,9999,442,356,225,238,999900,999900,999900,99990,290,0.1,7,7,999.0,999,9,'999999999,0,0.0000,0,88,999.000,0.0,1.0
2056/3/17,10:00,?9?9?9?9E0?9?9?9?9*9?9*9?9?9?9?9?9?9*9*_?9*9*9?9?9,32.0,23.6,61,101110,9999,9999,459,500,238,329,999900,999900,999900,99990,290,0.6,8,8,999.0,999,9,'999999999,0,0.0000,0,88,999.000,0.0,1.0
2056/3/17,11:00,?9?9?9?9E0?9?9?9?9*9?9*9?9?9?9?9?9?9*9*_?9*9*9?9?9,32.9,23.3,57,101110,9999,9999,464,622,256,402,999900,999900,999900,99990,290,0.8,8,8,999.0,999,9,'999999999,0,0.0000,0,88,999.000,0.0,1.0
2056/3/17,12:00,?9?9?9?9E0?9?9?9?9*9?9*9?9?9?9?9?9?9*9*_?9*9*9?9?9,33.8,22.6,52,101210,9999,9999,469,706,279,442,999900,999900,999900,99990,90,0.8,8,8,999.0,999,9,'999999999,0,0.0000,0,88,999.000,0.0,1.0
2056/3/17,13:00,?9?9?9?9E0?9?9?9?9*9?9*9?9?9?9?9?9?9*9*_?9*9*9?9?9,34.0,22.1,50,101110,9999,9999,462,782,358,436,999900,999900,999900,99990,90,1.0,7,7,999.0,999,9,'999999999,0,0.0000,0,88,999.000,0.0,1.0
2056/3/17,14:00,?9?9?9?9E0?9?9?9?9*9?9*9?9?9?9?9?9?9*9*_?9*9*9?9?9,34.2,22.3,50,101010,9999,9999,463,722,346,404,999900,999900,999900,99990,90,1.0,7,7,999.0,999,9,'999999999,0,0.0000,0,88,999.000,0.0,1.0
2056/3/17,15:00,?9?9?9?9E0?9?9?9?9*9?9*9?9?9?9?9?9?9*9*_?9*9*9?9?9,34.0,22.4,51,100910,9999,9999,457,663,410,331,999900,999900,999900,99990,50,1.1,6,6,999.0,999,9,'999999999,0,0.0000,0,88,999.000,0.0,1.0
2056/3/17,16:00,?9?9?9?9E0?9?9?9?9*9?9*9?9?9?9?9?9?9*9*_?9*9*9?9?9,33.8,23.5,55,100810,9999,9999,453,524,416,255,999900,999900,999900,99990,50,0.9,5,5,999.0,999,9,'999999999,0,0.0000,0,88,999.000,0.0,1.0
2056/3/17,17:00,?9?9?9?9E0?9?9?9?9*9?9*9?9?9?9?9?9?9*9*_?9*9*9?9?9,32.9,24.4,61,100810,9999,9999,449,315,295,186,999900,999900,999900,99990,50,0.9,5,5,999.0,999,9,'999999999,0,0.0000,0,88,999.000,0.0,1.0
2056/3/17,18:00,?9?9?9?9E0?9?9?9?9*9?9*9?9?9?9?9?9?9*9*_?9*9*9?9?9,31.5,25.4,70,100810,9999,9999,442,107,117,84,999900,999900,999900,99990,90,0.9,5,5,999.0,999,9,'999999999,0,0.0000,0,88,999.000,0.0,1.0
2056/3/17,19:00,?9?9?9?9E0?9?9?9?9*9?9*9?9?9?9?9?9?9*9*_?9*9*9?9?9,30.5,26.2,78,100810,9999,9999,434,3,0,3,999900,999900,999900,99990,90,0.8,4,4,999.0,999,9,'999999999,0,0.0000,0,88,999.000,0.0,1.0
2056/3/17,20:00,?9?9?9?9E0?9?9?9?9*9?9*9?9?9?9?9?9?9*9*_?9*9*9?9?9,30.0,26.4,81,100910,9999,9999,424,0,0,0,999900,999900,999900,99990,90,0.3,2,2,999.0,999,9,'999999999,0,0.0000,0,88,999.000,0.0,1.0
2056/3/17,21:00,?9?9?9?9E0?9?9?9?9*9?9*9?9?9?9?9?9?9*9*_?9*9*9?9?9,29.6,26.4,83,100910,9999,9999,408,0,0,0,999900,999900,999900,99990,180,0.4,0,0,999.0,999,9,'999999999,0,0.0000,0,88,999.000,0.0,1.0
2056/3/17,22:00,?9?9?9?9E0?9?9?9?9*9?9*9?9?9?9?9?9?9*9*_?9*9*9?9?9,29.3,26.5,85,101010,9999,9999,407,0,0,0,999900,999900,999900,99990,180,0.3,0,0,999.0,999,9,'999999999,0,0.0000,0,88,999.000,0.0,1.0
2056/3/17,23:00,?9?9?9?9E0?9?9?9?9*9?9*9?9?9?9?9?9?9*9*_?9*9*9?9?9,29.0,26.6,87,101010,9999,9999,405,0,0,0,999900,999900,999900,99990,180,0.1,0,0,999.0,999,9,'999999999,0,0.0000,0,88,999.000,0.0,1.0
2056/3/17,24:00,?9?9?9?9E0?9?9?9?9*9?9*9?9?9?9?9?9?9*9*_?9*9*9?9?9,28.4,26.6,90,101010,9999,9999,402,0,0,0,999900,999900,999900,99990,180,0.1,0,0,999.0,999,9,'999999999,0,0.0000,0,88,999.000,0.0,1.0
2056/3/18,01:00,?9?9?9?9E0?9?9?9?9*9?9*9?9?9?9?9?9?9*9*_?9*9*9?9?9,28.1,26.5,91,101010,9999,9999,401,0,0,0,999900,999900,999900,99990,180,0.0,0,0,999.0,999,9,'999999999,0,0.0000,0,88,999.000,0.0,1.0
2056/3/18,02:00,?9?9?9?9E0?9?9?9?9*9?9*9?9?9?9?9?9?9*9*_?9*9*9?9?9,27.7,26.5,93,100910,9999,9999,398,0,0,0,999900,999900,999900,99990,180,0.0,0,0,999.0,999,9,'999999999,0,0.0000,0,88,999.000,0.0,1.0
2056/3/18,03:00,?9?9?9?9E0?9?9?9?9*9?9*9?9?9?9?9?9?9*9*_?9*9*9?9?9,27.5,26.5,94,100910,9999,9999,397,0,0,0,999900,999900,999900,99990,180,0.2,0,0,999.0,999,9,'999999999,0,0.0000,0,88,999.000,0.0,1.0
2056/3/18,04:00,?9?9?9?9E0?9?9?9?9*9?9*9?9?9?9?9?9?9*9*_?9*9*9?9?9,27.3,26.3,94,100810,9999,9999,404,0,0,0,999900,999900,999900,99990,180,0.0,1,1,999.0,999,9,'999999999,0,0.0000,0,88,999.000,0.0,1.0
2056/3/18,05:00,?9?9?9?9E0?9?9?9?9*9?9*9?9?9?9?9?9?9*9*_?9*9*9?9?9,27.2,26.2,94,100810,9999,9999,408,0,0,0,999900,999900,999900,99990,180,0.0,2,2,999.0,999,9,'999999999,0,0.0000,0,88,999.000,0.0,1.0
2056/3/18,06:00,?9?9?9?9E0?9?9?9?9*9?9*9?9?9?9?9?9?9*9*_?9*9*9?9?9,27.2,26.2,94,100910,9999,9999,408,0,0,0,999900,999900,999900,99990,180,0.3,2,2,999.0,999,9,'999999999,0,0.0000,0,88,999.000,0.0,1.0
2056/3/18,07:00,?9?9?9?9E0?9?9?9?9*9?9*9?9?9?9?9?9?9*9*_?9*9*9?9?9,27.4,26.2,93,100910,9999,9999,414,30,0,30,999900,999900,999900,99990,180,0.1,3,3,999.0,999,9,'999999999,0,0.0000,0,88,999.000,0.0,1.0
2056/3/18,08:00,?9?9?9?9E0?9?9?9?9*9?9*9?9?9?9?9?9?9*9*_?9*9*9?9?9,29.0,27.0,89,101010,9999,9999,427,204,267,125,999900,999900,999900,99990,180,0.2,4,4,999.0,999,9,'999999999,0,0.0000,0,88,999.000,0.0,1.0
2056/3/18,09:00,?9?9?9?9E0?9?9?9?9*9?9*9?9?9?9?9?9?9*9*_?9*9*9?9?9,30.7,26.0,76,101110,9999,9999,439,419,423,197,999900,999900,999900,99990,270,0.4,5,5,999.0,999,9,'999999999,0,0.0000,0,88,999.000,0.0,1.0
2056/3/18,10:00,?9?9?9?9E0?9?9?9?9*9?9*9?9?9?9?9?9?9*9*_?9*9*9?9?9,32.6,24.9,64,101110,9999,9999,448,632,548,238,999900,999900,999900,99990,270,0.4,5,5,999.0,999,9,'999999999,0,0.0000,0,88,999.000,0.0,1.0
2056/3/18,11:00,?9?9?9?9E0?9?9?9?9*9?9*9?9?9?9?9?9?9*9*_?9*9*9?9?9,34.0,23.4,54,101010,9999,9999,454,797,613,268,999900,999900,999900,99990,270,0.4,5,5,999.0,999,9,'999999999,0,0.0000,0,88,999.000,0.0,1.0
2056/3/18,12:00,?9?9?9?9E0?9?9?9?9*9?9*9?9?9?9?9?9?9*9*_?9*9*9?9?9,34.6,24.6,56,101010,9999,9999,459,879,606,304,999900,999900,999900,99990,270,0.9,5,5,999.0,999,9,'999999999,0,0.0000,0,88,999.000,0.0,1.0
2056/3/18,13:00,?9?9?9?9E0?9?9?9?9*9?9*9?9?9?9?9?9?9*9*_?9*9*9?9?9,34.5,25.1,58,100910,9999,9999,460,872,557,333,999900,999900,999900,99990,270,1.2,5,5,999.0,999,9,'999999999,0,0.0000,0,88,999.000,0.0,1.0
2056/3/18,14:00,?9?9?9?9E0?9?9?9?9*9?9*9?9?9?9?9?9?9*9*_?9*9*9?9?9,34.9,24.8,56,100810,9999,9999,462,815,539,319,999900,999900,999900,99990,270,1.1,5,5,999.0,999,9,'999999999,0,0.0000,0,88,999.000,0.0,1.0
2056/3/18,15:00,?9?9?9?9E0?9?9?9?9*9?9*9?9?9?9?9?9?9*9*_?9*9*9?9?9,34.5,24.5,56,100810,9999,9999,459,693,503,285,999900,999900,999900,99990,90,0.9,5,5,999.0,999,9,'999999999,0,0.0000,0,88,999.000,0.0,1.0
2056/3/18,16:00,?9?9?9?9E0?9?9?9?9*9?9*9?9?9?9?9?9?9*9*_?9*9*9?9?9,33.6,23.9,57,100710,9999,9999,453,523,444,236,999900,999900,999900,99990,90,1.0,5,5,999.0,999,9,'999999999,0,0.0000,0,88,999.000,0.0,1.0
2056/3/18,17:00,?9?9?9?9E0?9?9?9?9*9?9*9?9?9?9?9?9?9*9*_?9*9*9?9?9,33.0,23.9,59,100710,9999,9999,449,320,334,174,999900,999900,999900,99990,90,1.2,5,5,999.0,999,9,'999999999,0,0.0000,0,88,999.000,0.0,1.0
2056/3/18,18:00,?9?9?9?9E0?9?9?9?9*9?9*9?9?9?9?9?9?9*9*_?9*9*9?9?9,31.6,25.2,69,100710,9999,9999,443,109,136,82,999900,999900,999900,99990,180,1.0,5,5,999.0,999,9,'999999999,0,0.0000,0,88,999.000,0.0,1.0
2056/3/18,19:00,?9?9?9?9E0?9?9?9?9*9?9*9?9?9?9?9?9?9*9*_?9*9*9?9?9,30.6,26.6,79,100710,9999,9999,435,3,0,3,999900,999900,999900,99990,180,0.7,4,4,999.0,999,9,'999999999,0,0.0000,0,88,999.000,0.0,1.0
2056/3/18,20:00,?9?9?9?9E0?9?9?9?9*9?9*9?9?9?9?9?9?9*9*_?9*9*9?9?9,30.1,26.5,81,100810,9999,9999,432,0,0,0,999900,999900,999900,99990,180,0.8,4,4,999.0,999,9,'999999999,0,0.0000,0,88,999.000,0.0,1.0
2056/3/18,21:00,?9?9?9?9E0?9?9?9?9*9?9*9?9?9?9?9?9?9*9*_?9*9*9?9?9,29.6,26.6,84,100810,9999,9999,426,0,0,0,999900,999900,999900,99990,140,0.6,3,3,999.0,999,9,'999999999,0,0.0000,0,88,999.000,0.0,1.0
2056/3/18,22:00,?9?9?9?9E0?9?9?9?9*9?9*9?9?9?9?9?9?9*9*_?9*9*9?9?9,29.3,26.7,86,100910,9999,9999,425,0,0,0,999900,999900,999900,99990,140,0.7,3,3,999.0,999,9,'999999999,0,0.0000,0,88,999.000,0.0,1.0
2056/3/18,23:00,?9?9?9?9E0?9?9?9?9*9?9*9?9?9?9?9?9?9*9*_?9*9*9?9?9,28.9,26.5,87,100910,9999,9999,422,0,0,0,999900,999900,999900,99990,140,0.7,3,3,999.0,999,9,'999999999,0,0.0000,0,88,999.000,0.0,1.0
2056/3/18,24:00,?9?9?9?9E0?9?9?9?9*9?9*9?9?9?9?9?9?9*9*_?9*9*9?9?9,28.6,26.8,90,100910,9999,9999,421,0,0,0,999900,999900,999900,99990,160,0.5,3,3,999.0,999,9,'999999999,0,0.0000,0,88,999.000,0.0,1.0
2056/3/19,01:00,?9?9?9?9E0?9?9?9?9*9?9*9?9?9?9?9?9?9*9*_?9*9*9?9?9,28.1,26.5,91,100910,9999,9999,418,0,0,0,999900,999900,999900,99990,160,0.2,3,3,999.0,999,9,'999999999,0,0.0000,0,88,999.000,0.0,1.0
2056/3/19,02:00,?9?9?9?9E0?9?9?9?9*9?9*9?9?9?9?9?9?9*9*_?9*9*9?9?9,28.0,26.8,93,100910,9999,9999,421,0,0,0,999900,999900,999900,99990,160,1.0,4,4,999.0,999,9,'999999999,0,0.0000,0,88,999.000,0.0,1.0
2056/3/19,03:00,?9?9?9?9E0?9?9?9?9*9?9*9?9?9?9?9?9?9*9*_?9*9*9?9?9,27.8,26.6,93,100810,9999,9999,420,0,0,0,999900,999900,999900,99990,200,0.8,4,4,999.0,999,9,'999999999,0,0.0000,0,88,999.000,0.0,1.0
2056/3/19,04:00,?9?9?9?9E0?9?9?9?9*9?9*9?9?9?9?9?9?9*9*_?9*9*9?9?9,27.7,26.5,93,100810,9999,9999,419,0,0,0,999900,999900,999900,99990,200,0.7,4,4,999.0,999,9,'999999999,0,0.0000,0,88,999.000,0.0,1.0
2056/3/19,05:00,?9?9?9?9E0?9?9?9?9*9?9*9?9?9?9?9?9?9*9*_?9*9*9?9?9,27.5,26.3,93,100810,9999,9999,418,0,0,0,999900,999900,999900,99990,200,0.7,4,4,999.0,999,9,'999999999,0,0.0000,0,88,999.000,0.0,1.0
2056/3/19,06:00,?9?9?9?9E0?9?9?9?9*9?9*9?9?9?9?9?9?9*9*_?9*9*9?9?9,27.2,26.0,93,100810,9999,9999,416,0,0,0,999900,999900,999900,99990,230,0.8,4,4,999.0,999,9,'999999999,0,0.0000,0,88,999.000,0.0,1.0
2056/3/19,07:00,?9?9?9?9E0?9?9?9?9*9?9*9?9?9?9?9?9?9*9*_?9*9*9?9?9,27.5,26.3,93,100910,9999,9999,414,32,0,32,999900,999900,999900,99990,230,0.9,3,3,999.0,999,9,'999999999,0,0.0000,0,88,999.000,0.0,1.0
2056/3/19,08:00,?9?9?9?9E0?9?9?9?9*9?9*9?9?9?9?9?9?9*9*_?9*9*9?9?9,28.9,26.5,87,100910,9999,9999,422,220,357,113,999900,999900,999900,99990,230,1.0,3,3,999.0,999,9,'999999999,0,0.0000,0,88,999.000,0.0,1.0
2056/3/19,09:00,?9?9?9?9E0?9?9?9?9*9?9*9?9?9?9?9?9?9*9*_?9*9*9?9?9,30.9,24.6,69,100910,9999,9999,431,474,618,148,999900,999900,999900,99990,270,1.3,3,3,999.0,999,9,'999999999,0,0.0000,0,88,999.000,0.0,1.0
2056/3/19,10:00,?9?9?9?9E0?9?9?9?9*9?9*9?9?9?9?9?9?9*9*_?9*9*9?9?9,32.7,23.1,57,101010,9999,9999,439,707,755,162,999900,999900,999900,99990,270,1.3,3,3,999.0,999,9,'999999999,0,0.0000,0,88,999.000,0.0,1.0
2056/3/19,11:00,?9?9?9?9E0?9?9?9?9*9?9*9?9?9?9?9?9?9*9*_?9*9*9?9?9,34.7,21.7,47,101010,9999,9999,449,882,813,179,999900,999900,999900,99990,270,1.2,3,3,999.0,999,9,'999999999,0,0.0000,0,88,999.000,0.0,1.0
2056/3/19,12:00,?9?9?9?9E0?9?9?9?9*9?9*9?9?9?9?9?9?9*9*_?9*9*9?9?9,35.8,20.1,40,101010,9999,9999,453,997,851,189,999900,999900,999900,99990,270,1.0,3,3,999.0,999,9,'999999999,0,0.0000,0,88,999.000,0.0,1.0
2056/3/19,13:00,?9?9?9?9E0?9?9?9?9*9?9*9?9?9?9?9?9?9*9*_?9*9*9?9?9,36.6,19.1,36,100910,9999,9999,457,1003,821,207,999900,999900,999900,99990,270,0.8,3,3,999.0,999,9,'999999999,0,0.0000,0,88,999.000,0.0,1.0
2056/3/19,14:00,?9?9?9?9E0?9?9?9?9*9?9*9?9?9?9?9?9?9*9*_?9*9*9?9?9,36.6,21.6,42,100810,9999,9999,464,894,723,227,999900,999900,999900,99990,270,1.4,4,4,999.0,999,9,'999999999,0,0.0000,0,88,999.000,0.0,1.0
2056/3/19,15:00,?9?9?9?9E0?9?9?9?9*9?9*9?9?9?9?9?9?9*9*_?9*9*9?9?9,36.6,22.0,43,100610,9999,9999,464,763,678,212,999900,999900,999900,99990,140,1.5,4,4,999.0,999,9,'999999999,0,0.0000,0,88,999.000,0.0,1.0
2056/3/19,16:00,?9?9?9?9E0?9?9?9?9*9?9*9?9?9?9?9?9?9*9*_?9*9*9?9?9,35.7,21.6,44,100510,9999,9999,462,554,555,195,999900,999900,999900,99990,140,1.2,5,5,999.0,999,9,'999999999,0,0.0000,0,88,999.000,0.0,1.0
2056/3/19,17:00,?9?9?9?9E0?9?9?9?9*9?9*9?9?9?9?9?9?9*9*_?9*9*9?9?9,34.1,21.2,47,100510,9999,9999,452,342,436,151,999900,999900,999900,99990,140,1.5,5,5,999.0,999,9,'999999999,0,0.0000,0,88,999.000,0.0,1.0
2056/3/19,18:00,?9?9?9?9E0?9?9?9?9*9?9*9?9?9?9?9?9?9*9*_?9*9*9?9?9,32.3,23.6,60,100510,9999,9999,445,118,191,80,999900,999900,999900,99990,180,1.4,5,5,999.0,999,9,'999999999,0,0.0000,0,88,999.000,0.0,1.0
2056/3/19,19:00,?9?9?9?9E0?9?9?9?9*9?9*9?9?9?9?9?9?9*9*_?9*9*9?9?9,31.0,26.1,75,100510,9999,9999,440,3,0,3,999900,999900,999900,99990,180,0.9,5,5,999.0,999,9,'999999999,0,0.0000,0,88,999.000,0.0,1.0
2056/3/19,20:00,?9?9?9?9E0?9?9?9?9*9?9*9?9?9?9?9?9?9*9*_?9*9*9?9?9,30.3,26.7,81,100610,9999,9999,437,0,0,0,999900,999900,999900,99990,180,0.6,5,5,999.0,999,9,'999999999,0,0.0000,0,88,999.000,0.0,1.0
2056/3/19,21:00,?9?9?9?9E0?9?9?9?9*9?9*9?9?9?9?9?9?9*9*_?9*9*9?9?9,29.7,26.7,84,100610,9999,9999,434,0,0,0,999900,999900,999900,99990,180,0.8,5,5,999.0,999,9,'999999999,0,0.0000,0,88,999.000,0.0,1.0
2056/3/19,22:00,?9?9?9?9E0?9?9?9?9*9?9*9?9?9?9?9?9?9*9*_?9*9*9?9?9,29.3,26.9,87,100610,9999,9999,428,0,0,0,999900,999900,999900,99990,180,1.0,4,4,999.0,999,9,'999999999,0,0.0000,0,88,999.000,0.0,1.0
2056/3/19,23:00,?9?9?9?9E0?9?9?9?9*9?9*9?9?9?9?9?9?9*9*_?9*9*9?9?9,29.0,27.0,89,100710,9999,9999,427,0,0,0,999900,999900,999900,99990,180,1.1,4,4,999.0,999,9,'999999999,0,0.0000,0,88,999.000,0.0,1.0
2056/3/19,24:00,?9?9?9?9E0?9?9?9?9*9?9*9?9?9?9?9?9?9*9*_?9*9*9?9?9,28.6,26.8,90,100710,9999,9999,424,0,0,0,999900,999900,999900,99990,180,0.7,4,4,999.0,999,9,'999999999,0,0.0000,0,88,999.000,0.0,1.0
2056/3/20,01:00,?9?9?9?9E0?9?9?9?9*9?9*9?9?9?9?9?9?9*9*_?9*9*9?9?9,28.3,26.7,91,100710,9999,9999,423,0,0,0,999900,999900,999900,99990,180,0.5,4,4,999.0,999,9,'999999999,0,0.0000,0,88,999.000,0.0,1.0
2056/3/20,02:00,?9?9?9?9E0?9?9?9?9*9?9*9?9?9?9?9?9?9*9*_?9*9*9?9?9,28.0,26.8,93,100710,9999,9999,421,0,0,0,999900,999900,999900,99990,180,0.3,4,4,999.0,999,9,'999999999,0,0.0000,0,88,999.000,0.0,1.0
2056/3/20,03:00,?9?9?9?9E0?9?9?9?9*9?9*9?9?9?9?9?9?9*9*_?9*9*9?9?9,28.0,26.8,93,100610,9999,9999,421,0,0,0,999900,999900,999900,99990,180,0.5,4,4,999.0,999,9,'999999999,0,0.0000,0,88,999.000,0.0,1.0
2056/3/20,04:00,?9?9?9?9E0?9?9?9?9*9?9*9?9?9?9?9?9?9*9*_?9*9*9?9?9,27.8,26.8,94,100610,9999,9999,420,0,0,0,999900,999900,999900,99990,180,0.6,4,4,999.0,999,9,'999999999,0,0.0000,0,88,999.000,0.0,1.0
2056/3/20,05:00,?9?9?9?9E0?9?9?9?9*9?9*9?9?9?9?9?9?9*9*_?9*9*9?9?9,27.9,26.9,94,100610,9999,9999,420,0,0,0,999900,999900,999900,99990,180,1.1,4,4,999.0,999,9,'999999999,0,0.0000,0,88,999.000,0.0,1.0
2056/3/20,06:00,?9?9?9?9E0?9?9?9?9*9?9*9?9?9?9?9?9?9*9*_?9*9*9?9?9,27.5,26.5,94,100610,9999,9999,418,0,0,0,999900,999900,999900,99990,270,1.0,4,4,999.0,999,9,'999999999,0,0.0000,0,88,999.000,0.0,1.0
2056/3/20,07:00,?9?9?9?9E0?9?9?9?9*9?9*9?9?9?9?9?9?9*9*_?9*9*9?9?9,27.6,26.4,93,100710,9999,9999,418,32,140,25,999900,999900,999900,99990,270,1.0,4,4,999.0,999,9,'999999999,0,0.0000,0,88,999.000,0.0,1.0
2056/3/20,08:00,?9?9?9?9E0?9?9?9?9*9?9*9?9?9?9?9?9?9*9*_?9*9*9?9?9,29.1,27.1,89,100710,9999,9999,428,211,290,124,999900,999900,999900,99990,270,1.3,4,4,999.0,999,9,'999999999,0,0.0000,0,88,999.000,0.0,1.0
2056/3/20,09:00,?9?9?9?9E0?9?9?9?9*9?9*9?9?9?9?9?9?9*9*_?9*9*9?9?9,30.6,25.0,72,100810,9999,9999,433,457,531,175,999900,999900,999900,99990,180,1.4,4,4,999.0,999,9,'999999999,0,0.0000,0,88,999.000,0.0,1.0
2056/3/20,10:00,?9?9?9?9E0?9?9?9?9*9?9*9?9?9?9?9?9?9*9*_?9*9*9?9?9,32.5,24.0,61,100810,9999,9999,446,648,591,220,999900,999900,999900,99990,180,1.3,5,5,999.0,999,9,'999999999,0,0.0000,0,88,999.000,0.0,1.0
2056/3/20,11:00,?9?9?9?9E0?9?9?9?9*9?9*9?9?9?9?9?9?9*9*_?9*9*9?9?9,34.5,21.2,46,100710,9999,9999,454,827,673,243,999900,999900,999900,99990,180,1.4,5,5,999.0,999,9,'999999999,0,0.0000,0,88,999.000,0.0,1.0
2056/3/20,12:00,?9?9?9?9E0?9?9?9?9*9?9*9?9?9?9?9?9?9*9*_?9*9*9?9?9,36.0,21.8,44,100710,9999,9999,464,913,674,272,999900,999900,999900,99990,30,1.0,5,5,999.0,999,9,'999999999,0,0.0000,0,88,999.000,0.0,1.0
2056/3/20,13:00,?9?9?9?9E0?9?9?9?9*9?9*9?9?9?9?9?9?9*9*_?9*9*9?9?9,37.2,20.1,37,100610,9999,9999,469,927,666,280,999900,999900,999900,99990,30,0.9,5,5,999.0,999,9,'999999999,0,0.0000,0,88,999.000,0.0,1.0
2056/3/20,14:00,?9?9?9?9E0?9?9?9?9*9?9*9?9?9?9?9?9?9*9*_?9*9*9?9?9,38.4,12.2,21,100510,9999,9999,464,910,720,244,999900,999900,999900,99990,30,0.5,5,5,999.0,999,9,'999999999,0,0.0000,0,88,999.000,0.0,1.0
2056/3/20,15:00,?9?9?9?9E0?9?9?9?9*9?9*9?9?9?9?9?9?9*9*_?9*9*9?9?9,36.3,23.5,48,100410,9999,9999,468,716,557,262,999900,999900,999900,99990,70,1.1,5,5,999.0,999,9,'999999999,0,0.0000,0,88,999.000,0.0,1.0
2056/3/20,16:00,?9?9?9?9E0?9?9?9?9*9?9*9?9?9?9?9?9?9*9*_?9*9*9?9?9,34.5,25.3,59,100310,9999,9999,464,493,371,253,999900,999900,999900,99990,70,1.0,6,6,999.0,999,9,'999999999,0,0.0000,0,88,999.000,0.0,1.0
2056/3/20,17:00,?9?9?9?9E0?9?9?9?9*9?9*9?9?9?9?9?9?9*9*_?9*9*9?9?9,33.2,26.3,67,100310,9999,9999,463,267,186,186,999900,999900,999900,99990,70,1.5,7,7,999.0,999,9,'999999999,0,0.0000,0,88,999.000,0.0,1.0
2056/3/20,18:00,?9?9?9?9E0?9?9?9?9*9?9*9?9?9?9?9?9?9*9*_?9*9*9?9?9,32.2,27.4,76,100310,9999,9999,458,83,60,71,999900,999900,999900,99990,140,1.2,7,7,999.0,999,9,'999999999,0,0.0000,0,88,999.000,0.0,1.0
2056/3/20,19:00,?9?9?9?9E0?9?9?9?9*9?9*9?9?9?9?9?9?9*9*_?9*9*9?9?9,31.2,28.4,85,100310,9999,9999,448,3,0,3,999900,999900,999900,99990,140,0.9,6,6,999.0,999,9,'999999999,0,0.0000,0,88,999.000,0.0,1.0
2056/3/20,20:00,?9?9?9?9E0?9?9?9?9*9?9*9?9?9?9?9?9?9*9*_?9*9*9?9?9,30.8,28.6,88,100410,9999,9999,439,0,0,0,999900,999900,999900,99990,180,0.9,4,4,999.0,999,9,'999999999,0,0.0000,0,88,999.000,0.0,1.0
2056/3/20,21:00,?9?9?9?9E0?9?9?9?9*9?9*9?9?9?9?9?9?9*9*_?9*9*9?9?9,30.2,28.6,91,100510,9999,9999,428,0,0,0,999900,999900,999900,99990,180,0.7,2,2,999.0,999,9,'999999999,0,0.0000,0,88,999.000,0.0,1.0
2056/3/20,22:00,?9?9?9?9E0?9?9?9?9*9?9*9?9?9?9?9?9?9*9*_?9*9*9?9?9,29.9,28.3,91,100510,9999,9999,420,0,0,0,999900,999900,999900,99990,180,0.7,1,1,999.0,999,9,'999999999,0,0.0000,0,88,999.000,0.0,1.0
2056/3/20,23:00,?9?9?9?9E0?9?9?9?9*9?9*9?9?9?9?9?9?9*9*_?9*9*9?9?9,29.6,28.0,91,100510,9999,9999,424,0,0,0,999900,999900,999900,99990,180,0.4,2,2,999.0,999,9,'999999999,0,0.0000,0,88,999.000,0.0,1.0
2056/3/20,24:00,?9?9?9?9E0?9?9?9?9*9?9*9?9?9?9?9?9?9*9*_?9*9*9?9?9,29.6,28.5,94,100510,9999,9999,425,0,0,0,999900,999900,999900,99990,180,0.3,2,2,999.0,999,9,'999999999,0,0.0000,0,88,999.000,0.0,1.0
2056/3/21,01:00,?9?9?9?9E0?9?9?9?9*9?9*9?9?9?9?9?9?9*9*_?9*9*9?9?9,29.0,28.0,94,100410,9999,9999,421,0,0,0,999900,999900,999900,99990,180,0.5,2,2,999.0,999,9,'999999999,0,0.0000,0,88,999.000,0.0,1.0
2056/3/21,02:00,?9?9?9?9E0?9?9?9?9*9?9*9?9?9?9?9?9?9*9*_?9*9*9?9?9,28.7,27.7,94,100410,9999,9999,418,0,0,0,999900,999900,999900,99990,180,0.5,2,2,999.0,999,9,'999999999,0,0.0000,0,88,999.000,0.0,1.0
2056/3/21,03:00,?9?9?9?9E0?9?9?9?9*9?9*9?9?9?9?9?9?9*9*_?9*9*9?9?9,28.3,27.3,94,100410,9999,9999,410,0,0,0,999900,999900,999900,99990,180,0.6,1,1,999.0,999,9,'999999999,0,0.0000,0,88,999.000,0.0,1.0
2056/3/21,04:00,?9?9?9?9E0?9?9?9?9*9?9*9?9?9?9?9?9?9*9*_?9*9*9?9?9,28.1,26.9,93,100410,9999,9999,409,0,0,0,999900,999900,999900,99990,180,0.8,1,1,999.0,999,9,'999999999,0,0.0000,0,88,999.000,0.0,1.0
2056/3/21,05:00,?9?9?9?9E0?9?9?9?9*9?9*9?9?9?9?9?9?9*9*_?9*9*9?9?9,28.1,25.9,88,100410,9999,9999,413,0,0,0,999900,999900,999900,99990,180,1.3,2,2,999.0,999,9,'999999999,0,0.0000,0,88,999.000,0.0,1.0
2056/3/21,06:00,?9?9?9?9E0?9?9?9?9*9?9*9?9?9?9?9?9?9*9*_?9*9*9?9?9,28.0,25.1,84,100410,9999,9999,411,0,0,0,999900,999900,999900,99990,230,0.9,2,2,999.0,999,9,'999999999,0,0.0000,0,88,999.000,0.0,1.0
2056/3/21,07:00,?9?9?9?9E0?9?9?9?9*9?9*9?9?9?9?9?9?9*9*_?9*9*9?9?9,28.0,24.7,82,100410,9999,9999,415,38,190,28,999900,999900,999900,99990,230,0.9,3,3,999.0,999,9,'999999999,0,0.0000,0,88,999.000,0.0,1.0
2056/3/21,08:00,?9?9?9?9E0?9?9?9?9*9?9*9?9?9?9?9?9?9*9*_?9*9*9?9?9,28.4,25.5,84,100510,9999,9999,425,206,238,134,999900,999900,999900,99990,230,0.3,5,5,999.0,999,9,'999999999,0,0.0000,0,88,999.000,0.0,1.0
2056/3/21,09:00,?9?9?9?9E0?9?9?9?9*9?9*9?9?9?9?9?9?9*9*_?9*9*9?9?9,30.0,24.6,73,100610,9999,9999,442,374,263,234,999900,999900,999900,99990,140,0.3,7,7,999.0,999,9,'999999999,0,0.0000,0,88,999.000,0.0,1.0
2056/3/21,10:00,?9?9?9?9E0?9?9?9?9*9?9*9?9?9?9?9?9?9*9*_?9*9*9?9?9,31.5,23.4,62,100610,9999,9999,456,513,260,324,999900,999900,999900,99990,140,1.0,8,8,999.0,999,9,'999999999,0,0.0000,0,88,999.000,0.0,1.0
2056/3/21,11:00,?9?9?9?9E0?9?9?9?9*9?9*9?9?9?9?9?9?9*9*_?9*9*9?9?9,34.4,21.8,48,100510,9999,9999,471,651,299,391,999900,999900,999900,99990,140,1.3,8,8,999.0,999,9,'999999999,0,0.0000,0,88,999.000,0.0,1.0
2056/3/21,12:00,?9?9?9?9E0?9?9?9?9*9?9*9?9?9?9?9?9?9*9*_?9*9*9?9?9,36.2,20.5,40,100510,9999,9999,480,739,328,426,999900,999900,999900,99990,230,1.1,8,8,999.0,999,9,'999999999,0,0.0000,0,88,999.000,0.0,1.0
2056/3/21,13:00,?9?9?9?9E0?9?9?9?9*9?9*9?9?9?9?9?9?9*9*_?9*9*9?9?9,36.1,20.4,40,100410,9999,9999,472,804,407,408,999900,999900,999900,99990,230,1.0,7,7,999.0,999,9,'999999999,0,0.0000,0,88,999.000,0.0,1.0
2056/3/21,14:00,?9?9?9?9E0?9?9?9?9*9?9*9?9?9?9?9?9?9*9*_?9*9*9?9?9,37.8,18.3,32,100410,9999,9999,474,831,538,334,999900,999900,999900,99990,230,1.0,6,6,999.0,999,9,'999999999,0,0.0000,0,88,999.000,0.0,1.0
2056/3/21,15:00,?9?9?9?9E0?9?9?9?9*9?9*9?9?9?9?9?9?9*9*_?9*9*9?9?9,36.3,24.9,52,100310,9999,9999,470,708,513,290,999900,999900,999900,99990,180,1.4,5,5,999.0,999,9,'999999999,0,0.0000,0,88,999.000,0.0,1.0
2056/3/21,16:00,?9?9?9?9E0?9?9?9?9*9?9*9?9?9?9?9?9?9*9*_?9*9*9?9?9,35.9,25.5,55,100210,9999,9999,469,526,433,245,999900,999900,999900,99990,180,1.2,5,5,999.0,999,9,'999999999,0,0.0000,0,88,999.000,0.0,1.0
2056/3/21,17:00,?9?9?9?9E0?9?9?9?9*9?9*9?9?9?9?9?9?9*9*_?9*9*9?9?9,34.6,26.0,61,100210,9999,9999,461,322,323,180,999900,999900,999900,99990,180,1.0,5,5,999.0,999,9,'999999999,0,0.0000,0,88,999.000,0.0,1.0
2056/3/21,18:00,?9?9?9?9E0?9?9?9?9*9?9*9?9?9?9?9?9?9*9*_?9*9*9?9?9,33.1,26.4,68,100210,9999,9999,453,111,132,85,999900,999900,999900,99990,180,1.0,5,5,999.0,999,9,'999999999,0,0.0000,0,88,999.000,0.0,1.0
2056/3/21,19:00,?9?9?9?9E0?9?9?9?9*9?9*9?9?9?9?9?9?9*9*_?9*9*9?9?9,31.3,28.3,84,100310,9999,9999,442,3,0,3,999900,999900,999900,99990,180,1.3,4,4,999.0,999,9,'999999999,0,0.0000,0,88,999.000,0.0,1.0
2056/3/21,20:00,?9?9?9?9E0?9?9?9?9*9?9*9?9?9?9?9?9?9*9*_?9*9*9?9?9,30.7,28.5,88,100310,9999,9999,438,0,0,0,999900,999900,999900,99990,180,1.1,4,4,999.0,999,9,'999999999,0,0.0000,0,88,999.000,0.0,1.0
2056/3/21,21:00,?9?9?9?9E0?9?9?9?9*9?9*9?9?9?9?9?9?9*9*_?9*9*9?9?9,30.4,28.4,89,100410,9999,9999,433,0,0,0,999900,999900,999900,99990,110,1.2,3,3,999.0,999,9,'999999999,0,0.0000,0,88,999.000,0.0,1.0
2056/3/21,22:00,?9?9?9?9E0?9?9?9?9*9?9*9?9?9?9?9?9?9*9*_?9*9*9?9?9,30.0,28.0,89,100510,9999,9999,430,0,0,0,999900,999900,999900,99990,110,0.8,3,3,999.0,999,9,'999999999,0,0.0000,0,88,999.000,0.0,1.0
2056/3/21,23:00,?9?9?9?9E0?9?9?9?9*9?9*9?9?9?9?9?9?9*9*_?9*9*9?9?9,29.5,27.5,89,100510,9999,9999,427,0,0,0,999900,999900,999900,99990,110,0.8,3,3,999.0,999,9,'999999999,0,0.0000,0,88,999.000,0.0,1.0
2056/3/21,24:00,?9?9?9?9E0?9?9?9?9*9?9*9?9?9?9?9?9?9*9*_?9*9*9?9?9,29.0,27.0,89,100610,9999,9999,424,0,0,0,999900,999900,999900,99990,180,0.7,3,3,999.0,999,9,'999999999,0,0.0000,0,88,999.000,0.0,1.0
2056/3/22,01:00,?9?9?9?9E0?9?9?9?9*9?9*9?9?9?9?9?9?9*9*_?9*9*9?9?9,28.9,27.1,90,100510,9999,9999,423,0,0,0,999900,999900,999900,99990,180,0.7,3,3,999.0,999,9,'999999999,0,0.0000,0,88,999.000,0.0,1.0
2056/3/22,02:00,?9?9?9?9E0?9?9?9?9*9?9*9?9?9?9?9?9?9*9*_?9*9*9?9?9,28.6,27.4,93,100510,9999,9999,422,0,0,0,999900,999900,999900,99990,180,0.8,3,3,999.0,999,9,'999999999,0,0.0000,0,88,999.000,0.0,1.0
2056/3/22,03:00,?9?9?9?9E0?9?9?9?9*9?9*9?9?9?9?9?9?9*9*_?9*9*9?9?9,28.5,26.7,90,100510,9999,9999,420,0,0,0,999900,999900,999900,99990,160,0.8,3,3,999.0,999,9,'999999999,0,0.0000,0,88,999.000,0.0,1.0
2056/3/22,04:00,?9?9?9?9E0?9?9?9?9*9?9*9?9?9?9?9?9?9*9*_?9*9*9?9?9,28.0,26.2,90,100510,9999,9999,417,0,0,0,999900,999900,999900,99990,160,0.3,3,3,999.0,999,9,'999999999,0,0.0000,0,88,999.000,0.0,1.0
2056/3/22,05:00,?9?9?9?9E0?9?9?9?9*9?9*9?9?9?9?9?9?9*9*_?9*9*9?9?9,27.6,26.6,94,100510,9999,9999,415,0,0,0,999900,999900,999900,99990,160,1.0,3,3,999.0,999,9,'999999999,0,0.0000,0,88,999.000,0.0,1.0
2056/3/22,06:00,?9?9?9?9E0?9?9?9?9*9?9*9?9?9?9?9?9?9*9*_?9*9*9?9?9,27.6,26.7,95,100510,9999,9999,415,0,0,0,999900,999900,999900,99990,230,1.0,3,3,999.0,999,9,'999999999,0,0.0000,0,88,999.000,0.0,1.0
2056/3/22,07:00,?9?9?9?9E0?9?9?9?9*9?9*9?9?9?9?9?9?9*9*_?9*9*9?9?9,27.7,26.7,94,100510,9999,9999,419,35,123,28,999900,999900,999900,99990,230,0.8,4,4,999.0,999,9,'999999999,0,0.0000,0,88,999.000,0.0,1.0
2056/3/22,08:00,?9?9?9?9E0?9?9?9?9*9?9*9?9?9?9?9?9?9*9*_?9*9*9?9?9,28.8,26.6,88,100610,9999,9999,432,188,167,137,999900,999900,999900,99990,230,1.3,6,6,999.0,999,9,'999999999,0,0.0000,0,88,999.000,0.0,1.0
2056/3/22,09:00,?9?9?9?9E0?9?9?9?9*9?9*9?9?9?9?9?9?9*9*_?9*9*9?9?9,30.5,24.7,71,100710,9999,9999,445,377,254,241,999900,999900,999900,99990,200,1.1,7,7,999.0,999,9,'999999999,0,0.0000,0,88,999.000,0.0,1.0
2056/3/22,10:00,?9?9?9?9E0?9?9?9?9*9?9*9?9?9?9?9?9?9*9*_?9*9*9?9?9,32.4,23.7,60,100710,9999,9999,462,513,251,330,999900,999900,999900,99990,200,1.0,8,8,999.0,999,9,'999999999,0,0.0000,0,88,999.000,0.0,1.0
2056/3/22,11:00,?9?9?9?9E0?9?9?9?9*9?9*9?9?9?9?9?9?9*9*_?9*9*9?9?9,34.3,24.0,55,100710,9999,9999,474,634,266,402,999900,999900,999900,99990,200,1.4,8,8,999.0,999,9,'999999999,0,0.0000,0,88,999.000,0.0,1.0
2056/3/22,12:00,?9?9?9?9E0?9?9?9?9*9?9*9?9?9?9?9?9?9*9*_?9*9*9?9?9,35.5,23.2,49,100710,9999,9999,480,718,290,441,999900,999900,999900,99990,200,1.2,8,8,999.0,999,9,'999999999,0,0.0000,0,88,999.000,0.0,1.0
2056/3/22,13:00,?9?9?9?9E0?9?9?9?9*9?9*9?9?9?9?9?9?9*9*_?9*9*9?9?9,36.7,21.7,42,100710,9999,9999,478,801,387,424,999900,999900,999900,99990,200,1.0,7,7,999.0,999,9,'999999999,0,0.0000,0,88,999.000,0.0,1.0
2056/3/22,14:00,?9?9?9?9E0?9?9?9?9*9?9*9?9?9?9?9?9?9*9*_?9*9*9?9?9,37.4,24.5,48,100610,9999,9999,481,781,442,372,999900,999900,999900,99990,200,0.7,6,6,999.0,999,9,'999999999,0,0.0000,0,88,999.000,0.0,1.0
2056/3/22,15:00,?9?9?9?9E0?9?9?9?9*9?9*9?9?9?9?9?9?9*9*_?9*9*9?9?9,36.1,25.3,54,100510,9999,9999,470,700,484,305,999900,999900,999900,99990,180,1.2,5,5,999.0,999,9,'999999999,0,0.0000,0,88,999.000,0.0,1.0
2056/3/22,16:00,?9?9?9?9E0?9?9?9?9*9?9*9?9?9?9?9?9?9*9*_?9*9*9?9?9,35.0,25.5,58,100410,9999,9999,463,526,419,254,999900,999900,999900,99990,180,1.0,5,5,999.0,999,9,'999999999,0,0.0000,0,88,999.000,0.0,1.0
2056/3/22,17:00,?9?9?9?9E0?9?9?9?9*9?9*9?9?9?9?9?9?9*9*_?9*9*9?9?9,33.7,26.5,66,100410,9999,9999,461,293,228,193,999900,999900,999900,99990,180,1.2,6,6,999.0,999,9,'999999999,0,0.0000,0,88,999.000,0.0,1.0
2056/3/22,18:00,?9?9?9?9E0?9?9?9?9*9?9*9?9?9?9?9?9?9*9*_?9*9*9?9?9,32.3,27.1,74,100410,9999,9999,459,84,55,73,999900,999900,999900,99990,140,0.7,7,7,999.0,999,9,'999999999,0,0.0000,0,88,999.000,0.0,1.0
2056/3/22,19:00,?9?9?9?9E0?9?9?9?9*9?9*9?9?9?9?9?9?9*9*_?9*9*9?9?9,31.4,28.4,84,100410,9999,9999,455,3,0,3,999900,999900,999900,99990,140,1.0,7,7,999.0,999,9,'999999999,0,0.0000,0,88,999.000,0.0,1.0
2056/3/22,20:00,?9?9?9?9E0?9?9?9?9*9?9*9?9?9?9?9?9?9*9*_?9*9*9?9?9,30.8,28.6,88,100510,9999,9999,446,0,0,0,999900,999900,999900,99990,140,1.0,6,6,999.0,999,9,'999999999,0,0.0000,0,88,999.000,0.0,1.0
2056/3/22,21:00,?9?9?9?9E0?9?9?9?9*9?9*9?9?9?9?9?9?9*9*_?9*9*9?9?9,30.4,28.6,90,100610,9999,9999,437,0,0,0,999900,999900,999900,99990,140,0.9,4,4,999.0,999,9,'999999999,0,0.0000,0,88,999.000,0.0,1.0
2056/3/22,22:00,?9?9?9?9E0?9?9?9?9*9?9*9?9?9?9?9?9?9*9*_?9*9*9?9?9,30.1,28.3,90,100610,9999,9999,435,0,0,0,999900,999900,999900,99990,140,0.8,4,4,999.0,999,9,'999999999,0,0.0000,0,88,999.000,0.0,1.0
2056/3/22,23:00,?9?9?9?9E0?9?9?9?9*9?9*9?9?9?9?9?9?9*9*_?9*9*9?9?9,29.8,28.4,92,100710,9999,9999,436,0,0,0,999900,999900,999900,99990,140,0.8,5,5,999.0,999,9,'999999999,0,0.0000,0,88,999.000,0.0,1.0
2056/3/22,24:00,?9?9?9?9E0?9?9?9?9*9?9*9?9?9?9?9?9?9*9*_?9*9*9?9?9,29.5,28.3,93,100710,9999,9999,435,0,0,0,999900,999900,999900,99990,140,0.7,5,5,999.0,999,9,'999999999,0,0.0000,0,88,999.000,0.0,1.0
2056/3/23,01:00,?9?9?9?9E0?9?9?9?9*9?9*9?9?9?9?9?9?9*9*_?9*9*9?9?9,29.3,28.1,93,100710,9999,9999,437,0,0,0,999900,999900,999900,99990,140,0.7,6,6,999.0,999,9,'999999999,0,0.0000,0,88,999.000,0.0,1.0
2056/3/23,02:00,?9?9?9?9E0?9?9?9?9*9?9*9?9?9?9?9?9?9*9*_?9*9*9?9?9,29.1,27.9,93,100610,9999,9999,441,0,0,0,999900,999900,999900,99990,140,0.8,7,7,999.0,999,9,'999999999,0,0.0000,0,88,999.000,0.0,1.0
2056/3/23,03:00,?9?9?9?9E0?9?9?9?9*9?9*9?9?9?9?9?9?9*9*_?9*9*9?9?9,29.4,28.2,93,100610,9999,9999,443,0,0,0,999900,999900,999900,99990,160,0.8,7,7,999.0,999,9,'999999999,0,0.0000,0,88,999.000,0.0,1.0
2056/3/23,04:00,?9?9?9?9E0?9?9?9?9*9?9*9?9?9?9?9?9?9*9*_?9*9*9?9?9,29.3,27.9,92,100610,9999,9999,442,0,0,0,999900,999900,999900,99990,160,1.1,7,7,999.0,999,9,'999999999,0,0.0000,0,88,999.000,0.0,1.0
2056/3/23,05:00,?9?9?9?9E0?9?9?9?9*9?9*9?9?9?9?9?9?9*9*_?9*9*9?9?9,28.7,26.9,90,100610,9999,9999,437,0,0,0,999900,999900,999900,99990,160,0.9,7,7,999.0,999,9,'999999999,0,0.0000,0,88,999.000,0.0,1.0
2056/3/23,06:00,?9?9?9?9E0?9?9?9?9*9?9*9?9?9?9?9?9?9*9*_?9*9*9?9?9,28.4,27.0,92,100610,9999,9999,430,0,0,0,999900,999900,999900,99990,200,0.7,6,6,999.0,999,9,'999999999,0,0.0000,0,88,999.000,0.0,1.0
2056/3/23,07:00,?9?9?9?9E0?9?9?9?9*9?9*9?9?9?9?9?9?9*9*_?9*9*9?9?9,28.6,27.2,92,100610,9999,9999,428,34,120,27,999900,999900,999900,99990,200,0.8,5,5,999.0,999,9,'999999999,0,0.0000,0,88,999.000,0.0,1.0
2056/3/23,08:00,?9?9?9?9E0?9?9?9?9*9?9*9?9?9?9?9?9?9*9*_?9*9*9?9?9,29.6,27.4,88,100710,9999,9999,434,206,246,130,999900,999900,999900,99990,200,0.8,5,5,999.0,999,9,'999999999,0,0.0000,0,88,999.000,0.0,1.0
2056/3/23,09:00,?9?9?9?9E0?9?9?9?9*9?9*9?9?9?9?9?9?9*9*_?9*9*9?9?9,31.1,27.0,79,100710,9999,9999,442,430,433,197,999900,999900,999900,99990,200,1.2,5,5,999.0,999,9,'999999999,0,0.0000,0,88,999.000,0.0,1.0
2056/3/23,10:00,?9?9?9?9E0?9?9?9?9*9?9*9?9?9?9?9?9?9*9*_?9*9*9?9?9,33.1,25.1,63,100710,9999,9999,451,651,579,228,999900,999900,999900,99990,200,1.1,5,5,999.0,999,9,'999999999,0,0.0000,0,88,999.000,0.0,1.0
2056/3/23,11:00,?9?9?9?9E0?9?9?9?9*9?9*9?9?9?9?9?9?9*9*_?9*9*9?9?9,34.8,24.1,54,100710,9999,9999,460,809,633,256,999900,999900,999900,99990,200,1.2,5,5,999.0,999,9,'999999999,0,0.0000,0,88,999.000,0.0,1.0
2056/3/23,12:00,?9?9?9?9E0?9?9?9?9*9?9*9?9?9?9?9?9?9*9*_?9*9*9?9?9,35.9,20.6,41,100710,9999,9999,462,933,705,258,999900,999900,999900,99990,230,1.3,5,5,999.0,999,9,'999999999,0,0.0000,0,88,999.000,0.0,1.0
2056/3/23,13:00,?9?9?9?9E0?9?9?9?9*9?9*9?9?9?9?9?9?9*9*_?9*9*9?9?9,37.0,19.9,37,100710,9999,9999,464,976,743,251,999900,999900,999900,99990,230,0.8,4,4,999.0,999,9,'999999999,0,0.0000,0,88,999.000,0.0,1.0
2056/3/23,14:00,?9?9?9?9E0?9?9?9?9*9?9*9?9?9?9?9?9?9*9*_?9*9*9?9?9,36.5,25.4,53,100610,9999,9999,469,865,645,266,999900,999900,999900,99990,230,1.5,4,4,999.0,999,9,'999999999,0,0.0000,0,88,999.000,0.0,1.0
2056/3/23,15:00,?9?9?9?9E0?9?9?9?9*9?9*9?9?9?9?9?9?9*9*_?9*9*9?9?9,35.6,26.4,59,100510,9999,9999,461,751,629,237,999900,999900,999900,99990,180,1.5,3,3,999.0,999,9,'999999999,0,0.0000,0,88,999.000,0.0,1.0
2056/3/23,16:00,?9?9?9?9E0?9?9?9?9*9?9*9?9?9?9?9?9?9*9*_?9*9*9?9?9,34.6,27.3,66,100610,9999,9999,460,539,493,219,999900,999900,999900,99990,180,1.4,4,4,999.0,999,9,'999999999,0,0.0000,0,88,999.000,0.0,1.0
2056/3/23,17:00,?9?9?9?9E0?9?9?9?9*9?9*9?9?9?9?9?9?9*9*_?9*9*9?9?9,33.6,26.9,68,100710,9999,9999,457,313,319,173,999900,999900,999900,99990,180,1.5,5,5,999.0,999,9,'999999999,0,0.0000,0,88,999.000,0.0,1.0
2056/3/23,18:00,?9?9?9?9E0?9?9?9?9*9?9*9?9?9?9?9?9?9*9*_?9*9*9?9?9,32.6,27.4,74,100510,9999,9999,451,107,130,81,999900,999900,999900,99990,180,1.5,5,5,999.0,999,9,'999999999,0,0.0000,0,88,999.000,0.0,1.0
2056/3/23,19:00,?9?9?9?9E0?9?9?9?9*9?9*9?9?9?9?9?9?9*9*_?9*9*9?9?9,31.5,28.7,85,100510,9999,9999,443,3,0,3,999900,999900,999900,99990,180,1.2,4,4,999.0,999,9,'999999999,0,0.0000,0,88,999.000,0.0,1.0
2056/3/23,20:00,?9?9?9?9E0?9?9?9?9*9?9*9?9?9?9?9?9?9*9*_?9*9*9?9?9,31.1,28.9,88,100610,9999,9999,441,0,0,0,999900,999900,999900,99990,180,1.0,4,4,999.0,999,9,'999999999,0,0.0000,0,88,999.000,0.0,1.0
2056/3/23,21:00,?9?9?9?9E0?9?9?9?9*9?9*9?9?9?9?9?9?9*9*_?9*9*9?9?9,30.6,29.2,92,100710,9999,9999,439,0,0,0,999900,999900,999900,99990,180,1.0,4,4,999.0,999,9,'999999999,0,0.0000,0,88,999.000,0.0,1.0
2056/3/23,22:00,?9?9?9?9E0?9?9?9?9*9?9*9?9?9?9?9?9?9*9*_?9*9*9?9?9,30.4,29.2,93,100710,9999,9999,438,0,0,0,999900,999900,999900,99990,180,0.8,4,4,999.0,999,9,'999999999,0,0.0000,0,88,999.000,0.0,1.0
2056/3/23,23:00,?9?9?9?9E0?9?9?9?9*9?9*9?9?9?9?9?9?9*9*_?9*9*9?9?9,30.1,29.2,95,100810,9999,9999,436,0,0,0,999900,999900,999900,99990,180,1.0,4,4,999.0,999,9,'999999999,0,0.0000,0,88,999.000,0.0,1.0
2056/3/23,24:00,?9?9?9?9E0?9?9?9?9*9?9*9?9?9?9?9?9?9*9*_?9*9*9?9?9,29.9,29.4,97,100810,9999,9999,435,0,0,0,999900,999900,999900,99990,180,1.0,4,4,999.0,999,9,'999999999,0,0.0000,0,88,999.000,0.0,1.0
2056/3/24,01:00,?9?9?9?9E0?9?9?9?9*9?9*9?9?9?9?9?9?9*9*_?9*9*9?9?9,29.7,29.2,97,100810,9999,9999,437,0,0,0,999900,999900,999900,99990,180,1.2,5,5,999.0,999,9,'999999999,0,0.0000,0,88,999.000,0.0,1.0
2056/3/24,02:00,?9?9?9?9E0?9?9?9?9*9?9*9?9?9?9?9?9?9*9*_?9*9*9?9?9,29.6,29.1,97,100710,9999,9999,436,0,0,0,999900,999900,999900,99990,180,0.8,5,5,999.0,999,9,'999999999,0,0.0000,0,88,999.000,0.0,1.0
2056/3/24,03:00,?9?9?9?9E0?9?9?9?9*9?9*9?9?9?9?9?9?9*9*_?9*9*9?9?9,29.4,28.9,97,100710,9999,9999,435,0,0,0,999900,999900,999900,99990,180,0.8,5,5,999.0,999,9,'999999999,0,0.0000,0,88,999.000,0.0,1.0
2056/3/24,04:00,?9?9?9?9E0?9?9?9?9*9?9*9?9?9?9?9?9?9*9*_?9*9*9?9?9,29.1,28.2,95,100610,9999,9999,429,0,0,0,999900,999900,999900,99990,180,0.9,4,4,999.0,999,9,'999999999,0,0.0000,0,88,999.000,0.0,1.0
2056/3/24,05:00,?9?9?9?9E0?9?9?9?9*9?9*9?9?9?9?9?9?9*9*_?9*9*9?9?9,28.9,28.0,95,100610,9999,9999,428,0,0,0,999900,999900,999900,99990,180,0.5,4,4,999.0,999,9,'999999999,0,0.0000,0,88,999.000,0.0,1.0
2056/3/24,06:00,?9?9?9?9E0?9?9?9?9*9?9*9?9?9?9?9?9?9*9*_?9*9*9?9?9,28.6,28.1,97,100610,9999,9999,423,0,0,0,999900,999900,999900,99990,180,0.3,3,3,999.0,999,9,'999999999,0,0.0000,0,88,999.000,0.0,1.0
2056/3/24,07:00,?9?9?9?9E0?9?9?9?9*9?9*9?9?9?9?9?9?9*9*_?9*9*9?9?9,28.4,27.9,97,100610,9999,9999,421,40,188,28,999900,999900,999900,99990,180,0.3,3,3,999.0,999,9,'999999999,0,0.0000,0,88,999.000,0.0,1.0
2056/3/24,08:00,?9?9?9?9E0?9?9?9?9*9?9*9?9?9?9?9?9?9*9*_?9*9*9?9?9,29.2,28.5,96,100610,9999,9999,422,228,349,119,999900,999900,999900,99990,180,0.5,2,2,999.0,999,9,'999999999,0,0.0000,0,88,999.000,0.0,1.0
2056/3/24,09:00,?9?9?9?9E0?9?9?9?9*9?9*9?9?9?9?9?9?9*9*_?9*9*9?9?9,31.7,27.0,76,100610,9999,9999,429,489,624,151,999900,999900,999900,99990,180,1.4,1,1,999.0,999,9,'999999999,0,0.0000,0,88,999.000,0.0,1.0
2056/3/24,10:00,?9?9?9?9E0?9?9?9?9*9?9*9?9?9?9?9?9?9*9*_?9*9*9?9?9,33.6,26.6,67,100610,9999,9999,439,710,733,173,999900,999900,999900,99990,180,1.0,1,1,999.0,999,9,'999999999,0,0.0000,0,88,999.000,0.0,1.0
2056/3/24,11:00,?9?9?9?9E0?9?9?9?9*9?9*9?9?9?9?9?9?9*9*_?9*9*9?9?9,35.2,24.8,55,100510,9999,9999,437,882,789,191,999900,999900,999900,99990,180,0.6,0,0,999.0,999,9,'999999999,0,0.0000,0,88,999.000,0.0,1.0
2056/3/24,12:00,?9?9?9?9E0?9?9?9?9*9?9*9?9?9?9?9?9?9*9*_?9*9*9?9?9,36.7,24.6,50,100510,9999,9999,446,989,815,207,999900,999900,999900,99990,270,0.9,0,0,999.0,999,9,'999999999,0,0.0000,0,88,999.000,0.0,1.0
2056/3/24,13:00,?9?9?9?9E0?9?9?9?9*9?9*9?9?9?9?9?9?9*9*_?9*9*9?9?9,35.8,25.4,55,100510,9999,9999,442,977,760,234,999900,999900,999900,99990,270,1.1,0,0,999.0,999,9,'999999999,0,0.0000,0,88,999.000,0.0,1.0
2056/3/24,14:00,?9?9?9?9E0?9?9?9?9*9?9*9?9?9?9?9?9?9*9*_?9*9*9?9?9,35.6,26.6,60,100510,9999,9999,457,894,705,239,999900,999900,999900,99990,270,1.2,2,2,999.0,999,9,'999999999,0,0.0000,0,88,999.000,0.0,1.0
2056/3/24,15:00,?9?9?9?9E0?9?9?9?9*9?9*9?9?9?9?9?9?9*9*_?9*9*9?9?9,35.5,27.1,62,100510,9999,9999,461,746,632,230,999900,999900,999900,99990,180,1.1,3,3,999.0,999,9,'999999999,0,0.0000,0,88,999.000,0.0,1.0
2056/3/24,16:00,?9?9?9?9E0?9?9?9?9*9?9*9?9?9?9?9?9?9*9*_?9*9*9?9?9,35.0,26.9,63,100410,9999,9999,462,539,504,211,999900,999900,999900,99990,180,1.1,4,4,999.0,999,9,'999999999,0,0.0000,0,88,999.000,0.0,1.0
2056/3/24,17:00,?9?9?9?9E0?9?9?9?9*9?9*9?9?9?9?9?9?9*9*_?9*9*9?9?9,34.0,27.0,67,100410,9999,9999,456,327,374,163,999900,999900,999900,99990,180,0.9,4,4,999.0,999,9,'999999999,0,0.0000,0,88,999.000,0.0,1.0
2056/3/24,18:00,?9?9?9?9E0?9?9?9?9*9?9*9?9?9?9?9?9?9*9*_?9*9*9?9?9,32.6,28.3,78,100410,9999,9999,449,112,156,81,999900,999900,999900,99990,200,1.0,4,4,999.0,999,9,'999999999,0,0.0000,0,88,999.000,0.0,1.0
2056/3/24,19:00,?9?9?9?9E0?9?9?9?9*9?9*9?9?9?9?9?9?9*9*_?9*9*9?9?9,32.0,28.1,80,100410,9999,9999,446,3,0,3,999900,999900,999900,99990,200,0.6,4,4,999.0,999,9,'999999999,0,0.0000,0,88,999.000,0.0,1.0
2056/3/24,20:00,?9?9?9?9E0?9?9?9?9*9?9*9?9?9?9?9?9?9*9*_?9*9*9?9?9,31.9,28.7,83,100510,9999,9999,438,0,0,0,999900,999900,999900,99990,200,0.0,2,2,999.0,999,9,'999999999,0,0.0000,0,88,999.000,0.0,1.0
2056/3/24,21:00,?9?9?9?9E0?9?9?9?9*9?9*9?9?9?9?9?9?9*9*_?9*9*9?9?9,31.1,28.9,88,100610,9999,9999,420,0,0,0,999900,999900,999900,99990,50,0.5,0,0,999.0,999,9,'999999999,0,0.0000,0,88,999.000,0.0,1.0
2056/3/24,22:00,?9?9?9?9E0?9?9?9?9*9?9*9?9?9?9?9?9?9*9*_?9*9*9?9?9,31.0,29.2,90,100610,9999,9999,419,0,0,0,999900,999900,999900,99990,50,0.4,0,0,999.0,999,9,'999999999,0,0.0000,0,88,999.000,0.0,1.0
2056/3/24,23:00,?9?9?9?9E0?9?9?9?9*9?9*9?9?9?9?9?9?9*9*_?9*9*9?9?9,30.9,28.9,89,100610,9999,9999,432,0,0,0,999900,999900,999900,99990,50,0.6,2,2,999.0,999,9,'999999999,0,0.0000,0,88,999.000,0.0,1.0
2056/3/24,24:00,?9?9?9?9E0?9?9?9?9*9?9*9?9?9?9?9?9?9*9*_?9*9*9?9?9,30.4,28.8,91,100710,9999,9999,437,0,0,0,999900,999900,999900,99990,50,0.4,4,4,999.0,999,9,'999999999,0,0.0000,0,88,999.000,0.0,1.0
2056/3/25,01:00,?9?9?9?9E0?9?9?9?9*9?9*9?9?9?9?9?9?9*9*_?9*9*9?9?9,30.2,28.6,91,100610,9999,9999,439,0,0,0,999900,999900,999900,99990,50,0.4,5,5,999.0,999,9,'999999999,0,0.0000,0,88,999.000,0.0,1.0
2056/3/25,02:00,?9?9?9?9E0?9?9?9?9*9?9*9?9?9?9?9?9?9*9*_?9*9*9?9?9,30.1,28.5,91,100610,9999,9999,438,0,0,0,999900,999900,999900,99990,50,0.4,5,5,999.0,999,9,'999999999,0,0.0000,0,88,999.000,0.0,1.0
2056/3/25,03:00,?9?9?9?9E0?9?9?9?9*9?9*9?9?9?9?9?9?9*9*_?9*9*9?9?9,29.9,28.3,91,100510,9999,9999,437,0,0,0,999900,999900,999900,99990,90,0.4,5,5,999.0,999,9,'999999999,0,0.0000,0,88,999.000,0.0,1.0
2056/3/25,04:00,?9?9?9?9E0?9?9?9?9*9?9*9?9?9?9?9?9?9*9*_?9*9*9?9?9,29.7,28.1,91,100510,9999,9999,435,0,0,0,999900,999900,999900,99990,90,0.5,5,5,999.0,999,9,'999999999,0,0.0000,0,88,999.000,0.0,1.0
2056/3/25,05:00,?9?9?9?9E0?9?9?9?9*9?9*9?9?9?9?9?9?9*9*_?9*9*9?9?9,29.6,28.0,91,100510,9999,9999,432,0,0,0,999900,999900,999900,99990,90,0.4,4,4,999.0,999,9,'999999999,0,0.0000,0,88,999.000,0.0,1.0
2056/3/25,06:00,?9?9?9?9E0?9?9?9?9*9?9*9?9?9?9?9?9?9*9*_?9*9*9?9?9,29.1,27.7,92,100510,9999,9999,425,0,0,0,999900,999900,999900,99990,230,0.5,3,3,999.0,999,9,'999999999,0,0.0000,0,88,999.000,0.0,1.0
2056/3/25,07:00,?9?9?9?9E0?9?9?9?9*9?9*9?9?9?9?9?9?9*9*_?9*9*9?9?9,29.2,27.8,92,100510,9999,9999,426,43,174,32,999900,999900,999900,99990,230,0.3,3,3,999.0,999,9,'999999999,0,0.0000,0,88,999.000,0.0,1.0
2056/3/25,08:00,?9?9?9?9E0?9?9?9?9*9?9*9?9?9?9?9?9?9*9*_?9*9*9?9?9,30.1,28.1,89,100610,9999,9999,438,209,221,139,999900,999900,999900,99990,230,0.4,5,5,999.0,999,9,'999999999,0,0.0000,0,88,999.000,0.0,1.0
2056/3/25,09:00,?9?9?9?9E0?9?9?9?9*9?9*9?9?9?9?9?9?9*9*_?9*9*9?9?9,31.9,27.8,79,100710,9999,9999,457,367,230,242,999900,999900,999900,99990,200,0.7,7,7,999.0,999,9,'999999999,0,0.0000,0,88,999.000,0.0,1.0
2056/3/25,10:00,?9?9?9?9E0?9?9?9?9*9?9*9?9?9?9?9?9?9*9*_?9*9*9?9?9,33.4,25.9,65,100710,9999,9999,471,507,235,334,999900,999900,999900,99990,200,0.8,8,8,999.0,999,9,'999999999,0,0.0000,0,88,999.000,0.0,1.0
2056/3/25,11:00,?9?9?9?9E0?9?9?9?9*9?9*9?9?9?9?9?9?9*9*_?9*9*9?9?9,34.4,25.5,60,100710,9999,9999,477,625,248,407,999900,999900,999900,99990,200,0.5,8,8,999.0,999,9,'999999999,0,0.0000,0,88,999.000,0.0,1.0
2056/3/25,12:00,?9?9?9?9E0?9?9?9?9*9?9*9?9?9?9?9?9?9*9*_?9*9*9?9?9,35.4,26.5,60,100710,9999,9999,484,694,253,451,999900,999900,999900,99990,160,1.0,8,8,999.0,999,9,'999999999,0,0.0000,0,88,999.000,0.0,1.0
2056/3/25,13:00,?9?9?9?9E0?9?9?9?9*9?9*9?9?9?9?9?9?9*9*_?9*9*9?9?9,35.2,26.8,62,100710,9999,9999,476,751,316,442,999900,999900,999900,99990,160,1.0,7,7,999.0,999,9,'999999999,0,0.0000,0,88,999.000,0.0,1.0
2056/3/25,14:00,?9?9?9?9E0?9?9?9?9*9?9*9?9?9?9?9?9?9*9*_?9*9*9?9?9,35.1,25.3,57,100610,9999,9999,464,822,514,344,999900,999900,999900,99990,160,1.5,5,5,999.0,999,9,'999999999,0,0.0000,0,88,999.000,0.0,1.0
2056/3/25,15:00,?9?9?9?9E0?9?9?9?9*9?9*9?9?9?9?9?9?9*9*_?9*9*9?9?9,34.9,25.1,57,100510,9999,9999,455,759,613,257,999900,999900,999900,99990,180,1.5,3,3,999.0,999,9,'999999999,0,0.0000,0,88,999.000,0.0,1.0
2056/3/25,16:00,?9?9?9?9E0?9?9?9?9*9?9*9?9?9?9?9?9?9*9*_?9*9*9?9?9,33.9,25.9,63,100410,9999,9999,450,562,525,220,999900,999900,999900,99990,180,1.5,3,3,999.0,999,9,'999999999,0,0.0000,0,88,999.000,0.0,1.0
2056/3/25,17:00,?9?9?9?9E0?9?9?9?9*9?9*9?9?9?9?9?9?9*9*_?9*9*9?9?9,33.2,26.5,68,100410,9999,9999,447,341,387,171,999900,999900,999900,99990,180,1.4,3,3,999.0,999,9,'999999999,0,0.0000,0,88,999.000,0.0,1.0
2056/3/25,18:00,?9?9?9?9E0?9?9?9?9*9?9*9?9?9?9?9?9?9*9*_?9*9*9?9?9,31.9,27.6,78,100410,9999,9999,441,119,163,86,999900,999900,999900,99990,180,1.2,3,3,999.0,999,9,'999999999,0,0.0000,0,88,999.000,0.0,1.0
2056/3/25,19:00,?9?9?9?9E0?9?9?9?9*9?9*9?9?9?9?9?9?9*9*_?9*9*9?9?9,31.5,28.5,84,100410,9999,9999,440,3,0,3,999900,999900,999900,99990,180,1.0,3,3,999.0,999,9,'999999999,0,0.0000,0,88,999.000,0.0,1.0
2056/3/25,20:00,?9?9?9?9E0?9?9?9?9*9?9*9?9?9?9?9?9?9*9*_?9*9*9?9?9,31.0,28.6,87,100510,9999,9999,440,0,0,0,999900,999900,999900,99990,180,0.8,4,4,999.0,999,9,'999999999,0,0.0000,0,88,999.000,0.0,1.0
2056/3/25,21:00,?9?9?9?9E0?9?9?9?9*9?9*9?9?9?9?9?9?9*9*_?9*9*9?9?9,30.6,28.4,88,100610,9999,9999,438,0,0,0,999900,999900,999900,99990,140,0.7,4,4,999.0,999,9,'999999999,0,0.0000,0,88,999.000,0.0,1.0
2056/3/25,22:00,?9?9?9?9E0?9?9?9?9*9?9*9?9?9?9?9?9?9*9*_?9*9*9?9?9,30.5,28.5,89,100710,9999,9999,441,0,0,0,999900,999900,999900,99990,140,0.4,5,5,999.0,999,9,'999999999,0,0.0000,0,88,999.000,0.0,1.0
2056/3/25,23:00,?9?9?9?9E0?9?9?9?9*9?9*9?9?9?9?9?9?9*9*_?9*9*9?9?9,30.2,28.6,91,100710,9999,9999,439,0,0,0,999900,999900,999900,99990,140,0.6,5,5,999.0,999,9,'999999999,0,0.0000,0,88,999.000,0.0,1.0
2056/3/25,24:00,?9?9?9?9E0?9?9?9?9*9?9*9?9?9?9?9?9?9*9*_?9*9*9?9?9,29.9,28.5,92,100810,9999,9999,437,0,0,0,999900,999900,999900,99990,140,0.4,5,5,999.0,999,9,'999999999,0,0.0000,0,88,999.000,0.0,1.0
2056/3/26,01:00,?9?9?9?9E0?9?9?9?9*9?9*9?9?9?9?9?9?9*9*_?9*9*9?9?9,29.7,28.1,91,100810,9999,9999,435,0,0,0,999900,999900,999900,99990,140,0.3,5,5,999.0,999,9,'999999999,0,0.0000,0,88,999.000,0.0,1.0
2056/3/26,02:00,?9?9?9?9E0?9?9?9?9*9?9*9?9?9?9?9?9?9*9*_?9*9*9?9?9,29.5,27.9,91,100710,9999,9999,434,0,0,0,999900,999900,999900,99990,140,0.1,5,5,999.0,999,9,'999999999,0,0.0000,0,88,999.000,0.0,1.0
2056/3/26,03:00,?9?9?9?9E0?9?9?9?9*9?9*9?9?9?9?9?9?9*9*_?9*9*9?9?9,29.1,27.9,93,100710,9999,9999,429,0,0,0,999900,999900,999900,99990,230,0.2,4,4,999.0,999,9,'999999999,0,0.0000,0,88,999.000,0.0,1.0
2056/3/26,04:00,?9?9?9?9E0?9?9?9?9*9?9*9?9?9?9?9?9?9*9*_?9*9*9?9?9,28.8,27.4,92,100710,9999,9999,426,0,0,0,999900,999900,999900,99990,230,0.0,4,4,999.0,999,9,'999999999,0,0.0000,0,88,999.000,0.0,1.0
2056/3/26,05:00,?9?9?9?9E0?9?9?9?9*9?9*9?9?9?9?9?9?9*9*_?9*9*9?9?9,28.5,27.3,93,100710,9999,9999,424,0,0,0,999900,999900,999900,99990,230,0.5,4,4,999.0,999,9,'999999999,0,0.0000,0,88,999.000,0.0,1.0
2056/3/26,06:00,?9?9?9?9E0?9?9?9?9*9?9*9?9?9?9?9?9?9*9*_?9*9*9?9?9,28.2,27.0,93,100710,9999,9999,422,0,0,0,999900,999900,999900,99990,230,0.4,4,4,999.0,999,9,'999999999,0,0.0000,0,88,999.000,0.0,1.0
2056/3/26,07:00,?9?9?9?9E0?9?9?9?9*9?9*9?9?9?9?9?9?9*9*_?9*9*9?9?9,28.5,27.3,93,100710,9999,9999,424,42,161,31,999900,999900,999900,99990,230,0.2,4,4,999.0,999,9,'999999999,0,0.0000,0,88,999.000,0.0,1.0
2056/3/26,08:00,?9?9?9?9E0?9?9?9?9*9?9*9?9?9?9?9?9?9*9*_?9*9*9?9?9,30.4,28.4,89,100810,9999,9999,440,209,237,134,999900,999900,999900,99990,230,0.9,5,5,999.0,999,9,'999999999,0,0.0000,0,88,999.000,0.0,1.0
2056/3/26,09:00,?9?9?9?9E0?9?9?9?9*9?9*9?9?9?9?9?9?9*9*_?9*9*9?9?9,31.8,27.3,77,100910,9999,9999,447,435,416,208,999900,999900,999900,99990,180,0.9,5,5,999.0,999,9,'999999999,0,0.0000,0,88,999.000,0.0,1.0
2056/3/26,10:00,?9?9?9?9E0?9?9?9?9*9?9*9?9?9?9?9?9?9*9*_?9*9*9?9?9,33.8,26.6,66,100910,9999,9999,462,605,453,271,999900,999900,999900,99990,180,0.8,6,6,999.0,999,9,'999999999,0,0.0000,0,88,999.000,0.0,1.0
2056/3/26,11:00,?9?9?9?9E0?9?9?9?9*9?9*9?9?9?9?9?9?9*9*_?9*9*9?9?9,34.9,24.5,55,100910,9999,9999,465,766,520,309,999900,999900,999900,99990,180,0.8,6,6,999.0,999,9,'999999999,0,0.0000,0,88,999.000,0.0,1.0
2056/3/26,12:00,?9?9?9?9E0?9?9?9?9*9?9*9?9?9?9?9?9?9*9*_?9*9*9?9?9,35.4,24.4,53,100810,9999,9999,468,854,541,334,999900,999900,999900,99990,180,1.3,6,6,999.0,999,9,'999999999,0,0.0000,0,88,999.000,0.0,1.0
2056/3/26,13:00,?9?9?9?9E0?9?9?9?9*9?9*9?9?9?9?9?9?9*9*_?9*9*9?9?9,35.9,22.8,47,100810,9999,9999,465,918,622,309,999900,999900,999900,99990,180,1.4,5,5,999.0,999,9,'999999999,0,0.0000,0,88,999.000,0.0,1.0
2056/3/26,14:00,?9?9?9?9E0?9?9?9?9*9?9*9?9?9?9?9?9?9*9*_?9*9*9?9?9,35.0,24.0,53,100710,9999,9999,458,877,648,274,999900,999900,999900,99990,180,1.4,4,4,999.0,999,9,'999999999,0,0.0000,0,88,999.000,0.0,1.0
2056/3/26,15:00,?9?9?9?9E0?9?9?9?9*9?9*9?9?9?9?9?9?9*9*_?9*9*9?9?9,34.9,24.2,54,100710,9999,9999,457,742,604,248,999900,999900,999900,99990,160,1.2,4,4,999.0,999,9,'999999999,0,0.0000,0,88,999.000,0.0,1.0
2056/3/26,16:00,?9?9?9?9E0?9?9?9?9*9?9*9?9?9?9?9?9?9*9*_?9*9*9?9?9,34.4,25.2,59,100910,9999,9999,456,552,513,218,999900,999900,999900,99990,160,1.0,4,4,999.0,999,9,'999999999,0,0.0000,0,88,999.000,0.0,1.0
2056/3/26,17:00,?9?9?9?9E0?9?9?9?9*9?9*9?9?9?9?9?9?9*9*_?9*9*9?9?9,33.8,26.1,64,101110,9999,9999,457,313,311,176,999900,999900,999900,99990,160,0.8,5,5,999.0,999,9,'999999999,0,0.0000,0,88,999.000,0.0,1.0
2056/3/26,18:00,?9?9?9?9E0?9?9?9?9*9?9*9?9?9?9?9?9?9*9*_?9*9*9?9?9,31.9,28.2,81,101410,9999,9999,448,104,114,81,999900,999900,999900,99990,180,1.2,5,5,999.0,999,9,'999999999,0,0.0000,0,88,999.000,0.0,1.0
2056/3/26,19:00,?9?9?9?9E0?9?9?9?9*9?9*9?9?9?9?9?9?9*9*_?9*9*9?9?9,31.0,28.2,85,101510,9999,9999,443,3,0,3,999900,999900,999900,99990,180,1.1,5,5,999.0,999,9,'999999999,0,0.0000,0,88,999.000,0.0,1.0
2056/3/26,20:00,?9?9?9?9E0?9?9?9?9*9?9*9?9?9?9?9?9?9*9*_?9*9*9?9?9,30.7,28.1,86,101410,9999,9999,441,0,0,0,999900,999900,999900,99990,180,0.8,5,5,999.0,999,9,'999999999,0,0.0000,0,88,999.000,0.0,1.0
2056/3/26,21:00,?9?9?9?9E0?9?9?9?9*9?9*9?9?9?9?9?9?9*9*_?9*9*9?9?9,30.4,28.0,87,101310,9999,9999,439,0,0,0,999900,999900,999900,99990,180,0.8,5,5,999.0,999,9,'999999999,0,0.0000,0,88,999.000,0.0,1.0
2056/3/26,22:00,?9?9?9?9E0?9?9?9?9*9?9*9?9?9?9?9?9?9*9*_?9*9*9?9?9,30.1,28.1,89,101210,9999,9999,438,0,0,0,999900,999900,999900,99990,180,0.8,5,5,999.0,999,9,'999999999,0,0.0000,0,88,999.000,0.0,1.0
2056/3/26,23:00,?9?9?9?9E0?9?9?9?9*9?9*9?9?9?9?9?9?9*9*_?9*9*9?9?9,30.0,28.0,89,101110,9999,9999,437,0,0,0,999900,999900,999900,99990,180,0.7,5,5,999.0,999,9,'999999999,0,0.0000,0,88,999.000,0.0,1.0
2056/3/26,24:00,?9?9?9?9E0?9?9?9?9*9?9*9?9?9?9?9?9?9*9*_?9*9*9?9?9,29.5,27.9,91,101010,9999,9999,434,0,0,0,999900,999900,999900,99990,140,0.6,5,5,999.0,999,9,'999999999,0,0.0000,0,88,999.000,0.0,1.0
2056/3/27,01:00,?9?9?9?9E0?9?9?9?9*9?9*9?9?9?9?9?9?9*9*_?9*9*9?9?9,29.5,27.9,91,100910,9999,9999,431,0,0,0,999900,999900,999900,99990,140,0.6,4,4,999.0,999,9,'999999999,0,0.0000,0,88,999.000,0.0,1.0
2056/3/27,02:00,?9?9?9?9E0?9?9?9?9*9?9*9?9?9?9?9?9?9*9*_?9*9*9?9?9,29.4,27.8,91,100910,9999,9999,430,0,0,0,999900,999900,999900,99990,140,0.4,4,4,999.0,999,9,'999999999,0,0.0000,0,88,999.000,0.0,1.0
2056/3/27,03:00,?9?9?9?9E0?9?9?9?9*9?9*9?9?9?9?9?9?9*9*_?9*9*9?9?9,29.1,27.5,91,100810,9999,9999,428,0,0,0,999900,999900,999900,99990,140,0.2,4,4,999.0,999,9,'999999999,0,0.0000,0,88,999.000,0.0,1.0
2056/3/27,04:00,?9?9?9?9E0?9?9?9?9*9?9*9?9?9?9?9?9?9*9*_?9*9*9?9?9,28.6,27.0,91,100810,9999,9999,425,0,0,0,999900,999900,999900,99990,140,0.0,4,4,999.0,999,9,'999999999,0,0.0000,0,88,999.000,0.0,1.0
2056/3/27,05:00,?9?9?9?9E0?9?9?9?9*9?9*9?9?9?9?9?9?9*9*_?9*9*9?9?9,28.3,26.9,92,100810,9999,9999,423,0,0,0,999900,999900,999900,99990,140,0.3,4,4,999.0,999,9,'999999999,0,0.0000,0,88,999.000,0.0,1.0
2056/3/27,06:00,?9?9?9?9E0?9?9?9?9*9?9*9?9?9?9?9?9?9*9*_?9*9*9?9?9,28.0,26.8,93,100810,9999,9999,421,0,0,0,999900,999900,999900,99990,140,0.2,4,4,999.0,999,9,'999999999,0,0.0000,0,88,999.000,0.0,1.0
2056/3/27,07:00,?9?9?9?9E0?9?9?9?9*9?9*9?9?9?9?9?9?9*9*_?9*9*9?9?9,28.3,27.1,93,100810,9999,9999,423,44,165,32,999900,999900,999900,99990,140,0.1,4,4,999.0,999,9,'999999999,0,0.0000,0,88,999.000,0.0,1.0
2056/3/27,08:00,?9?9?9?9E0?9?9?9?9*9?9*9?9?9?9?9?9?9*9*_?9*9*9?9?9,29.5,27.9,91,100910,9999,9999,434,209,229,135,999900,999900,999900,99990,140,0.0,5,5,999.0,999,9,'999999999,0,0.0000,0,88,999.000,0.0,1.0
2056/3/27,09:00,?9?9?9?9E0?9?9?9?9*9?9*9?9?9?9?9?9?9*9*_?9*9*9?9?9,31.4,26.7,76,101010,9999,9999,443,439,419,209,999900,999900,999900,99990,230,0.8,5,5,999.0,999,9,'999999999,0,0.0000,0,88,999.000,0.0,1.0
2056/3/27,10:00,?9?9?9?9E0?9?9?9?9*9?9*9?9?9?9?9?9?9*9*_?9*9*9?9?9,33.3,24.8,61,101110,9999,9999,456,622,483,264,999900,999900,999900,99990,230,1.1,6,6,999.0,999,9,'999999999,0,0.0000,0,88,999.000,0.0,1.0
2056/3/27,11:00,?9?9?9?9E0?9?9?9?9*9?9*9?9?9?9?9?9?9*9*_?9*9*9?9?9,35.0,22.4,48,101110,9999,9999,463,784,551,298,999900,999900,999900,99990,230,0.7,6,6,999.0,999,9,'999999999,0,0.0000,0,88,999.000,0.0,1.0
2056/3/27,12:00,?9?9?9?9E0?9?9?9?9*9?9*9?9?9?9?9?9?9*9*_?9*9*9?9?9,35.8,20.9,42,101110,9999,9999,466,883,572,332,999900,999900,999900,99990,230,0.6,6,6,999.0,999,9,'999999999,0,0.0000,0,88,999.000,0.0,1.0
2056/3/27,13:00,?9?9?9?9E0?9?9?9?9*9?9*9?9?9?9?9?9?9*9*_?9*9*9?9?9,35.9,33.0,85,101010,9999,9999,479,785,396,397,999900,999900,999900,99990,230,1.2,5,5,999.0,999,9,'999999999,0,0.0000,0,88,999.000,0.0,1.0
2056/3/27,14:00,?9?9?9?9E0?9?9?9?9*9?9*9?9?9?9?9?9?9*9*_?9*9*9?9?9,35.0,25.5,58,100910,9999,9999,463,823,531,328,999900,999900,999900,99990,230,1.3,5,5,999.0,999,9,'999999999,0,0.0000,0,88,999.000,0.0,1.0
2056/3/27,15:00,?9?9?9?9E0?9?9?9?9*9?9*9?9?9?9?9?9?9*9*_?9*9*9?9?9,34.6,25.7,60,100710,9999,9999,458,730,568,265,999900,999900,999900,99990,110,1.3,4,4,999.0,999,9,'999999999,0,0.0000,0,88,999.000,0.0,1.0
2056/3/27,16:00,?9?9?9?9E0?9?9?9?9*9?9*9?9?9?9?9?9?9*9*_?9*9*9?9?9,33.5,25.8,64,100710,9999,9999,451,546,495,223,999900,999900,999900,99990,110,1.4,4,4,999.0,999,9,'999999999,0,0.0000,0,88,999.000,0.0,1.0
2056/3/27,17:00,?9?9?9?9E0?9?9?9?9*9?9*9?9?9?9?9?9?9*9*_?9*9*9?9?9,32.6,26.7,71,100610,9999,9999,447,325,346,173,999900,999900,999900,99990,110,1.6,4,4,999.0,999,9,'999999999,0,0.0000,0,88,999.000,0.0,1.0
2056/3/27,18:00,?9?9?9?9E0?9?9?9?9*9?9*9?9?9?9?9?9?9*9*_?9*9*9?9?9,31.6,27.7,80,100610,9999,9999,443,112,147,83,999900,999900,999900,99990,90,1.6,4,4,999.0,999,9,'999999999,0,0.0000,0,88,999.000,0.0,1.0
2056/3/27,19:00,?9?9?9?9E0?9?9?9?9*9?9*9?9?9?9?9?9?9*9*_?9*9*9?9?9,30.9,27.5,82,100710,9999,9999,438,4,0,4,999900,999900,999900,99990,90,1.2,4,4,999.0,999,9,'999999999,0,0.0000,0,88,999.000,0.0,1.0
2056/3/27,20:00,?9?9?9?9E0?9?9?9?9*9?9*9?9?9?9?9?9?9*9*_?9*9*9?9?9,30.6,27.2,82,100710,9999,9999,436,0,0,0,999900,999900,999900,99990,90,1.3,4,4,999.0,999,9,'999999999,0,0.0000,0,88,999.000,0.0,1.0
2056/3/27,21:00,?9?9?9?9E0?9?9?9?9*9?9*9?9?9?9?9?9?9*9*_?9*9*9?9?9,30.4,27.4,84,100810,9999,9999,435,0,0,0,999900,999900,999900,99990,140,1.2,4,4,999.0,999,9,'999999999,0,0.0000,0,88,999.000,0.0,1.0
2056/3/27,22:00,?9?9?9?9E0?9?9?9?9*9?9*9?9?9?9?9?9?9*9*_?9*9*9?9?9,30.1,27.5,86,100810,9999,9999,434,0,0,0,999900,999900,999900,99990,140,0.7,4,4,999.0,999,9,'999999999,0,0.0000,0,88,999.000,0.0,1.0
2056/3/27,23:00,?9?9?9?9E0?9?9?9?9*9?9*9?9?9?9?9?9?9*9*_?9*9*9?9?9,29.9,27.5,87,100910,9999,9999,433,0,0,0,999900,999900,999900,99990,140,0.5,4,4,999.0,999,9,'999999999,0,0.0000,0,88,999.000,0.0,1.0
2056/3/27,24:00,?9?9?9?9E0?9?9?9?9*9?9*9?9?9?9?9?9?9*9*_?9*9*9?9?9,29.5,27.5,89,100910,9999,9999,430,0,0,0,999900,999900,999900,99990,160,0.2,4,4,999.0,999,9,'999999999,0,0.0000,0,88,999.000,0.0,1.0
2056/3/28,01:00,?9?9?9?9E0?9?9?9?9*9?9*9?9?9?9?9?9?9*9*_?9*9*9?9?9,29.1,27.5,91,100810,9999,9999,431,0,0,0,999900,999900,999900,99990,160,0.1,5,5,999.0,999,9,'999999999,0,0.0000,0,88,999.000,0.0,1.0
2056/3/28,02:00,?9?9?9?9E0?9?9?9?9*9?9*9?9?9?9?9?9?9*9*_?9*9*9?9?9,29.0,27.4,91,100810,9999,9999,434,0,0,0,999900,999900,999900,99990,160,0.1,6,6,999.0,999,9,'999999999,0,0.0000,0,88,999.000,0.0,1.0
2056/3/28,03:00,?9?9?9?9E0?9?9?9?9*9?9*9?9?9?9?9?9?9*9*_?9*9*9?9?9,28.6,27.0,91,100710,9999,9999,437,0,0,0,999900,999900,999900,99990,230,0.3,7,7,999.0,999,9,'999999999,0,0.0000,0,88,999.000,0.0,1.0
2056/3/28,04:00,?9?9?9?9E0?9?9?9?9*9?9*9?9?9?9?9?9?9*9*_?9*9*9?9?9,28.1,26.7,92,100710,9999,9999,433,0,0,0,999900,999900,999900,99990,230,0.3,7,7,999.0,999,9,'999999999,0,0.0000,0,88,999.000,0.0,1.0
2056/3/28,05:00,?9?9?9?9E0?9?9?9?9*9?9*9?9?9?9?9?9?9*9*_?9*9*9?9?9,27.9,26.5,92,100810,9999,9999,432,0,0,0,999900,999900,999900,99990,230,0.4,7,7,999.0,999,9,'999999999,0,0.0000,0,88,999.000,0.0,1.0
2056/3/28,06:00,?9?9?9?9E0?9?9?9?9*9?9*9?9?9?9?9?9?9*9*_?9*9*9?9?9,27.8,26.6,93,100810,9999,9999,427,0,0,0,999900,999900,999900,99990,250,0.3,6,6,999.0,999,9,'999999999,0,0.0000,0,88,999.000,0.0,1.0
2056/3/28,07:00,?9?9?9?9E0?9?9?9?9*9?9*9?9?9?9?9?9?9*9*_?9*9*9?9?9,28.1,26.9,93,100810,9999,9999,429,37,94,30,999900,999900,999900,99990,250,0.3,6,6,999.0,999,9,'999999999,0,0.0000,0,88,999.000,0.0,1.0
2056/3/28,08:00,?9?9?9?9E0?9?9?9?9*9?9*9?9?9?9?9?9?9*9*_?9*9*9?9?9,29.9,26.9,84,100910,9999,9999,439,201,200,136,999900,999900,999900,99990,250,0.9,6,6,999.0,999,9,'999999999,0,0.0000,0,88,999.000,0.0,1.0
2056/3/28,09:00,?9?9?9?9E0?9?9?9?9*9?9*9?9?9?9?9?9?9*9*_?9*9*9?9?9,31.5,25.1,69,101010,9999,9999,446,425,395,207,999900,999900,999900,99990,200,1.0,6,6,999.0,999,9,'999999999,0,0.0000,0,88,999.000,0.0,1.0
2056/3/28,10:00,?9?9?9?9E0?9?9?9?9*9?9*9?9?9?9?9?9?9*9*_?9*9*9?9?9,32.9,22.7,55,101010,9999,9999,447,679,622,217,999900,999900,999900,99990,200,1.0,5,5,999.0,999,9,'999999999,0,0.0000,0,88,999.000,0.0,1.0
2056/3/28,11:00,?9?9?9?9E0?9?9?9?9*9?9*9?9?9?9?9?9?9*9*_?9*9*9?9?9,34.5,21.6,47,101010,9999,9999,455,841,682,239,999900,999900,999900,99990,200,0.8,5,5,999.0,999,9,'999999999,0,0.0000,0,88,999.000,0.0,1.0
2056/3/28,12:00,?9?9?9?9E0?9?9?9?9*9?9*9?9?9?9?9?9?9*9*_?9*9*9?9?9,35.9,21.0,42,101010,9999,9999,462,936,700,260,999900,999900,999900,99990,200,0.6,5,5,999.0,999,9,'999999999,0,0.0000,0,88,999.000,0.0,1.0
2056/3/28,13:00,?9?9?9?9E0?9?9?9?9*9?9*9?9?9?9?9?9?9*9*_?9*9*9?9?9,35.1,22.8,49,100910,9999,9999,457,954,699,268,999900,999900,999900,99990,200,1.3,4,4,999.0,999,9,'999999999,0,0.0000,0,88,999.000,0.0,1.0
2056/3/28,14:00,?9?9?9?9E0?9?9?9?9*9?9*9?9?9?9?9?9?9*9*_?9*9*9?9?9,35.1,22.8,49,100810,9999,9999,457,888,681,253,999900,999900,999900,99990,200,1.3,4,4,999.0,999,9,'999999999,0,0.0000,0,88,999.000,0.0,1.0
2056/3/28,15:00,?9?9?9?9E0?9?9?9?9*9?9*9?9?9?9?9?9?9*9*_?9*9*9?9?9,35.0,22.7,49,100710,9999,9999,456,761,654,225,999900,999900,999900,99990,110,1.3,4,4,999.0,999,9,'999999999,0,0.0000,0,88,999.000,0.0,1.0
2056/3/28,16:00,?9?9?9?9E0?9?9?9?9*9?9*9?9?9?9?9?9?9*9*_?9*9*9?9?9,34.0,23.1,53,100710,9999,9999,450,565,562,199,999900,999900,999900,99990,110,1.3,4,4,999.0,999,9,'999999999,0,0.0000,0,88,999.000,0.0,1.0
2056/3/28,17:00,?9?9?9?9E0?9?9?9?9*9?9*9?9?9?9?9?9?9*9*_?9*9*9?9?9,33.7,25.7,63,100710,9999,9999,452,335,396,160,999900,999900,999900,99990,110,1.4,4,4,999.0,999,9,'999999999,0,0.0000,0,88,999.000,0.0,1.0
2056/3/28,18:00,?9?9?9?9E0?9?9?9?9*9?9*9?9?9?9?9?9?9*9*_?9*9*9?9?9,31.4,26.2,74,100710,9999,9999,440,118,182,82,999900,999900,999900,99990,140,1.4,4,4,999.0,999,9,'999999999,0,0.0000,0,88,999.000,0.0,1.0
2056/3/28,19:00,?9?9?9?9E0?9?9?9?9*9?9*9?9?9?9?9?9?9*9*_?9*9*9?9?9,30.7,26.2,77,100710,9999,9999,436,4,0,4,999900,999900,999900,99990,140,1.0,4,4,999.0,999,9,'999999999,0,0.0000,0,88,999.000,0.0,1.0
2056/3/28,20:00,?9?9?9?9E0?9?9?9?9*9?9*9?9?9?9?9?9?9*9*_?9*9*9?9?9,30.4,27.0,82,100810,9999,9999,435,0,0,0,999900,999900,999900,99990,140,0.8,4,4,999.0,999,9,'999999999,0,0.0000,0,88,999.000,0.0,1.0
2056/3/28,21:00,?9?9?9?9E0?9?9?9?9*9?9*9?9?9?9?9?9?9*9*_?9*9*9?9?9,29.9,26.5,82,100910,9999,9999,428,0,0,0,999900,999900,999900,99990,180,0.8,3,3,999.0,999,9,'999999999,0,0.0000,0,88,999.000,0.0,1.0
2056/3/28,22:00,?9?9?9?9E0?9?9?9?9*9?9*9?9?9?9?9?9?9*9*_?9*9*9?9?9,29.7,26.5,83,101010,9999,9999,427,0,0,0,999900,999900,999900,99990,180,0.6,3,3,999.0,999,9,'999999999,0,0.0000,0,88,999.000,0.0,1.0
2056/3/28,23:00,?9?9?9?9E0?9?9?9?9*9?9*9?9?9?9?9?9?9*9*_?9*9*9?9?9,29.5,26.5,84,101010,9999,9999,426,0,0,0,999900,999900,999900,99990,180,0.5,3,3,999.0,999,9,'999999999,0,0.0000,0,88,999.000,0.0,1.0
2056/3/28,24:00,?9?9?9?9E0?9?9?9?9*9?9*9?9?9?9?9?9?9*9*_?9*9*9?9?9,29.0,26.2,85,101010,9999,9999,423,0,0,0,999900,999900,999900,99990,180,0.1,3,3,999.0,999,9,'999999999,0,0.0000,0,88,999.000,0.0,1.0
2056/3/29,01:00,?9?9?9?9E0?9?9?9?9*9?9*9?9?9?9?9?9?9*9*_?9*9*9?9?9,28.7,26.3,87,101010,9999,9999,417,0,0,0,999900,999900,999900,99990,180,0.0,2,2,999.0,999,9,'999999999,0,0.0000,0,88,999.000,0.0,1.0
2056/3/29,02:00,?9?9?9?9E0?9?9?9?9*9?9*9?9?9?9?9?9?9*9*_?9*9*9?9?9,28.4,26.4,89,101010,9999,9999,415,0,0,0,999900,999900,999900,99990,180,0.2,2,2,999.0,999,9,'999999999,0,0.0000,0,88,999.000,0.0,1.0
2056/3/29,03:00,?9?9?9?9E0?9?9?9?9*9?9*9?9?9?9?9?9?9*9*_?9*9*9?9?9,28.0,26.4,91,100910,9999,9999,408,0,0,0,999900,999900,999900,99990,140,0.2,1,1,999.0,999,9,'999999999,0,0.0000,0,88,999.000,0.0,1.0
2056/3/29,04:00,?9?9?9?9E0?9?9?9?9*9?9*9?9?9?9?9?9?9*9*_?9*9*9?9?9,27.8,26.2,91,100910,9999,9999,406,0,0,0,999900,999900,999900,99990,140,0.2,1,1,999.0,999,9,'999999999,0,0.0000,0,88,999.000,0.0,1.0
2056/3/29,05:00,?9?9?9?9E0?9?9?9?9*9?9*9?9?9?9?9?9?9*9*_?9*9*9?9?9,27.7,26.1,91,100910,9999,9999,406,0,0,0,999900,999900,999900,99990,140,0.4,1,1,999.0,999,9,'999999999,0,0.0000,0,88,999.000,0.0,1.0
2056/3/29,06:00,?9?9?9?9E0?9?9?9?9*9?9*9?9?9?9?9?9?9*9*_?9*9*9?9?9,27.3,25.7,91,100910,9999,9999,403,0,0,0,999900,999900,999900,99990,140,0.0,1,1,999.0,999,9,'999999999,0,0.0000,0,88,999.000,0.0,1.0
2056/3/29,07:00,?9?9?9?9E0?9?9?9?9*9?9*9?9?9?9?9?9?9*9*_?9*9*9?9?9,28.0,26.6,92,100910,9999,9999,408,51,241,32,999900,999900,999900,99990,140,0.0,1,1,999.0,999,9,'999999999,0,0.0000,0,88,999.000,0.0,1.0
2056/3/29,08:00,?9?9?9?9E0?9?9?9?9*9?9*9?9?9?9?9?9?9*9*_?9*9*9?9?9,30.7,26.2,77,101010,9999,9999,432,250,399,120,999900,999900,999900,99990,140,0.5,3,3,999.0,999,9,'999999999,0,0.0000,0,88,999.000,0.0,1.0
2056/3/29,09:00,?9?9?9?9E0?9?9?9?9*9?9*9?9?9?9?9?9?9*9*_?9*9*9?9?9,31.8,24.9,67,101110,9999,9999,440,480,558,171,999900,999900,999900,99990,180,0.7,4,4,999.0,999,9,'999999999,0,0.0000,0,88,999.000,0.0,1.0
2056/3/29,10:00,?9?9?9?9E0?9?9?9?9*9?9*9?9?9?9?9?9?9*9*_?9*9*9?9?9,33.4,23.7,57,101110,9999,9999,451,673,613,216,999900,999900,999900,99990,180,0.8,5,5,999.0,999,9,'999999999,0,0.0000,0,88,999.000,0.0,1.0
2056/3/29,11:00,?9?9?9?9E0?9?9?9?9*9?9*9?9?9?9?9?9?9*9*_?9*9*9?9?9,34.5,23.9,54,101110,9999,9999,458,825,647,252,999900,999900,999900,99990,180,0.9,5,5,999.0,999,9,'999999999,0,0.0000,0,88,999.000,0.0,1.0
2056/3/29,12:00,?9?9?9?9E0?9?9?9?9*9?9*9?9?9?9?9?9?9*9*_?9*9*9?9?9,34.9,23.3,51,101110,9999,9999,460,919,668,273,999900,999900,999900,99990,230,1.5,5,5,999.0,999,9,'999999999,0,0.0000,0,88,999.000,0.0,1.0
2056/3/29,13:00,?9?9?9?9E0?9?9?9?9*9?9*9?9?9?9?9?9?9*9*_?9*9*9?9?9,35.4,23.4,50,101010,9999,9999,459,954,697,269,999900,999900,999900,99990,230,1.6,4,4,999.0,999,9,'999999999,0,0.0000,0,88,999.000,0.0,1.0
2056/3/29,14:00,?9?9?9?9E0?9?9?9?9*9?9*9?9?9?9?9?9?9*9*_?9*9*9?9?9,34.7,23.1,51,100910,9999,9999,455,886,676,256,999900,999900,999900,99990,230,1.6,4,4,999.0,999,9,'999999999,0,0.0000,0,88,999.000,0.0,1.0
2056/3/29,15:00,?9?9?9?9E0?9?9?9?9*9?9*9?9?9?9?9?9?9*9*_?9*9*9?9?9,34.5,24.2,55,100910,9999,9999,455,741,613,238,999900,999900,999900,99990,110,1.4,4,4,999.0,999,9,'999999999,0,0.0000,0,88,999.000,0.0,1.0
2056/3/29,16:00,?9?9?9?9E0?9?9?9?9*9?9*9?9?9?9?9?9?9*9*_?9*9*9?9?9,33.5,24.1,58,100810,9999,9999,449,556,538,205,999900,999900,999900,99990,110,1.0,4,4,999.0,999,9,'999999999,0,0.0000,0,88,999.000,0.0,1.0
2056/3/29,17:00,?9?9?9?9E0?9?9?9?9*9?9*9?9?9?9?9?9?9*9*_?9*9*9?9?9,32.9,24.9,63,100810,9999,9999,447,335,396,160,999900,999900,999900,99990,110,0.8,4,4,999.0,999,9,'999999999,0,0.0000,0,88,999.000,0.0,1.0
2056/3/29,18:00,?9?9?9?9E0?9?9?9?9*9?9*9?9?9?9?9?9?9*9*_?9*9*9?9?9,31.9,26.0,71,100810,9999,9999,442,118,182,81,999900,999900,999900,99990,200,0.9,4,4,999.0,999,9,'999999999,0,0.0000,0,88,999.000,0.0,1.0
2056/3/29,19:00,?9?9?9?9E0?9?9?9?9*9?9*9?9?9?9?9?9?9*9*_?9*9*9?9?9,31.1,26.6,77,100910,9999,9999,435,4,0,4,999900,999900,999900,99990,200,0.9,3,3,999.0,999,9,'999999999,0,0.0000,0,88,999.000,0.0,1.0
2056/3/29,20:00,?9?9?9?9E0?9?9?9?9*9?9*9?9?9?9?9?9?9*9*_?9*9*9?9?9,30.9,26.8,79,100910,9999,9999,434,0,0,0,999900,999900,999900,99990,200,0.9,3,3,999.0,999,9,'999999999,0,0.0000,0,88,999.000,0.0,1.0
2056/3/29,21:00,?9?9?9?9E0?9?9?9?9*9?9*9?9?9?9?9?9?9*9*_?9*9*9?9?9,30.6,27.0,81,101010,9999,9999,433,0,0,0,999900,999900,999900,99990,110,1.0,3,3,999.0,999,9,'999999999,0,0.0000,0,88,999.000,0.0,1.0
2056/3/29,22:00,?9?9?9?9E0?9?9?9?9*9?9*9?9?9?9?9?9?9*9*_?9*9*9?9?9,30.5,26.9,81,101110,9999,9999,432,0,0,0,999900,999900,999900,99990,110,1.0,3,3,999.0,999,9,'999999999,0,0.0000,0,88,999.000,0.0,1.0
2056/3/29,23:00,?9?9?9?9E0?9?9?9?9*9?9*9?9?9?9?9?9?9*9*_?9*9*9?9?9,30.2,26.6,81,101110,9999,9999,430,0,0,0,999900,999900,999900,99990,110,1.0,3,3,999.0,999,9,'999999999,0,0.0000,0,88,999.000,0.0,1.0
2056/3/29,24:00,?9?9?9?9E0?9?9?9?9*9?9*9?9?9?9?9?9?9*9*_?9*9*9?9?9,29.9,26.7,83,101210,9999,9999,428,0,0,0,999900,999900,999900,99990,90,0.7,3,3,999.0,999,9,'999999999,0,0.0000,0,88,999.000,0.0,1.0
2056/3/30,01:00,?9?9?9?9E0?9?9?9?9*9?9*9?9?9?9?9?9?9*9*_?9*9*9?9?9,29.7,26.7,84,101210,9999,9999,427,0,0,0,999900,999900,999900,99990,90,0.8,3,3,999.0,999,9,'999999999,0,0.0000,0,88,999.000,0.0,1.0
2056/3/30,02:00,?9?9?9?9E0?9?9?9?9*9?9*9?9?9?9?9?9?9*9*_?9*9*9?9?9,29.6,27.0,86,101110,9999,9999,427,0,0,0,999900,999900,999900,99990,90,0.5,3,3,999.0,999,9,'999999999,0,0.0000,0,88,999.000,0.0,1.0
2056/3/30,03:00,?9?9?9?9E0?9?9?9?9*9?9*9?9?9?9?9?9?9*9*_?9*9*9?9?9,29.1,26.7,87,101110,9999,9999,424,0,0,0,999900,999900,999900,99990,290,0.3,3,3,999.0,999,9,'999999999,0,0.0000,0,88,999.000,0.0,1.0
2056/3/30,04:00,?9?9?9?9E0?9?9?9?9*9?9*9?9?9?9?9?9?9*9*_?9*9*9?9?9,28.9,26.7,88,101010,9999,9999,426,0,0,0,999900,999900,999900,99990,290,0.0,4,4,999.0,999,9,'999999999,0,0.0000,0,88,999.000,0.0,1.0
2056/3/30,05:00,?9?9?9?9E0?9?9?9?9*9?9*9?9?9?9?9?9?9*9*_?9*9*9?9?9,28.6,26.8,90,101010,9999,9999,424,0,0,0,999900,999900,999900,99990,290,0.0,4,4,999.0,999,9,'999999999,0,0.0000,0,88,999.000,0.0,1.0
2056/3/30,06:00,?9?9?9?9E0?9?9?9?9*9?9*9?9?9?9?9?9?9*9*_?9*9*9?9?9,28.4,26.6,90,101010,9999,9999,423,0,0,0,999900,999900,999900,99990,290,0.0,4,4,999.0,999,9,'999999999,0,0.0000,0,88,999.000,0.0,1.0
2056/3/30,07:00,?9?9?9?9E0?9?9?9?9*9?9*9?9?9?9?9?9?9*9*_?9*9*9?9?9,28.8,27.2,91,101010,9999,9999,426,49,194,33,999900,999900,999900,99990,290,0.0,4,4,999.0,999,9,'999999999,0,0.0000,0,88,999.000,0.0,1.0
2056/3/30,08:00,?9?9?9?9E0?9?9?9?9*9?9*9?9?9?9?9?9?9*9*_?9*9*9?9?9,31.4,27.3,79,101110,9999,9999,441,241,352,125,999900,999900,999900,99990,290,0.9,4,4,999.0,999,9,'999999999,0,0.0000,0,88,999.000,0.0,1.0
2056/3/30,09:00,?9?9?9?9E0?9?9?9?9*9?9*9?9?9?9?9?9?9*9*_?9*9*9?9?9,32.9,25.2,64,101210,9999,9999,447,489,576,169,999900,999900,999900,99990,230,1.0,4,4,999.0,999,9,'999999999,0,0.0000,0,88,999.000,0.0,1.0
2056/3/30,10:00,?9?9?9?9E0?9?9?9?9*9?9*9?9?9?9?9?9?9*9*_?9*9*9?9?9,33.5,24.4,59,101210,9999,9999,453,673,612,216,999900,999900,999900,99990,230,1.0,5,5,999.0,999,9,'999999999,0,0.0000,0,88,999.000,0.0,1.0
2056/3/30,11:00,?9?9?9?9E0?9?9?9?9*9?9*9?9?9?9?9?9?9*9*_?9*9*9?9?9,34.6,24.9,57,101210,9999,9999,460,823,642,253,999900,999900,999900,99990,230,1.3,5,5,999.0,999,9,'999999999,0,0.0000,0,88,999.000,0.0,1.0
2056/3/30,12:00,?9?9?9?9E0?9?9?9?9*9?9*9?9?9?9?9?9?9*9*_?9*9*9?9?9,34.8,23.8,53,101210,9999,9999,460,922,670,274,999900,999900,999900,99990,180,1.5,5,5,999.0,999,9,'999999999,0,0.0000,0,88,999.000,0.0,1.0
2056/3/30,13:00,?9?9?9?9E0?9?9?9?9*9?9*9?9?9?9?9?9?9*9*_?9*9*9?9?9,35.2,24.8,55,101210,9999,9999,460,940,672,279,999900,999900,999900,99990,180,1.5,4,4,999.0,999,9,'999999999,0,0.0000,0,88,999.000,0.0,1.0
2056/3/30,14:00,?9?9?9?9E0?9?9?9?9*9?9*9?9?9?9?9?9?9*9*_?9*9*9?9?9,35.2,23.9,52,101110,9999,9999,459,881,665,260,999900,999900,999900,99990,180,1.5,4,4,999.0,999,9,'999999999,0,0.0000,0,88,999.000,0.0,1.0
2056/3/30,15:00,?9?9?9?9E0?9?9?9?9*9?9*9?9?9?9?9?9?9*9*_?9*9*9?9?9,34.1,24.4,57,101010,9999,9999,453,737,611,236,999900,999900,999900,99990,70,1.5,4,4,999.0,999,9,'999999999,0,0.0000,0,88,999.000,0.0,1.0
2056/3/30,16:00,?9?9?9?9E0?9?9?9?9*9?9*9?9?9?9?9?9?9*9*_?9*9*9?9?9,34.2,22.3,50,101010,9999,9999,447,592,633,179,999900,999900,999900,99990,70,1.5,3,3,999.0,999,9,'999999999,0,0.0000,0,88,999.000,0.0,1.0
2056/3/30,17:00,?9?9?9?9E0?9?9?9?9*9?9*9?9?9?9?9?9?9*9*_?9*9*9?9?9,33.2,23.5,57,100910,9999,9999,443,360,490,144,999900,999900,999900,99990,70,1.5,3,3,999.0,999,9,'999999999,0,0.0000,0,88,999.000,0.0,1.0
2056/3/30,18:00,?9?9?9?9E0?9?9?9?9*9?9*9?9?9?9?9?9?9*9*_?9*9*9?9?9,31.9,26.5,73,100910,9999,9999,439,123,211,81,999900,999900,999900,99990,160,1.5,3,3,999.0,999,9,'999999999,0,0.0000,0,88,999.000,0.0,1.0
2056/3/30,19:00,?9?9?9?9E0?9?9?9?9*9?9*9?9?9?9?9?9?9*9*_?9*9*9?9?9,31.3,27.0,78,101110,9999,9999,437,4,0,4,999900,999900,999900,99990,140,1.1,3,3,999.0,999,9,'999999999,0,0.0000,0,88,999.000,0.0,1.0
2056/3/30,20:00,?9?9?9?9E0?9?9?9?9*9?9*9?9?9?9?9?9?9*9*_?9*9*9?9?9,30.9,26.4,77,101210,9999,9999,433,0,0,0,999900,999900,999900,99990,140,1.1,3,3,999.0,999,9,'999999999,0,0.0000,0,88,999.000,0.0,1.0
2056/3/30,21:00,?9?9?9?9E0?9?9?9?9*9?9*9?9?9?9?9?9?9*9*_?9*9*9?9?9,30.4,25.7,76,101210,9999,9999,430,0,0,0,999900,999900,999900,99990,140,1.0,3,3,999.0,999,9,'999999999,0,0.0000,0,88,999.000,0.0,1.0
2056/3/30,22:00,?9?9?9?9E0?9?9?9?9*9?9*9?9?9?9?9?9?9*9*_?9*9*9?9?9,30.3,26.7,81,101210,9999,9999,426,0,0,0,999900,999900,999900,99990,140,1.0,2,2,999.0,999,9,'999999999,0,0.0000,0,88,999.000,0.0,1.0
2056/3/30,23:00,?9?9?9?9E0?9?9?9?9*9?9*9?9?9?9?9?9?9*9*_?9*9*9?9?9,30.0,26.8,83,101110,9999,9999,419,0,0,0,999900,999900,999900,99990,140,0.6,1,1,999.0,999,9,'999999999,0,0.0000,0,88,999.000,0.0,1.0
2056/3/30,24:00,?9?9?9?9E0?9?9?9?9*9?9*9?9?9?9?9?9?9*9*_?9*9*9?9?9,29.8,27.2,86,101110,9999,9999,418,0,0,0,999900,999900,999900,99990,160,0.5,1,1,999.0,999,9,'999999999,0,0.0000,0,88,999.000,0.0,1.0
2056/3/31,01:00,?9?9?9?9E0?9?9?9?9*9?9*9?9?9?9?9?9?9*9*_?9*9*9?9?9,29.5,26.9,86,101110,9999,9999,416,0,0,0,999900,999900,999900,99990,160,0.1,1,1,999.0,999,9,'999999999,0,0.0000,0,88,999.000,0.0,1.0
2056/3/31,02:00,?9?9?9?9E0?9?9?9?9*9?9*9?9?9?9?9?9?9*9*_?9*9*9?9?9,29.3,26.7,86,101110,9999,9999,425,0,0,0,999900,999900,999900,99990,160,0.2,3,3,999.0,999,9,'999999999,0,0.0000,0,88,999.000,0.0,1.0
2056/3/31,03:00,?9?9?9?9E0?9?9?9?9*9?9*9?9?9?9?9?9?9*9*_?9*9*9?9?9,28.8,26.8,89,101110,9999,9999,425,0,0,0,999900,999900,999900,99990,160,0.0,4,4,999.0,999,9,'999999999,0,0.0000,0,88,999.000,0.0,1.0
2056/3/31,04:00,?9?9?9?9E0?9?9?9?9*9?9*9?9?9?9?9?9?9*9*_?9*9*9?9?9,28.4,26.6,90,101110,9999,9999,426,0,0,0,999900,999900,999900,99990,160,0.0,5,5,999.0,999,9,'999999999,0,0.0000,0,88,999.000,0.0,1.0
2056/3/31,05:00,?9?9?9?9E0?9?9?9?9*9?9*9?9?9?9?9?9?9*9*_?9*9*9?9?9,28.3,26.7,91,101110,9999,9999,426,0,0,0,999900,999900,999900,99990,160,0.0,5,5,999.0,999,9,'999999999,0,0.0000,0,88,999.000,0.0,1.0
2056/3/31,06:00,?9?9?9?9E0?9?9?9?9*9?9*9?9?9?9?9?9?9*9*_?9*9*9?9?9,27.9,26.3,91,101210,9999,9999,423,0,0,0,999900,999900,999900,99990,160,0.0,5,5,999.0,999,9,'999999999,0,0.0000,0,88,999.000,0.0,1.0
2056/3/31,07:00,?9?9?9?9E0?9?9?9?9*9?9*9?9?9?9?9?9?9*9*_?9*9*9?9?9,28.3,26.7,91,101210,9999,9999,426,54,188,38,999900,999900,999900,99990,160,0.0,5,5,999.0,999,9,'999999999,0,0.0000,0,88,999.000,0.0,1.0
2056/3/31,08:00,?9?9?9?9E0?9?9?9?9*9?9*9?9?9?9?9?9?9*9*_?9*9*9?9?9,30.2,26.6,81,101210,9999,9999,436,228,287,133,999900,999900,999900,99990,160,0.4,5,5,999.0,999,9,'999999999,0,0.0000,0,88,999.000,0.0,1.0
2056/3/31,09:00,?9?9?9?9E0?9?9?9?9*9?9*9?9?9?9?9?9?9*9*_?9*9*9?9?9,32.1,24.2,63,101310,9999,9999,444,467,503,186,999900,999900,999900,99990,250,0.2,5,5,999.0,999,9,'999999999,0,0.0000,0,88,999.000,0.0,1.0
2056/3/31,10:00,?9?9?9?9E0?9?9?9?9*9?9*9?9?9?9?9?9?9*9*_?9*9*9?9?9,33.7,23.4,55,101310,9999,9999,453,680,618,217,999900,999900,999900,99990,250,0.5,5,5,999.0,999,9,'999999999,0,0.0000,0,88,999.000,0.0,1.0
2056/3/31,11:00,?9?9?9?9E0?9?9?9?9*9?9*9?9?9?9?9?9?9*9*_?9*9*9?9?9,34.1,24.7,58,101310,9999,9999,457,816,625,260,999900,999900,999900,99990,250,1.1,5,5,999.0,999,9,'999999999,0,0.0000,0,88,999.000,0.0,1.0
2056/3/31,12:00,?9?9?9?9E0?9?9?9?9*9?9*9?9?9?9?9?9?9*9*_?9*9*9?9?9,34.7,24.3,55,101310,9999,9999,460,911,648,283,999900,999900,999900,99990,250,1.1,5,5,999.0,999,9,'999999999,0,0.0000,0,88,999.000,0.0,1.0
2056/3/31,13:00,?9?9?9?9E0?9?9?9?9*9?9*9?9?9?9?9?9?9*9*_?9*9*9?9?9,35.2,23.9,52,101210,9999,9999,459,951,687,274,999900,999900,999900,99990,250,1.3,4,4,999.0,999,9,'999999999,0,0.0000,0,88,999.000,0.0,1.0
2056/3/31,14:00,?9?9?9?9E0?9?9?9?9*9?9*9?9?9?9?9?9?9*9*_?9*9*9?9?9,35.7,24.0,51,101110,9999,9999,462,880,665,259,999900,999900,999900,99990,250,1.6,4,4,999.0,999,9,'999999999,0,0.0000,0,88,999.000,0.0,1.0
2056/3/31,15:00,?9?9?9?9E0?9?9?9?9*9?9*9?9?9?9?9?9?9*9*_?9*9*9?9?9,34.8,22.5,49,101010,9999,9999,454,758,652,223,999900,999900,999900,99990,250,1.6,4,4,999.0,999,9,'999999999,0,0.0000,0,88,999.000,0.0,1.0
2056/3/31,16:00,?9?9?9?9E0?9?9?9?9*9?9*9?9?9?9?9?9?9*9*_?9*9*9?9?9,34.2,22.0,49,100910,9999,9999,447,595,643,175,999900,999900,999900,99990,250,1.5,3,3,999.0,999,9,'999999999,0,0.0000,0,88,999.000,0.0,1.0
2056/3/31,17:00,?9?9?9?9E0?9?9?9?9*9?9*9?9?9?9?9?9?9*9*_?9*9*9?9?9,33.9,23.6,55,100810,9999,9999,447,363,504,141,999900,999900,999900,99990,250,1.6,3,3,999.0,999,9,'999999999,0,0.0000,0,88,999.000,0.0,1.0
2056/3/31,18:00,?9?9?9?9E0?9?9?9?9*9?9*9?9?9?9?9?9?9*9*_?9*9*9?9?9,31.7,24.8,67,100710,9999,9999,436,129,241,81,999900,999900,999900,99990,140,1.6,3,3,999.0,999,9,'999999999,0,0.0000,0,88,999.000,0.0,1.0
2056/3/31,19:00,?9?9?9?9E0?9?9?9?9*9?9*9?9?9?9?9?9?9*9*_?9*9*9?9?9,30.9,26.0,75,100710,9999,9999,433,4,0,4,999900,999900,999900,99990,140,1.4,3,3,999.0,999,9,'999999999,0,0.0000,0,88,999.000,0.0,1.0
2056/3/31,20:00,?9?9?9?9E0?9?9?9?9*9?9*9?9?9?9?9?9?9*9*_?9*9*9?9?9,30.5,25.8,76,100710,9999,9999,430,0,0,0,999900,999900,999900,99990,140,1.1,3,3,999.0,999,9,'999999999,0,0.0000,0,88,999.000,0.0,1.0
2056/3/31,21:00,?9?9?9?9E0?9?9?9?9*9?9*9?9?9?9?9?9?9*9*_?9*9*9?9?9,30.3,26.5,80,100810,9999,9999,430,0,0,0,999900,999900,999900,99990,180,1.1,3,3,999.0,999,9,'999999999,0,0.0000,0,88,999.000,0.0,1.0
2056/3/31,22:00,?9?9?9?9E0?9?9?9?9*9?9*9?9?9?9?9?9?9*9*_?9*9*9?9?9,30.1,26.7,82,100810,9999,9999,429,0,0,0,999900,999900,999900,99990,180,1.0,3,3,999.0,999,9,'999999999,0,0.0000,0,88,999.000,0.0,1.0
2056/3/31,23:00,?9?9?9?9E0?9?9?9?9*9?9*9?9?9?9?9?9?9*9*_?9*9*9?9?9,30.1,26.9,83,100810,9999,9999,433,0,0,0,999900,999900,999900,99990,180,1.1,4,4,999.0,999,9,'999999999,0,0.0000,0,88,999.000,0.0,1.0
2056/3/31,24:00,?9?9?9?9E0?9?9?9?9*9?9*9?9?9?9?9?9?9*9*_?9*9*9?9?9,30.1,26.7,82,100810,9999,9999,433,0,0,0,999900,999900,999900,99990,180,1.1,4,4,999.0,999,9,'999999999,0,0.0000,0,88,999.000,0.0,1.0
2056/4/1,01:00,?9?9?9?9E0?9?9?9?9*9?9*9?9?9?9?9?9?9*9*_?9*9*9?9?9,30.2,26.6,81,100786,9999,9999,433,0,0,0,999900,999900,999900,99990,160,0.0,4,4,999.0,999,9,'999999999,0,0.0000,0,88,999.000,0.0,1.0
2056/4/1,02:00,?9?9?9?9E0?9?9?9?9*9?9*9?9?9?9?9?9?9*9*_?9*9*9?9?9,30.3,26.7,81,100686,9999,9999,437,0,0,0,999900,999900,999900,99990,160,0.0,5,5,999.0,999,9,'999999999,0,0.0000,0,88,999.000,0.0,1.0
2056/4/1,03:00,?9?9?9?9E0?9?9?9?9*9?9*9?9?9?9?9?9?9*9*_?9*9*9?9?9,30.4,26.8,81,100586,9999,9999,438,0,0,0,999900,999900,999900,99990,160,0.0,5,5,999.0,999,9,'999999999,0,0.0000,0,88,999.000,0.0,1.0
2056/4/1,04:00,?9?9?9?9E0?9?9?9?9*9?9*9?9?9?9?9?9?9*9*_?9*9*9?9?9,30.1,26.7,82,100486,9999,9999,436,0,0,0,999900,999900,999900,99990,160,0.0,5,5,999.0,999,9,'999999999,0,0.0000,0,88,999.000,0.0,1.0
2056/4/1,05:00,?9?9?9?9E0?9?9?9?9*9?9*9?9?9?9?9?9?9*9*_?9*9*9?9?9,30.0,26.6,82,100486,9999,9999,439,0,0,0,999900,999900,999900,99990,160,0.0,6,6,999.0,999,9,'999999999,0,0.0000,0,88,999.000,0.0,1.0
2056/4/1,06:00,?9?9?9?9E0?9?9?9?9*9?9*9?9?9?9?9?9?9*9*_?9*9*9?9?9,29.8,26.4,82,100586,9999,9999,438,0,0,0,999900,999900,999900,99990,200,0.0,6,6,999.0,999,9,'999999999,0,0.0000,0,88,999.000,0.0,1.0
2056/4/1,07:00,?9?9?9?9E0?9?9?9?9*9?9*9?9?9?9?9?9?9*9*_?9*9*9?9?9,29.9,26.5,82,100686,9999,9999,435,40,84,33,999900,999900,999900,99990,200,0.0,5,5,999.0,999,9,'999999999,0,0.0000,0,88,999.000,0.0,1.0
2056/4/1,08:00,?9?9?9?9E0?9?9?9?9*9?9*9?9?9?9?9?9?9*9*_?9*9*9?9?9,32.0,27.9,79,100686,9999,9999,449,241,336,129,999900,999900,999900,99990,200,0.5,5,5,999.0,999,9,'999999999,0,0.0000,0,88,999.000,0.0,1.0
2056/4/1,09:00,?9?9?9?9E0?9?9?9?9*9?9*9?9?9?9?9?9?9*9*_?9*9*9?9?9,33.8,25.2,61,100786,9999,9999,456,500,609,158,999900,999900,999900,99990,200,0.5,5,5,999.0,999,9,'999999999,0,0.0000,0,88,999.000,0.0,1.0
2056/4/1,10:00,?9?9?9?9E0?9?9?9?9*9?9*9?9?9?9?9?9?9*9*_?9*9*9?9?9,35.7,24.7,53,100786,9999,9999,466,682,645,197,999900,999900,999900,99990,200,0.0,5,5,999.0,999,9,'999999999,0,0.0000,0,88,999.000,0.0,1.0
2056/4/1,11:00,?9?9?9?9E0?9?9?9?9*9?9*9?9?9?9?9?9?9*9*_?9*9*9?9?9,36.9,23.7,47,100786,9999,9999,465,899,799,188,999900,999900,999900,99990,200,0.0,3,3,999.0,999,9,'999999999,0,0.0000,0,88,999.000,0.0,1.0
2056/4/1,12:00,?9?9?9?9E0?9?9?9?9*9?9*9?9?9?9?9?9?9*9*_?9*9*9?9?9,38.8,21.9,38,100586,9999,9999,463,1024,866,183,999900,999900,999900,99990,180,0.0,1,1,999.0,999,9,'999999999,0,0.0000,0,88,999.000,0.0,1.0
2056/4/1,13:00,?9?9?9?9E0?9?9?9?9*9?9*9?9?9?9?9?9?9*9*_?9*9*9?9?9,39.3,20.6,34,100486,9999,9999,455,1042,865,189,999900,999900,999900,99990,270,0.0,0,0,999.0,999,9,'999999999,0,0.0000,0,88,999.000,0.0,1.0
2056/4/1,14:00,?9?9?9?9E0?9?9?9?9*9?9*9?9?9?9?9?9?9*9*_?9*9*9?9?9,38.3,25.0,47,100386,9999,9999,456,940,795,197,999900,999900,999900,99990,270,0.7,0,0,999.0,999,9,'999999999,0,0.0000,0,88,999.000,0.0,1.0
2056/4/1,15:00,?9?9?9?9E0?9?9?9?9*9?9*9?9?9?9?9?9?9*9*_?9*9*9?9?9,37.6,25.1,49,100286,9999,9999,452,802,755,182,999900,999900,999900,99990,170,0.6,0,0,999.0,999,9,'999999999,0,0.0000,0,88,999.000,0.0,1.0
2056/4/1,16:00,?9?9?9?9E0?9?9?9?9*9?9*9?9?9?9?9?9?9*9*_?9*9*9?9?9,36.7,26.8,57,100286,9999,9999,449,584,633,171,999900,999900,999900,99990,140,0.7,0,0,999.0,999,9,'999999999,0,0.0000,0,88,999.000,0.0,1.0
2056/4/1,17:00,?9?9?9?9E0?9?9?9?9*9?9*9?9?9?9?9?9?9*9*_?9*9*9?9?9,35.5,26.8,61,100286,9999,9999,442,359,501,138,999900,999900,999900,99990,150,0.7,0,0,999.0,999,9,'999999999,0,0.0000,0,88,999.000,0.0,1.0
2056/4/1,18:00,?9?9?9?9E0?9?9?9?9*9?9*9?9?9?9?9?9?9*9*_?9*9*9?9?9,33.6,27.9,72,100286,9999,9999,432,128,245,79,999900,999900,999900,99990,140,0.8,0,0,999.0,999,9,'999999999,0,0.0000,0,88,999.000,0.0,1.0
2056/4/1,19:00,?9?9?9?9E0?9?9?9?9*9?9*9?9?9?9?9?9?9*9*_?9*9*9?9?9,32.8,28.7,79,100286,9999,9999,429,4,0,4,999900,999900,999900,99990,140,0.8,0,0,999.0,999,9,'999999999,0,0.0000,0,88,999.000,0.0,1.0
2056/4/1,20:00,?9?9?9?9E0?9?9?9?9*9?9*9?9?9?9?9?9?9*9*_?9*9*9?9?9,32.4,28.3,79,100386,9999,9999,426,0,0,0,999900,999900,999900,99990,140,0.7,0,0,999.0,999,9,'999999999,0,0.0000,0,88,999.000,0.0,1.0
2056/4/1,21:00,?9?9?9?9E0?9?9?9?9*9?9*9?9?9?9?9?9?9*9*_?9*9*9?9?9,32.0,28.1,80,100486,9999,9999,424,0,0,0,999900,999900,999900,99990,140,0.3,0,0,999.0,999,9,'999999999,0,0.0000,0,88,999.000,0.0,1.0
2056/4/1,22:00,?9?9?9?9E0?9?9?9?9*9?9*9?9?9?9?9?9?9*9*_?9*9*9?9?9,32.0,28.1,80,100486,9999,9999,424,0,0,0,999900,999900,999900,99990,160,0.8,0,0,999.0,999,9,'999999999,0,0.0000,0,88,999.000,0.0,1.0
2056/4/1,23:00,?9?9?9?9E0?9?9?9?9*9?9*9?9?9?9?9?9?9*9*_?9*9*9?9?9,31.9,28.0,80,100486,9999,9999,437,0,0,0,999900,999900,999900,99990,150,0.4,2,2,999.0,999,9,'999999999,0,0.0000,0,88,999.000,0.0,1.0
2056/4/1,24:00,?9?9?9?9E0?9?9?9?9*9?9*9?9?9?9?9?9?9*9*_?9*9*9?9?9,31.5,27.6,80,100486,9999,9999,439,0,0,0,999900,999900,999900,99990,160,0.0,3,3,999.0,999,9,'999999999,0,0.0000,0,88,999.000,0.0,1.0
2056/4/2,01:00,?9?9?9?9E0?9?9?9?9*9?9*9?9?9?9?9?9?9*9*_?9*9*9?9?9,31.5,27.6,80,100486,9999,9999,442,0,0,0,999900,999900,999900,99990,180,0.2,4,4,999.0,999,9,'999999999,0,0.0000,0,88,999.000,0.0,1.0
2056/4/2,02:00,?9?9?9?9E0?9?9?9?9*9?9*9?9?9?9?9?9?9*9*_?9*9*9?9?9,31.5,27.6,80,100486,9999,9999,442,0,0,0,999900,999900,999900,99990,180,0.0,4,4,999.0,999,9,'999999999,0,0.0000,0,88,999.000,0.0,1.0
2056/4/2,03:00,?9?9?9?9E0?9?9?9?9*9?9*9?9?9?9?9?9?9*9*_?9*9*9?9?9,31.4,27.5,80,100386,9999,9999,441,0,0,0,999900,999900,999900,99990,200,0.0,4,4,999.0,999,9,'999999999,0,0.0000,0,88,999.000,0.0,1.0
2056/4/2,04:00,?9?9?9?9E0?9?9?9?9*9?9*9?9?9?9?9?9?9*9*_?9*9*9?9?9,31.3,27.4,80,100386,9999,9999,437,0,0,0,999900,999900,999900,99990,140,0.0,3,3,999.0,999,9,'999999999,0,0.0000,0,88,999.000,0.0,1.0
2056/4/2,05:00,?9?9?9?9E0?9?9?9?9*9?9*9?9?9?9?9?9?9*9*_?9*9*9?9?9,31.0,27.2,80,100386,9999,9999,435,0,0,0,999900,999900,999900,99990,220,0.2,3,3,999.0,999,9,'999999999,0,0.0000,0,88,999.000,0.0,1.0
2056/4/2,06:00,?9?9?9?9E0?9?9?9?9*9?9*9?9?9?9?9?9?9*9*_?9*9*9?9?9,30.5,26.7,80,100486,9999,9999,432,0,0,0,999900,999900,999900,99990,200,0.3,3,3,999.0,999,9,'999999999,0,0.0000,0,88,999.000,0.0,1.0
2056/4/2,07:00,?9?9?9?9E0?9?9?9?9*9?9*9?9?9?9?9?9?9*9*_?9*9*9?9?9,30.6,26.8,80,100486,9999,9999,432,50,154,36,999900,999900,999900,99990,190,0.0,3,3,999.0,999,9,'999999999,0,0.0000,0,88,999.000,0.0,1.0
2056/4/2,08:00,?9?9?9?9E0?9?9?9?9*9?9*9?9?9?9?9?9?9*9*_?9*9*9?9?9,32.2,28.3,80,100586,9999,9999,443,268,460,113,999900,999900,999900,99990,180,0.0,3,3,999.0,999,9,'999999999,0,0.0000,0,88,999.000,0.0,1.0
2056/4/2,09:00,?9?9?9?9E0?9?9?9?9*9?9*9?9?9?9?9?9?9*9*_?9*9*9?9?9,33.8,28.3,73,100686,9999,9999,453,519,677,137,999900,999900,999900,99990,160,0.0,3,3,999.0,999,9,'999999999,0,0.0000,0,88,999.000,0.0,1.0
2056/4/2,10:00,?9?9?9?9E0?9?9?9?9*9?9*9?9?9?9?9?9?9*9*_?9*9*9?9?9,36.1,26.5,58,100686,9999,9999,460,739,774,156,999900,999900,999900,99990,160,0.0,2,2,999.0,999,9,'999999999,0,0.0000,0,88,999.000,0.0,1.0
2056/4/2,11:00,?9?9?9?9E0?9?9?9?9*9?9*9?9?9?9?9?9?9*9*_?9*9*9?9?9,37.7,23.0,43,100686,9999,9999,449,928,857,163,999900,999900,999900,99990,190,0.0,0,0,999.0,999,9,'999999999,0,0.0000,0,88,999.000,0.0,1.0
2056/4/2,12:00,?9?9?9?9E0?9?9?9?9*9?9*9?9?9?9?9?9?9*9*_?9*9*9?9?9,38.6,22.2,39,100586,9999,9999,453,1018,861,181,999900,999900,999900,99990,210,0.0,0,0,999.0,999,9,'999999999,0,0.0000,0,88,999.000,0.0,1.0
2056/4/2,13:00,?9?9?9?9E0?9?9?9?9*9?9*9?9?9?9?9?9?9*9*_?9*9*9?9?9,38.8,23.6,42,100486,9999,9999,457,1045,876,181,999900,999900,999900,99990,180,5.2,0,0,999.0,999,9,'999999999,0,0.0000,0,88,999.000,0.0,1.0
2056/4/2,14:00,?9?9?9?9E0?9?9?9?9*9?9*9?9?9?9?9?9?9*9*_?9*9*9?9?9,38.7,24.3,44,100386,9999,9999,466,977,863,170,999900,999900,999900,99990,180,5.0,1,1,999.0,999,9,'999999999,0,0.0000,0,88,999.000,0.0,1.0
2056/4/2,15:00,?9?9?9?9E0?9?9?9?9*9?9*9?9?9?9?9?9?9*9*_?9*9*9?9?9,38.1,25.9,50,100286,9999,9999,471,810,779,170,999900,999900,999900,99990,180,4.9,2,2,999.0,999,9,'999999999,0,0.0000,0,88,999.000,0.0,1.0
2056/4/2,16:00,?9?9?9?9E0?9?9?9?9*9?9*9?9?9?9?9?9?9*9*_?9*9*9?9?9,37.4,27.7,58,100186,9999,9999,469,587,648,164,999900,999900,999900,99990,180,4.5,2,2,999.0,999,9,'999999999,0,0.0000,0,88,999.000,0.0,1.0
2056/4/2,17:00,?9?9?9?9E0?9?9?9?9*9?9*9?9?9?9?9?9?9*9*_?9*9*9?9?9,36.1,27.7,62,100286,9999,9999,455,366,533,131,999900,999900,999900,99990,180,3.9,1,1,999.0,999,9,'999999999,0,0.0000,0,88,999.000,0.0,1.0
2056/4/2,18:00,?9?9?9?9E0?9?9?9?9*9?9*9?9?9?9?9?9?9*9*_?9*9*9?9?9,34.4,28.6,72,100286,9999,9999,438,130,260,78,999900,999900,999900,99990,180,3.4,0,0,999.0,999,9,'999999999,0,0.0000,0,88,999.000,0.0,1.0
2056/4/2,19:00,?9?9?9?9E0?9?9?9?9*9?9*9?9?9?9?9?9?9*9*_?9*9*9?9?9,33.2,29.1,79,100286,9999,9999,432,4,0,4,999900,999900,999900,99990,180,3.5,0,0,999.0,999,9,'999999999,0,0.0000,0,88,999.000,0.0,1.0
2056/4/2,20:00,?9?9?9?9E0?9?9?9?9*9?9*9?9?9?9?9?9?9*9*_?9*9*9?9?9,32.6,28.7,80,100386,9999,9999,428,0,0,0,999900,999900,999900,99990,180,4.3,0,0,999.0,999,9,'999999999,0,0.0000,0,88,999.000,0.0,1.0
2056/4/2,21:00,?9?9?9?9E0?9?9?9?9*9?9*9?9?9?9?9?9?9*9*_?9*9*9?9?9,32.3,28.4,80,100386,9999,9999,426,0,0,0,999900,999900,999900,99990,160,5.0,0,0,999.0,999,9,'999999999,0,0.0000,0,88,999.000,0.0,1.0
2056/4/2,22:00,?9?9?9?9E0?9?9?9?9*9?9*9?9?9?9?9?9?9*9*_?9*9*9?9?9,32.2,28.3,80,100486,9999,9999,425,0,0,0,999900,999900,999900,99990,160,5.1,0,0,999.0,999,9,'999999999,0,0.0000,0,88,999.000,0.0,1.0
2056/4/2,23:00,?9?9?9?9E0?9?9?9?9*9?9*9?9?9?9?9?9?9*9*_?9*9*9?9?9,32.2,28.3,80,100486,9999,9999,439,0,0,0,999900,999900,999900,99990,160,4.8,2,2,999.0,999,9,'999999999,0,0.0000,0,88,999.000,0.0,1.0
2056/4/2,24:00,?9?9?9?9E0?9?9?9?9*9?9*9?9?9?9?9?9?9*9*_?9*9*9?9?9,32.0,28.3,81,100486,9999,9999,446,0,0,0,999900,999900,999900,99990,160,4.5,4,4,999.0,999,9,'999999999,0,0.0000,0,88,999.000,0.0,1.0
2056/4/3,01:00,?9?9?9?9E0?9?9?9?9*9?9*9?9?9?9?9?9?9*9*_?9*9*9?9?9,32.0,28.3,81,100486,9999,9999,446,0,0,0,999900,999900,999900,99990,160,3.9,4,4,999.0,999,9,'999999999,0,0.0000,0,88,999.000,0.0,1.0
2056/4/3,02:00,?9?9?9?9E0?9?9?9?9*9?9*9?9?9?9?9?9?9*9*_?9*9*9?9?9,31.9,28.2,81,100386,9999,9999,445,0,0,0,999900,999900,999900,99990,160,3.4,4,4,999.0,999,9,'999999999,0,0.0000,0,88,999.000,0.0,1.0
2056/4/3,03:00,?9?9?9?9E0?9?9?9?9*9?9*9?9?9?9?9?9?9*9*_?9*9*9?9?9,31.5,27.9,81,100386,9999,9999,439,0,0,0,999900,999900,999900,99990,180,2.9,3,3,999.0,999,9,'999999999,0,0.0000,0,88,999.000,0.0,1.0
2056/4/3,04:00,?9?9?9?9E0?9?9?9?9*9?9*9?9?9?9?9?9?9*9*_?9*9*9?9?9,30.9,27.3,81,100386,9999,9999,438,0,0,0,999900,999900,999900,99990,180,4.7,4,4,999.0,999,9,'999999999,0,0.0000,0,88,999.000,0.0,1.0
2056/4/3,05:00,?9?9?9?9E0?9?9?9?9*9?9*9?9?9?9?9?9?9*9*_?9*9*9?9?9,30.9,27.3,81,100386,9999,9999,441,0,0,0,999900,999900,999900,99990,150,5.3,5,5,999.0,999,9,'999999999,0,0.0000,0,88,999.000,0.0,1.0
2056/4/3,06:00,?9?9?9?9E0?9?9?9?9*9?9*9?9?9?9?9?9?9*9*_?9*9*9?9?9,30.7,27.1,81,100486,9999,9999,433,0,0,0,999900,999900,999900,99990,180,3.6,3,3,999.0,999,9,'999999999,0,0.0000,0,88,999.000,0.0,1.0
2056/4/3,07:00,?9?9?9?9E0?9?9?9?9*9?9*9?9?9?9?9?9?9*9*_?9*9*9?9?9,30.8,27.2,81,100586,9999,9999,434,53,167,38,999900,999900,999900,99990,180,2.9,3,3,999.0,999,9,'999999999,0,0.0000,0,88,999.000,0.0,1.0
2056/4/3,08:00,?9?9?9?9E0?9?9?9?9*9?9*9?9?9?9?9?9?9*9*_?9*9*9?9?9,32.0,28.3,81,100686,9999,9999,446,264,436,116,999900,999900,999900,99990,220,3.2,4,4,999.0,999,9,'999999999,0,0.0000,0,88,999.000,0.0,1.0
2056/4/3,09:00,?9?9?9?9E0?9?9?9?9*9?9*9?9?9?9?9?9?9*9*_?9*9*9?9?9,34.2,28.0,70,100686,9999,9999,455,530,702,133,999900,999900,999900,99990,220,1.3,3,3,999.0,999,9,'999999999,0,0.0000,0,88,999.000,0.0,1.0
2056/4/3,10:00,?9?9?9?9E0?9?9?9?9*9?9*9?9?9?9?9?9?9*9*_?9*9*9?9?9,36.4,26.8,58,100686,9999,9999,462,742,778,155,999900,999900,999900,99990,220,0.3,2,2,999.0,999,9,'999999999,0,0.0000,0,88,999.000,0.0,1.0
2056/4/3,11:00,?9?9?9?9E0?9?9?9?9*9?9*9?9?9?9?9?9?9*9*_?9*9*9?9?9,37.9,24.3,46,100686,9999,9999,461,925,851,164,999900,999900,999900,99990,220,0.8,1,1,999.0,999,9,'999999999,0,0.0000,0,88,999.000,0.0,1.0
2056/4/3,12:00,?9?9?9?9E0?9?9?9?9*9?9*9?9?9?9?9?9?9*9*_?9*9*9?9?9,39.4,21.6,36,100586,9999,9999,457,1032,880,176,999900,999900,999900,99990,230,1.4,0,0,999.0,999,9,'999999999,0,0.0000,0,88,999.000,0.0,1.0
2056/4/3,13:00,?9?9?9?9E0?9?9?9?9*9?9*9?9?9?9?9?9?9*9*_?9*9*9?9?9,40.1,25.5,44,100486,9999,9999,467,1020,834,196,999900,999900,999900,99990,230,2.3,0,0,999.0,999,9,'999999999,0,0.0000,0,88,999.000,0.0,1.0
2056/4/3,14:00,?9?9?9?9E0?9?9?9?9*9?9*9?9?9?9?9?9?9*9*_?9*9*9?9?9,38.2,25.6,49,100386,9999,9999,465,959,831,181,999900,999900,999900,99990,230,3.6,1,1,999.0,999,9,'999999999,0,0.0000,0,88,999.000,0.0,1.0
2056/4/3,15:00,?9?9?9?9E0?9?9?9?9*9?9*9?9?9?9?9?9?9*9*_?9*9*9?9?9,37.7,25.2,49,100286,9999,9999,467,821,802,162,999900,999900,999900,99990,140,5.1,2,2,999.0,999,9,'999999999,0,0.0000,0,88,999.000,0.0,1.0
2056/4/3,16:00,?9?9?9?9E0?9?9?9?9*9?9*9?9?9?9?9?9?9*9*_?9*9*9?9?9,37.2,25.7,52,100186,9999,9999,450,610,708,148,999900,999900,999900,99990,140,5.1,0,0,999.0,999,9,'999999999,0,0.0000,0,88,999.000,0.0,1.0
2056/4/3,17:00,?9?9?9?9E0?9?9?9?9*9?9*9?9?9?9?9?9?9*9*_?9*9*9?9?9,35.9,26.1,57,99986,9999,9999,458,375,568,124,999900,999900,999900,99990,140,6.6,2,2,999.0,999,9,'999999999,0,0.0000,0,88,999.000,0.0,1.0
2056/4/3,18:00,?9?9?9?9E0?9?9?9?9*9?9*9?9?9?9?9?9?9*9*_?9*9*9?9?9,34.3,27.6,68,100186,9999,9999,458,127,245,78,999900,999900,999900,99990,150,8.2,4,4,999.0,999,9,'999999999,0,0.0000,0,88,999.000,0.0,1.0
2056/4/3,19:00,?9?9?9?9E0?9?9?9?9*9?9*9?9?9?9?9?9?9*9*_?9*9*9?9?9,33.6,27.6,71,100286,9999,9999,454,4,0,4,999900,999900,999900,99990,140,5.9,4,4,999.0,999,9,'999999999,0,0.0000,0,88,999.000,0.0,1.0
2056/4/3,20:00,?9?9?9?9E0?9?9?9?9*9?9*9?9?9?9?9?9?9*9*_?9*9*9?9?9,33.3,28.3,75,100386,9999,9999,457,0,0,0,999900,999900,999900,99990,180,5.6,5,5,999.0,999,9,'999999999,0,0.0000,0,88,999.000,0.0,1.0
2056/4/3,21:00,?9?9?9?9E0?9?9?9?9*9?9*9?9?9?9?9?9?9*9*_?9*9*9?9?9,33.0,28.7,78,100386,9999,9999,456,0,0,0,999900,999900,999900,99990,180,4.7,5,5,999.0,999,9,'999999999,0,0.0000,0,88,999.000,0.0,1.0
2056/4/3,22:00,?9?9?9?9E0?9?9?9?9*9?9*9?9?9?9?9?9?9*9*_?9*9*9?9?9,32.9,28.6,78,100486,9999,9999,455,0,0,0,999900,999900,999900,99990,180,5.1,5,5,999.0,999,9,'999999999,0,0.0000,0,88,999.000,0.0,1.0
2056/4/3,23:00,?9?9?9?9E0?9?9?9?9*9?9*9?9?9?9?9?9?9*9*_?9*9*9?9?9,32.9,28.6,78,100486,9999,9999,455,0,0,0,999900,999900,999900,99990,160,6.6,5,5,999.0,999,9,'999999999,0,0.0000,0,88,999.000,0.0,1.0
2056/4/3,24:00,?9?9?9?9E0?9?9?9?9*9?9*9?9?9?9?9?9?9*9*_?9*9*9?9?9,32.7,28.4,78,100486,9999,9999,453,0,0,0,999900,999900,999900,99990,180,4.6,5,5,999.0,999,9,'999999999,0,0.0000,0,88,999.000,0.0,1.0
2056/4/4,01:00,?9?9?9?9E0?9?9?9?9*9?9*9?9?9?9?9?9?9*9*_?9*9*9?9?9,32.6,28.3,78,100386,9999,9999,453,0,0,0,999900,999900,999900,99990,180,0.3,5,5,999.0,999,9,'999999999,0,0.0000,0,88,999.000,0.0,1.0
2056/4/4,02:00,?9?9?9?9E0?9?9?9?9*9?9*9?9?9?9?9?9?9*9*_?9*9*9?9?9,32.5,28.2,78,100386,9999,9999,452,0,0,0,999900,999900,999900,99990,180,0.0,5,5,999.0,999,9,'999999999,0,0.0000,0,88,999.000,0.0,1.0
2056/4/4,03:00,?9?9?9?9E0?9?9?9?9*9?9*9?9?9?9?9?9?9*9*_?9*9*9?9?9,32.2,27.9,78,100386,9999,9999,459,0,0,0,999900,999900,999900,99990,200,0.0,7,7,999.0,999,9,'999999999,0,0.0000,0,88,999.000,0.0,1.0
2056/4/4,04:00,?9?9?9?9E0?9?9?9?9*9?9*9?9?9?9?9?9?9*9*_?9*9*9?9?9,32.0,27.7,78,100386,9999,9999,445,0,0,0,999900,999900,999900,99990,180,0.0,4,4,999.0,999,9,'999999999,0,0.0000,0,88,999.000,0.0,1.0
2056/4/4,05:00,?9?9?9?9E0?9?9?9?9*9?9*9?9?9?9?9?9?9*9*_?9*9*9?9?9,31.7,27.4,78,100386,9999,9999,439,0,0,0,999900,999900,999900,99990,180,0.0,3,3,999.0,999,9,'999999999,0,0.0000,0,88,999.000,0.0,1.0
2056/4/4,06:00,?9?9?9?9E0?9?9?9?9*9?9*9?9?9?9?9?9?9*9*_?9*9*9?9?9,31.4,27.3,79,100486,9999,9999,438,0,0,0,999900,999900,999900,99990,180,0.0,3,3,999.0,999,9,'999999999,0,0.0000,0,88,999.000,0.0,1.0
2056/4/4,07:00,?9?9?9?9E0?9?9?9?9*9?9*9?9?9?9?9?9?9*9*_?9*9*9?9?9,31.4,27.3,79,100486,9999,9999,454,34,46,30,999900,999900,999900,99990,180,0.0,7,7,999.0,999,9,'999999999,0,0.0000,0,88,999.000,0.0,1.0
2056/4/4,08:00,?9?9?9?9E0?9?9?9?9*9?9*9?9?9?9?9?9?9*9*_?9*9*9?9?9,32.2,27.9,78,100586,9999,9999,450,251,347,132,999900,999900,999900,99990,180,0.0,5,5,999.0,999,9,'999999999,0,0.0000,0,88,999.000,0.0,1.0
2056/4/4,09:00,?9?9?9?9E0?9?9?9?9*9?9*9?9?9?9?9?9?9*9*_?9*9*9?9?9,34.1,25.5,61,100686,9999,9999,451,549,736,131,999900,999900,999900,99990,180,0.0,3,3,999.0,999,9,'999999999,0,0.0000,0,88,999.000,0.0,1.0
2056/4/4,10:00,?9?9?9?9E0?9?9?9?9*9?9*9?9?9?9?9?9?9*9*_?9*9*9?9?9,36.6,24.5,50,100686,9999,9999,464,754,790,156,999900,999900,999900,99990,180,0.4,3,3,999.0,999,9,'999999999,0,0.0000,0,88,999.000,0.0,1.0
2056/4/4,11:00,?9?9?9?9E0?9?9?9?9*9?9*9?9?9?9?9?9?9*9*_?9*9*9?9?9,37.9,23.9,45,100686,9999,9999,471,907,804,187,999900,999900,999900,99990,180,0.5,3,3,999.0,999,9,'999999999,0,0.0000,0,88,999.000,0.0,1.0
2056/4/4,12:00,?9?9?9?9E0?9?9?9?9*9?9*9?9?9?9?9?9?9*9*_?9*9*9?9?9,39.0,23.4,41,100586,9999,9999,477,992,796,216,999900,999900,999900,99990,230,0.0,3,3,999.0,999,9,'999999999,0,0.0000,0,88,999.000,0.0,1.0
2056/4/4,13:00,?9?9?9?9E0?9?9?9?9*9?9*9?9?9?9?9?9?9*9*_?9*9*9?9?9,39.2,24.7,44,100486,9999,9999,484,970,727,252,999900,999900,999900,99990,270,0.6,4,4,999.0,999,9,'999999999,0,0.0000,0,88,999.000,0.0,1.0
2056/4/4,14:00,?9?9?9?9E0?9?9?9?9*9?9*9?9?9?9?9?9?9*9*_?9*9*9?9?9,37.4,24.9,49,100386,9999,9999,477,860,631,269,999900,999900,999900,99990,270,0.6,5,5,999.0,999,9,'999999999,0,0.0000,0,88,999.000,0.0,1.0
2056/4/4,15:00,?9?9?9?9E0?9?9?9?9*9?9*9?9?9?9?9?9?9*9*_?9*9*9?9?9,36.3,26.1,56,100386,9999,9999,472,716,569,248,999900,999900,999900,99990,130,0.6,5,5,999.0,999,9,'999999999,0,0.0000,0,88,999.000,0.0,1.0
2056/4/4,16:00,?9?9?9?9E0?9?9?9?9*9?9*9?9?9?9?9?9?9*9*_?9*9*9?9?9,35.1,26.7,62,100386,9999,9999,454,576,593,188,999900,999900,999900,99990,110,0.3,2,2,999.0,999,9,'999999999,0,0.0000,0,88,999.000,0.0,1.0
2056/4/4,17:00,?9?9?9?9E0?9?9?9?9*9?9*9?9?9?9?9?9?9*9*_?9*9*9?9?9,34.1,27.4,68,100286,9999,9999,453,340,425,152,999900,999900,999900,99990,120,0.3,3,3,999.0,999,9,'999999999,0,0.0000,0,88,999.000,0.0,1.0
2056/4/4,18:00,?9?9?9?9E0?9?9?9?9*9?9*9?9?9?9?9?9?9*9*_?9*9*9?9?9,33.7,27.5,70,100386,9999,9999,451,123,209,81,999900,999900,999900,99990,180,0.4,3,3,999.0,999,9,'999999999,0,0.0000,0,88,999.000,0.0,1.0
2056/4/4,19:00,?9?9?9?9E0?9?9?9?9*9?9*9?9?9?9?9?9?9*9*_?9*9*9?9?9,33.5,27.3,70,100386,9999,9999,457,4,0,4,999900,999900,999900,99990,180,0.0,5,5,999.0,999,9,'999999999,0,0.0000,0,88,999.000,0.0,1.0
2056/4/4,20:00,?9?9?9?9E0?9?9?9?9*9?9*9?9?9?9?9?9?9*9*_?9*9*9?9?9,33.2,27.0,70,100486,9999,9999,451,0,0,0,999900,999900,999900,99990,180,0.0,4,4,999.0,999,9,'999999999,0,0.0000,0,88,999.000,0.0,1.0
2056/4/4,21:00,?9?9?9?9E0?9?9?9?9*9?9*9?9?9?9?9?9?9*9*_?9*9*9?9?9,33.2,27.0,70,100586,9999,9999,448,0,0,0,999900,999900,999900,99990,180,0.0,3,3,999.0,999,9,'999999999,0,0.0000,0,88,999.000,0.0,1.0
2056/4/4,22:00,?9?9?9?9E0?9?9?9?9*9?9*9?9?9?9?9?9?9*9*_?9*9*9?9?9,33.2,27.0,70,100586,9999,9999,471,0,0,0,999900,999900,999900,99990,200,0.0,8,8,999.0,999,9,'999999999,0,0.0000,0,88,999.000,0.0,1.0
2056/4/4,23:00,?9?9?9?9E0?9?9?9?9*9?9*9?9?9?9?9?9?9*9*_?9*9*9?9?9,32.8,27.8,75,100586,9999,9999,463,0,0,0,999900,999900,999900,99990,200,0.0,7,7,999.0,999,9,'999999999,0,0.0000,0,88,999.000,0.0,1.0
2056/4/4,24:00,?9?9?9?9E0?9?9?9?9*9?9*9?9?9?9?9?9?9*9*_?9*9*9?9?9,32.4,28.3,79,100486,9999,9999,455,0,0,0,999900,999900,999900,99990,200,0.0,6,6,999.0,999,9,'999999999,0,0.0000,0,88,999.000,0.0,1.0
2056/4/5,01:00,?9?9?9?9E0?9?9?9?9*9?9*9?9?9?9?9?9?9*9*_?9*9*9?9?9,32.3,28.2,79,100486,9999,9999,451,0,0,0,999900,999900,999900,99990,180,0.0,5,5,999.0,999,9,'999999999,0,0.0000,0,88,999.000,0.0,1.0
2056/4/5,02:00,?9?9?9?9E0?9?9?9?9*9?9*9?9?9?9?9?9?9*9*_?9*9*9?9?9,32.2,28.1,79,100386,9999,9999,450,0,0,0,999900,999900,999900,99990,180,0.0,5,5,999.0,999,9,'999999999,0,0.0000,0,88,999.000,0.0,1.0
2056/4/5,03:00,?9?9?9?9E0?9?9?9?9*9?9*9?9?9?9?9?9?9*9*_?9*9*9?9?9,31.9,27.8,79,100386,9999,9999,448,0,0,0,999900,999900,999900,99990,180,0.0,5,5,999.0,999,9,'999999999,0,0.0000,0,88,999.000,0.0,1.0
2056/4/5,04:00,?9?9?9?9E0?9?9?9?9*9?9*9?9?9?9?9?9?9*9*_?9*9*9?9?9,31.7,27.8,80,100386,9999,9999,447,0,0,0,999900,999900,999900,99990,180,0.0,5,5,999.0,999,9,'999999999,0,0.0000,0,88,999.000,0.0,1.0
2056/4/5,05:00,?9?9?9?9E0?9?9?9?9*9?9*9?9?9?9?9?9?9*9*_?9*9*9?9?9,31.1,27.3,80,100486,9999,9999,442,0,0,0,999900,999900,999900,99990,180,0.0,5,5,999.0,999,9,'999999999,0,0.0000,0,88,999.000,0.0,1.0
2056/4/5,06:00,?9?9?9?9E0?9?9?9?9*9?9*9?9?9?9?9?9?9*9*_?9*9*9?9?9,30.9,27.1,80,100486,9999,9999,438,0,0,0,999900,999900,999900,99990,180,0.0,4,4,999.0,999,9,'999999999,0,0.0000,0,88,999.000,0.0,1.0
2056/4/5,07:00,?9?9?9?9E0?9?9?9?9*9?9*9?9?9?9?9?9?9*9*_?9*9*9?9?9,31.2,27.4,80,100586,9999,9999,436,56,165,40,999900,999900,999900,99990,180,0.0,3,3,999.0,999,9,'999999999,0,0.0000,0,88,999.000,0.0,1.0
2056/4/5,08:00,?9?9?9?9E0?9?9?9?9*9?9*9?9?9?9?9?9?9*9*_?9*9*9?9?9,32.2,28.3,80,100686,9999,9999,443,275,452,119,999900,999900,999900,99990,180,0.0,3,3,999.0,999,9,'999999999,0,0.0000,0,88,999.000,0.0,1.0
2056/4/5,09:00,?9?9?9?9E0?9?9?9?9*9?9*9?9?9?9?9?9?9*9*_?9*9*9?9?9,33.6,28.6,75,100786,9999,9999,452,523,657,148,999900,999900,999900,99990,200,0.0,3,3,999.0,999,9,'999999999,0,0.0000,0,88,999.000,0.0,1.0
2056/4/5,10:00,?9?9?9?9E0?9?9?9?9*9?9*9?9?9?9?9?9?9*9*_?9*9*9?9?9,35.2,26.3,60,100786,9999,9999,458,732,730,178,999900,999900,999900,99990,210,0.0,3,3,999.0,999,9,'999999999,0,0.0000,0,88,999.000,0.0,1.0
2056/4/5,11:00,?9?9?9?9E0?9?9?9?9*9?9*9?9?9?9?9?9?9*9*_?9*9*9?9?9,36.0,26.7,59,100686,9999,9999,464,873,733,216,999900,999900,999900,99990,210,0.0,3,3,999.0,999,9,'999999999,0,0.0000,0,88,999.000,0.0,1.0
2056/4/5,12:00,?9?9?9?9E0?9?9?9?9*9?9*9?9?9?9?9?9?9*9*_?9*9*9?9?9,36.6,27.6,60,100686,9999,9999,458,968,749,238,999900,999900,999900,99990,140,0.6,1,1,999.0,999,9,'999999999,0,0.0000,0,88,999.000,0.0,1.0
2056/4/5,13:00,?9?9?9?9E0?9?9?9?9*9?9*9?9?9?9?9?9?9*9*_?9*9*9?9?9,36.1,27.4,61,100586,9999,9999,455,979,740,247,999900,999900,999900,99990,140,1.0,1,1,999.0,999,9,'999999999,0,0.0000,0,88,999.000,0.0,1.0
2056/4/5,14:00,?9?9?9?9E0?9?9?9?9*9?9*9?9?9?9?9?9?9*9*_?9*9*9?9?9,35.3,26.9,62,100486,9999,9999,455,906,715,236,999900,999900,999900,99990,140,1.3,2,2,999.0,999,9,'999999999,0,0.0000,0,88,999.000,0.0,1.0
2056/4/5,15:00,?9?9?9?9E0?9?9?9?9*9?9*9?9?9?9?9?9?9*9*_?9*9*9?9?9,35.1,27.5,65,100386,9999,9999,455,758,652,222,999900,999900,999900,99990,130,0.7,2,2,999.0,999,9,'999999999,0,0.0000,0,88,999.000,0.0,1.0
2056/4/5,16:00,?9?9?9?9E0?9?9?9?9*9?9*9?9?9?9?9?9?9*9*_?9*9*9?9?9,34.3,28.0,70,100386,9999,9999,451,550,525,207,999900,999900,999900,99990,130,1.0,2,2,999.0,999,9,'999999999,0,0.0000,0,88,999.000,0.0,1.0
2056/4/5,17:00,?9?9?9?9E0?9?9?9?9*9?9*9?9?9?9?9?9?9*9*_?9*9*9?9?9,32.7,28.8,80,100386,9999,9999,451,307,296,176,999900,999900,999900,99990,150,0.5,4,4,999.0,999,9,'999999999,0,0.0000,0,88,999.000,0.0,1.0
2056/4/5,18:00,?9?9?9?9E0?9?9?9?9*9?9*9?9?9?9?9?9?9*9*_?9*9*9?9?9,32.4,28.7,81,100486,9999,9999,461,77,53,66,999900,999900,999900,99990,160,0.0,7,7,999.0,999,9,'999999999,0,0.0000,0,88,999.000,0.0,1.0
2056/4/5,19:00,?9?9?9?9E0?9?9?9?9*9?9*9?9?9?9?9?9?9*9*_?9*9*9?9?9,32.2,28.5,81,100486,9999,9999,460,4,0,4,999900,999900,999900,99990,160,0.0,7,7,999.0,999,9,'999999999,0,0.0000,0,88,999.000,0.0,1.0
2056/4/5,20:00,?9?9?9?9E0?9?9?9?9*9?9*9?9?9?9?9?9?9*9*_?9*9*9?9?9,32.1,28.4,81,100486,9999,9999,443,0,0,0,999900,999900,999900,99990,150,0.3,3,3,999.0,999,9,'999999999,0,0.0000,0,88,999.000,0.0,1.0
2056/4/5,21:00,?9?9?9?9E0?9?9?9?9*9?9*9?9?9?9?9?9?9*9*_?9*9*9?9?9,31.7,28.0,81,100586,9999,9999,451,0,0,0,999900,999900,999900,99990,140,0.2,6,6,999.0,999,9,'999999999,0,0.0000,0,88,999.000,0.0,1.0
2056/4/5,22:00,?9?9?9?9E0?9?9?9?9*9?9*9?9?9?9?9?9?9*9*_?9*9*9?9?9,31.7,27.8,80,100586,9999,9999,463,0,0,0,999900,999900,999900,99990,140,0.0,8,8,999.0,999,9,'999999999,0,0.0000,0,88,999.000,0.0,1.0
2056/4/5,23:00,?9?9?9?9E0?9?9?9?9*9?9*9?9?9?9?9?9?9*9*_?9*9*9?9?9,31.2,27.4,80,100586,9999,9999,452,0,0,0,999900,999900,999900,99990,140,0.0,7,7,999.0,999,9,'999999999,0,0.0000,0,88,999.000,0.0,1.0
2056/4/5,24:00,?9?9?9?9E0?9?9?9?9*9?9*9?9?9?9?9?9?9*9*_?9*9*9?9?9,30.4,26.6,80,100586,9999,9999,438,0,0,0,999900,999900,999900,99990,180,0.0,5,5,999.0,999,9,'999999999,0,0.0000,0,88,999.000,0.0,1.0
2056/4/6,01:00,?9?9?9?9E0?9?9?9?9*9?9*9?9?9?9?9?9?9*9*_?9*9*9?9?9,29.7,25.5,78,100486,9999,9999,432,0,0,0,999900,999900,999900,99990,240,0.0,5,5,999.0,999,9,'999999999,0,0.0000,0,88,999.000,0.0,1.0
2056/4/6,02:00,?9?9?9?9E0?9?9?9?9*9?9*9?9?9?9?9?9?9*9*_?9*9*9?9?9,29.3,25.3,79,100486,9999,9999,423,0,0,0,999900,999900,999900,99990,240,0.0,3,3,999.0,999,9,'999999999,0,0.0000,0,88,999.000,0.0,1.0
2056/4/6,03:00,?9?9?9?9E0?9?9?9?9*9?9*9?9?9?9?9?9?9*9*_?9*9*9?9?9,29.0,25.0,79,100486,9999,9999,411,0,0,0,999900,999900,999900,99990,240,0.0,1,1,999.0,999,9,'999999999,0,0.0000,0,88,999.000,0.0,1.0
2056/4/6,04:00,?9?9?9?9E0?9?9?9?9*9?9*9?9?9?9?9?9?9*9*_?9*9*9?9?9,28.8,24.8,79,100486,9999,9999,416,0,0,0,999900,999900,999900,99990,240,0.0,2,2,999.0,999,9,'999999999,0,0.0000,0,88,999.000,0.0,1.0
2056/4/6,05:00,?9?9?9?9E0?9?9?9?9*9?9*9?9?9?9?9?9?9*9*_?9*9*9?9?9,28.4,24.4,79,100486,9999,9999,420,0,0,0,999900,999900,999900,99990,240,0.0,4,4,999.0,999,9,'999999999,0,0.0000,0,88,999.000,0.0,1.0
2056/4/6,06:00,?9?9?9?9E0?9?9?9?9*9?9*9?9?9?9?9?9?9*9*_?9*9*9?9?9,27.9,24.1,80,100586,9999,9999,410,0,0,0,999900,999900,999900,99990,240,0.0,2,2,999.0,999,9,'999999999,0,0.0000,0,88,999.000,0.0,1.0
2056/4/6,07:00,?9?9?9?9E0?9?9?9?9*9?9*9?9?9?9?9?9?9*9*_?9*9*9?9?9,28.6,24.8,80,100886,9999,9999,409,60,191,41,999900,999900,999900,99990,240,0.0,1,1,999.0,999,9,'999999999,0,0.0000,0,88,999.000,0.0,1.0
2056/4/6,08:00,?9?9?9?9E0?9?9?9?9*9?9*9?9?9?9?9?9?9*9*_?9*9*9?9?9,31.0,26.9,79,100786,9999,9999,430,281,476,116,999900,999900,999900,99990,240,0.0,2,2,999.0,999,9,'999999999,0,0.0000,0,88,999.000,0.0,1.0
2056/4/6,09:00,?9?9?9?9E0?9?9?9?9*9?9*9?9?9?9?9?9?9*9*_?9*9*9?9?9,32.6,27.8,76,100886,9999,9999,441,528,664,148,999900,999900,999900,99990,180,0.4,2,2,999.0,999,9,'999999999,0,0.0000,0,88,999.000,0.0,1.0
2056/4/6,10:00,?9?9?9?9E0?9?9?9?9*9?9*9?9?9?9?9?9?9*9*_?9*9*9?9?9,34.0,26.8,66,100886,9999,9999,455,688,635,205,999900,999900,999900,99990,210,0.0,4,4,999.0,999,9,'999999999,0,0.0000,0,88,999.000,0.0,1.0
2056/4/6,11:00,?9?9?9?9E0?9?9?9?9*9?9*9?9?9?9?9?9?9*9*_?9*9*9?9?9,35.0,25.5,58,100886,9999,9999,456,879,738,216,999900,999900,999900,99990,170,0.5,3,3,999.0,999,9,'999999999,0,0.0000,0,88,999.000,0.0,1.0
2056/4/6,12:00,?9?9?9?9E0?9?9?9?9*9?9*9?9?9?9?9?9?9*9*_?9*9*9?9?9,35.5,25.4,56,100786,9999,9999,459,959,737,239,999900,999900,999900,99990,160,0.7,3,3,999.0,999,9,'999999999,0,0.0000,0,88,999.000,0.0,1.0
2056/4/6,13:00,?9?9?9?9E0?9?9?9?9*9?9*9?9?9?9?9?9?9*9*_?9*9*9?9?9,35.1,25.0,56,100786,9999,9999,446,994,767,235,999900,999900,999900,99990,160,0.6,1,1,999.0,999,9,'999999999,0,0.0000,0,88,999.000,0.0,1.0
2056/4/6,14:00,?9?9?9?9E0?9?9?9?9*9?9*9?9?9?9?9?9?9*9*_?9*9*9?9?9,34.8,25.3,58,100686,9999,9999,450,914,733,227,999900,999900,999900,99990,120,0.7,2,2,999.0,999,9,'999999999,0,0.0000,0,88,999.000,0.0,1.0
2056/4/6,15:00,?9?9?9?9E0?9?9?9?9*9?9*9?9?9?9?9?9?9*9*_?9*9*9?9?9,34.6,25.1,58,100586,9999,9999,453,761,663,216,999900,999900,999900,99990,140,0.9,3,3,999.0,999,9,'999999999,0,0.0000,0,88,999.000,0.0,1.0
2056/4/6,16:00,?9?9?9?9E0?9?9?9?9*9?9*9?9?9?9?9?9?9*9*_?9*9*9?9?9,34.1,24.7,58,100586,9999,9999,450,561,564,193,999900,999900,999900,99990,160,0.5,3,3,999.0,999,9,'999999999,0,0.0000,0,88,999.000,0.0,1.0
2056/4/6,17:00,?9?9?9?9E0?9?9?9?9*9?9*9?9?9?9?9?9?9*9*_?9*9*9?9?9,33.2,25.0,62,100586,9999,9999,445,346,446,149,999900,999900,999900,99990,160,0.6,3,3,999.0,999,9,'999999999,0,0.0000,0,88,999.000,0.0,1.0
2056/4/6,18:00,?9?9?9?9E0?9?9?9?9*9?9*9?9?9?9?9?9?9*9*_?9*9*9?9?9,32.2,25.6,68,100586,9999,9999,440,125,220,81,999900,999900,999900,99990,140,0.5,3,3,999.0,999,9,'999999999,0,0.0000,0,88,999.000,0.0,1.0
2056/4/6,19:00,?9?9?9?9E0?9?9?9?9*9?9*9?9?9?9?9?9?9*9*_?9*9*9?9?9,31.6,25.5,70,100686,9999,9999,436,4,0,4,999900,999900,999900,99990,140,0.5,3,3,999.0,999,9,'999999999,0,0.0000,0,88,999.000,0.0,1.0
2056/4/6,20:00,?9?9?9?9E0?9?9?9?9*9?9*9?9?9?9?9?9?9*9*_?9*9*9?9?9,31.2,25.3,71,100686,9999,9999,434,0,0,0,999900,999900,999900,99990,140,0.4,3,3,999.0,999,9,'999999999,0,0.0000,0,88,999.000,0.0,1.0
2056/4/6,21:00,?9?9?9?9E0?9?9?9?9*9?9*9?9?9?9?9?9?9*9*_?9*9*9?9?9,31.1,25.5,72,100786,9999,9999,433,0,0,0,999900,999900,999900,99990,120,0.3,3,3,999.0,999,9,'999999999,0,0.0000,0,88,999.000,0.0,1.0
2056/4/6,22:00,?9?9?9?9E0?9?9?9?9*9?9*9?9?9?9?9?9?9*9*_?9*9*9?9?9,30.7,25.1,72,100786,9999,9999,426,0,0,0,999900,999900,999900,99990,160,0.3,2,2,999.0,999,9,'999999999,0,0.0000,0,88,999.000,0.0,1.0
2056/4/6,23:00,?9?9?9?9E0?9?9?9?9*9?9*9?9?9?9?9?9?9*9*_?9*9*9?9?9,30.5,25.1,73,100786,9999,9999,420,0,0,0,999900,999900,999900,99990,160,0.2,1,1,999.0,999,9,'999999999,0,0.0000,0,88,999.000,0.0,1.0
2056/4/6,24:00,?9?9?9?9E0?9?9?9?9*9?9*9?9?9?9?9?9?9*9*_?9*9*9?9?9,30.1,25.6,77,100786,9999,9999,410,0,0,0,999900,999900,999900,99990,130,0.0,0,0,999.0,999,9,'999999999,0,0.0000,0,88,999.000,0.0,1.0
2056/4/7,01:00,?9?9?9?9E0?9?9?9?9*9?9*9?9?9?9?9?9?9*9*_?9*9*9?9?9,29.8,25.4,77,100686,9999,9999,408,0,0,0,999900,999900,999900,99990,160,0.0,0,0,999.0,999,9,'999999999,0,0.0000,0,88,999.000,0.0,1.0
2056/4/7,02:00,?9?9?9?9E0?9?9?9?9*9?9*9?9?9?9?9?9?9*9*_?9*9*9?9?9,29.7,25.3,77,100686,9999,9999,408,0,0,0,999900,999900,999900,99990,160,0.0,0,0,999.0,999,9,'999999999,0,0.0000,0,88,999.000,0.0,1.0
2056/4/7,03:00,?9?9?9?9E0?9?9?9?9*9?9*9?9?9?9?9?9?9*9*_?9*9*9?9?9,28.8,24.8,79,100686,9999,9999,402,0,0,0,999900,999900,999900,99990,160,0.0,0,0,999.0,999,9,'999999999,0,0.0000,0,88,999.000,0.0,1.0
2056/4/7,04:00,?9?9?9?9E0?9?9?9?9*9?9*9?9?9?9?9?9?9*9*_?9*9*9?9?9,28.3,24.3,79,100686,9999,9999,399,0,0,0,999900,999900,999900,99990,160,0.0,0,0,999.0,999,9,'999999999,0,0.0000,0,88,999.000,0.0,1.0
2056/4/7,05:00,?9?9?9?9E0?9?9?9?9*9?9*9?9?9?9?9?9?9*9*_?9*9*9?9?9,28.2,24.2,79,100786,9999,9999,406,0,0,0,999900,999900,999900,99990,160,0.0,1,1,999.0,999,9,'999999999,0,0.0000,0,88,999.000,0.0,1.0
2056/4/7,06:00,?9?9?9?9E0?9?9?9?9*9?9*9?9?9?9?9?9?9*9*_?9*9*9?9?9,27.8,24.0,80,100886,9999,9999,409,0,0,0,999900,999900,999900,99990,160,0.0,2,2,999.0,999,9,'999999999,0,0.0000,0,88,999.000,0.0,1.0
2056/4/7,07:00,?9?9?9?9E0?9?9?9?9*9?9*9?9?9?9?9?9?9*9*_?9*9*9?9?9,28.1,24.3,80,100986,9999,9999,415,59,171,41,999900,999900,999900,99990,160,0.0,3,3,999.0,999,9,'999999999,0,0.0000,0,88,999.000,0.0,1.0
2056/4/7,08:00,?9?9?9?9E0?9?9?9?9*9?9*9?9?9?9?9?9?9*9*_?9*9*9?9?9,29.9,25.9,79,101086,9999,9999,427,279,455,120,999900,999900,999900,99990,160,0.0,3,3,999.0,999,9,'999999999,0,0.0000,0,88,999.000,0.0,1.0
2056/4/7,09:00,?9?9?9?9E0?9?9?9?9*9?9*9?9?9?9?9?9?9*9*_?9*9*9?9?9,32.3,26.4,71,101086,9999,9999,441,528,663,147,999900,999900,999900,99990,160,0.0,3,3,999.0,999,9,'999999999,0,0.0000,0,88,999.000,0.0,1.0
2056/4/7,10:00,?9?9?9?9E0?9?9?9?9*9?9*9?9?9?9?9?9?9*9*_?9*9*9?9?9,33.5,23.5,56,101086,9999,9999,445,739,740,175,999900,999900,999900,99990,160,0.0,3,3,999.0,999,9,'999999999,0,0.0000,0,88,999.000,0.0,1.0
2056/4/7,11:00,?9?9?9?9E0?9?9?9?9*9?9*9?9?9?9?9?9?9*9*_?9*9*9?9?9,34.7,21.4,46,101086,9999,9999,452,885,751,209,999900,999900,999900,99990,160,0.0,4,4,999.0,999,9,'999999999,0,0.0000,0,88,999.000,0.0,1.0
2056/4/7,12:00,?9?9?9?9E0?9?9?9?9*9?9*9?9?9?9?9?9?9*9*_?9*9*9?9?9,34.6,22.3,49,101086,9999,9999,453,955,722,250,999900,999900,999900,99990,90,0.0,4,4,999.0,999,9,'999999999,0,0.0000,0,88,999.000,0.0,1.0
2056/4/7,13:00,?9?9?9?9E0?9?9?9?9*9?9*9?9?9?9?9?9?9*9*_?9*9*9?9?9,34.6,21.3,46,100986,9999,9999,455,932,655,283,999900,999900,999900,99990,90,0.2,5,5,999.0,999,9,'999999999,0,0.0000,0,88,999.000,0.0,1.0
2056/4/7,14:00,?9?9?9?9E0?9?9?9?9*9?9*9?9?9?9?9?9?9*9*_?9*9*9?9?9,35.1,21.4,45,100886,9999,9999,458,866,637,269,999900,999900,999900,99990,90,0.0,5,5,999.0,999,9,'999999999,0,0.0000,0,88,999.000,0.0,1.0
2056/4/7,15:00,?9?9?9?9E0?9?9?9?9*9?9*9?9?9?9?9?9?9*9*_?9*9*9?9?9,34.6,22.3,49,100786,9999,9999,456,722,583,242,999900,999900,999900,99990,100,0.5,5,5,999.0,999,9,'999999999,0,0.0000,0,88,999.000,0.0,1.0
2056/4/7,16:00,?9?9?9?9E0?9?9?9?9*9?9*9?9?9?9?9?9?9*9*_?9*9*9?9?9,34.2,22.0,49,100786,9999,9999,442,591,635,176,999900,999900,999900,99990,140,0.5,2,2,999.0,999,9,'999999999,0,0.0000,0,88,999.000,0.0,1.0
2056/4/7,17:00,?9?9?9?9E0?9?9?9?9*9?9*9?9?9?9?9?9?9*9*_?9*9*9?9?9,33.2,23.5,57,100786,9999,9999,439,362,509,137,999900,999900,999900,99990,140,0.5,2,2,999.0,999,9,'999999999,0,0.0000,0,88,999.000,0.0,1.0
2056/4/7,18:00,?9?9?9?9E0?9?9?9?9*9?9*9?9?9?9?9?9?9*9*_?9*9*9?9?9,32.4,23.9,61,100886,9999,9999,429,135,277,79,999900,999900,999900,99990,100,0.5,1,1,999.0,999,9,'999999999,0,0.0000,0,88,999.000,0.0,1.0
2056/4/7,19:00,?9?9?9?9E0?9?9?9?9*9?9*9?9?9?9?9?9?9*9*_?9*9*9?9?9,31.7,25.8,71,100886,9999,9999,427,4,0,4,999900,999900,999900,99990,90,0.0,1,1,999.0,999,9,'999999999,0,0.0000,0,88,999.000,0.0,1.0
2056/4/7,20:00,?9?9?9?9E0?9?9?9?9*9?9*9?9?9?9?9?9?9*9*_?9*9*9?9?9,31.3,25.4,71,100886,9999,9999,430,0,0,0,999900,999900,999900,99990,90,0.0,2,2,999.0,999,9,'999999999,0,0.0000,0,88,999.000,0.0,1.0
2056/4/7,21:00,?9?9?9?9E0?9?9?9?9*9?9*9?9?9?9?9?9?9*9*_?9*9*9?9?9,31.1,25.5,72,100986,9999,9999,429,0,0,0,999900,999900,999900,99990,110,0.0,2,2,999.0,999,9,'999999999,0,0.0000,0,88,999.000,0.0,1.0
2056/4/7,22:00,?9?9?9?9E0?9?9?9?9*9?9*9?9?9?9?9?9?9*9*_?9*9*9?9?9,30.7,25.1,72,100986,9999,9999,426,0,0,0,999900,999900,999900,99990,90,0.0,2,2,999.0,999,9,'999999999,0,0.0000,0,88,999.000,0.0,1.0
2056/4/7,23:00,?9?9?9?9E0?9?9?9?9*9?9*9?9?9?9?9?9?9*9*_?9*9*9?9?9,30.4,25.5,75,100986,9999,9999,425,0,0,0,999900,999900,999900,99990,90,0.0,2,2,999.0,999,9,'999999999,0,0.0000,0,88,999.000,0.0,1.0
2056/4/7,24:00,?9?9?9?9E0?9?9?9?9*9?9*9?9?9?9?9?9?9*9*_?9*9*9?9?9,30.0,26.0,79,101086,9999,9999,418,0,0,0,999900,999900,999900,99990,90,0.0,1,1,999.0,999,9,'999999999,0,0.0000,0,88,999.000,0.0,1.0
2056/4/8,01:00,?9?9?9?9E0?9?9?9?9*9?9*9?9?9?9?9?9?9*9*_?9*9*9?9?9,29.4,25.6,80,100986,9999,9999,414,0,0,0,999900,999900,999900,99990,90,0.0,1,1,999.0,999,9,'999999999,0,0.0000,0,88,999.000,0.0,1.0
2056/4/8,02:00,?9?9?9?9E0?9?9?9?9*9?9*9?9?9?9?9?9?9*9*_?9*9*9?9?9,29.0,25.2,80,100886,9999,9999,412,0,0,0,999900,999900,999900,99990,90,0.0,1,1,999.0,999,9,'999999999,0,0.0000,0,88,999.000,0.0,1.0
2056/4/8,03:00,?9?9?9?9E0?9?9?9?9*9?9*9?9?9?9?9?9?9*9*_?9*9*9?9?9,28.7,24.9,80,100886,9999,9999,410,0,0,0,999900,999900,999900,99990,90,0.0,1,1,999.0,999,9,'999999999,0,0.0000,0,88,999.000,0.0,1.0
2056/4/8,04:00,?9?9?9?9E0?9?9?9?9*9?9*9?9?9?9?9?9?9*9*_?9*9*9?9?9,28.5,24.7,80,100886,9999,9999,414,0,0,0,999900,999900,999900,99990,90,0.0,2,2,999.0,999,9,'999999999,0,0.0000,0,88,999.000,0.0,1.0
2056/4/8,05:00,?9?9?9?9E0?9?9?9?9*9?9*9?9?9?9?9?9?9*9*_?9*9*9?9?9,28.5,24.7,80,100886,9999,9999,414,0,0,0,999900,999900,999900,99990,90,0.0,2,2,999.0,999,9,'999999999,0,0.0000,0,88,999.000,0.0,1.0
2056/4/8,06:00,?9?9?9?9E0?9?9?9?9*9?9*9?9?9?9?9?9?9*9*_?9*9*9?9?9,28.3,24.5,80,100886,9999,9999,412,0,0,0,999900,999900,999900,99990,90,0.0,2,2,999.0,999,9,'999999999,0,0.0000,0,88,999.000,0.0,1.0
2056/4/8,07:00,?9?9?9?9E0?9?9?9?9*9?9*9?9?9?9?9?9?9*9*_?9*9*9?9?9,28.6,24.8,80,100986,9999,9999,419,61,173,43,999900,999900,999900,99990,90,0.0,3,3,999.0,999,9,'999999999,0,0.0000,0,88,999.000,0.0,1.0
2056/4/8,08:00,?9?9?9?9E0?9?9?9?9*9?9*9?9?9?9?9?9?9*9*_?9*9*9?9?9,28.4,24.4,79,100986,9999,9999,417,284,463,121,999900,999900,999900,99990,90,0.0,3,3,999.0,999,9,'999999999,0,0.0000,0,88,999.000,0.0,1.0
2056/4/8,09:00,?9?9?9?9E0?9?9?9?9*9?9*9?9?9?9?9?9?9*9*_?9*9*9?9?9,32.2,27.4,76,101086,9999,9999,442,522,630,159,999900,999900,999900,99990,90,0.0,3,3,999.0,999,9,'999999999,0,0.0000,0,88,999.000,0.0,1.0
2056/4/8,10:00,?9?9?9?9E0?9?9?9?9*9?9*9?9?9?9?9?9?9*9*_?9*9*9?9?9,32.7,27.0,72,101086,9999,9999,445,705,649,209,999900,999900,999900,99990,90,0.0,3,3,999.0,999,9,'999999999,0,0.0000,0,88,999.000,0.0,1.0
2056/4/8,11:00,?9?9?9?9E0?9?9?9?9*9?9*9?9?9?9?9?9?9*9*_?9*9*9?9?9,33.8,27.1,68,100986,9999,9999,455,812,601,270,999900,999900,999900,99990,90,0.0,4,4,999.0,999,9,'999999999,0,0.0000,0,88,999.000,0.0,1.0
2056/4/8,12:00,?9?9?9?9E0?9?9?9?9*9?9*9?9?9?9?9?9?9*9*_?9*9*9?9?9,35.1,25.6,58,100986,9999,9999,460,923,654,283,999900,999900,999900,99990,110,0.4,4,4,999.0,999,9,'999999999,0,0.0000,0,88,999.000,0.0,1.0
2056/4/8,13:00,?9?9?9?9E0?9?9?9?9*9?9*9?9?9?9?9?9?9*9*_?9*9*9?9?9,35.1,25.3,57,100886,9999,9999,456,958,691,274,999900,999900,999900,99990,110,0.5,3,3,999.0,999,9,'999999999,0,0.0000,0,88,999.000,0.0,1.0
2056/4/8,14:00,?9?9?9?9E0?9?9?9?9*9?9*9?9?9?9?9?9?9*9*_?9*9*9?9?9,34.6,25.1,58,100786,9999,9999,453,892,680,254,999900,999900,999900,99990,110,0.6,3,3,999.0,999,9,'999999999,0,0.0000,0,88,999.000,0.0,1.0
2056/4/8,15:00,?9?9?9?9E0?9?9?9?9*9?9*9?9?9?9?9?9?9*9*_?9*9*9?9?9,34.3,24.9,58,100686,9999,9999,455,735,594,246,999900,999900,999900,99990,90,0.7,4,4,999.0,999,9,'999999999,0,0.0000,0,88,999.000,0.0,1.0
2056/4/8,16:00,?9?9?9?9E0?9?9?9?9*9?9*9?9?9?9?9?9?9*9*_?9*9*9?9?9,33.9,24.5,58,100686,9999,9999,455,516,439,229,999900,999900,999900,99990,90,0.5,5,5,999.0,999,9,'999999999,0,0.0000,0,88,999.000,0.0,1.0
2056/4/8,17:00,?9?9?9?9E0?9?9?9?9*9?9*9?9?9?9?9?9?9*9*_?9*9*9?9?9,33.2,24.1,59,100686,9999,9999,451,318,335,170,999900,999900,999900,99990,130,0.5,5,5,999.0,999,9,'999999999,0,0.0000,0,88,999.000,0.0,1.0
2056/4/8,18:00,?9?9?9?9E0?9?9?9?9*9?9*9?9?9?9?9?9?9*9*_?9*9*9?9?9,32.2,24.5,64,100686,9999,9999,445,113,155,82,999900,999900,999900,99990,110,0.5,5,5,999.0,999,9,'999999999,0,0.0000,0,88,999.000,0.0,1.0
2056/4/8,19:00,?9?9?9?9E0?9?9?9?9*9?9*9?9?9?9?9?9?9*9*_?9*9*9?9?9,31.7,25.8,71,100786,9999,9999,441,4,0,4,999900,999900,999900,99990,110,0.0,4,4,999.0,999,9,'999999999,0,0.0000,0,88,999.000,0.0,1.0
2056/4/8,20:00,?9?9?9?9E0?9?9?9?9*9?9*9?9?9?9?9?9?9*9*_?9*9*9?9?9,31.4,25.5,71,100786,9999,9999,431,0,0,0,999900,999900,999900,99990,110,0.0,2,2,999.0,999,9,'999999999,0,0.0000,0,88,999.000,0.0,1.0
2056/4/8,21:00,?9?9?9?9E0?9?9?9?9*9?9*9?9?9?9?9?9?9*9*_?9*9*9?9?9,30.9,25.7,74,100886,9999,9999,415,0,0,0,999900,999900,999900,99990,110,0.0,0,0,999.0,999,9,'999999999,0,0.0000,0,88,999.000,0.0,1.0
2056/4/8,22:00,?9?9?9?9E0?9?9?9?9*9?9*9?9?9?9?9?9?9*9*_?9*9*9?9?9,30.7,26.4,78,100886,9999,9999,414,0,0,0,999900,999900,999900,99990,110,0.0,0,0,999.0,999,9,'999999999,0,0.0000,0,88,999.000,0.0,1.0
2056/4/8,23:00,?9?9?9?9E0?9?9?9?9*9?9*9?9?9?9?9?9?9*9*_?9*9*9?9?9,30.3,26.1,78,100886,9999,9999,412,0,0,0,999900,999900,999900,99990,110,0.0,0,0,999.0,999,9,'999999999,0,0.0000,0,88,999.000,0.0,1.0
2056/4/8,24:00,?9?9?9?9E0?9?9?9?9*9?9*9?9?9?9?9?9?9*9*_?9*9*9?9?9,29.6,26.2,82,100786,9999,9999,408,0,0,0,999900,999900,999900,99990,110,0.0,0,0,999.0,999,9,'999999999,0,0.0000,0,88,999.000,0.0,1.0
2056/4/9,01:00,?9?9?9?9E0?9?9?9?9*9?9*9?9?9?9?9?9?9*9*_?9*9*9?9?9,29.2,25.8,82,100786,9999,9999,406,0,0,0,999900,999900,999900,99990,110,0.0,0,0,999.0,999,9,'999999999,0,0.0000,0,88,999.000,0.0,1.0
2056/4/9,02:00,?9?9?9?9E0?9?9?9?9*9?9*9?9?9?9?9?9?9*9*_?9*9*9?9?9,28.8,25.4,82,100686,9999,9999,403,0,0,0,999900,999900,999900,99990,110,0.0,0,0,999.0,999,9,'999999999,0,0.0000,0,88,999.000,0.0,1.0
2056/4/9,03:00,?9?9?9?9E0?9?9?9?9*9?9*9?9?9?9?9?9?9*9*_?9*9*9?9?9,28.5,25.1,82,100686,9999,9999,401,0,0,0,999900,999900,999900,99990,110,0.0,0,0,999.0,999,9,'999999999,0,0.0000,0,88,999.000,0.0,1.0
2056/4/9,04:00,?9?9?9?9E0?9?9?9?9*9?9*9?9?9?9?9?9?9*9*_?9*9*9?9?9,27.9,24.4,81,100686,9999,9999,397,0,0,0,999900,999900,999900,99990,110,0.0,0,0,999.0,999,9,'999999999,0,0.0000,0,88,999.000,0.0,1.0
2056/4/9,05:00,?9?9?9?9E0?9?9?9?9*9?9*9?9?9?9?9?9?9*9*_?9*9*9?9?9,27.7,24.2,81,100686,9999,9999,403,0,0,0,999900,999900,999900,99990,110,0.0,1,1,999.0,999,9,'999999999,0,0.0000,0,88,999.000,0.0,1.0
2056/4/9,06:00,?9?9?9?9E0?9?9?9?9*9?9*9?9?9?9?9?9?9*9*_?9*9*9?9?9,27.5,24.2,82,100786,9999,9999,408,0,0,0,999900,999900,999900,99990,110,0.0,2,2,999.0,999,9,'999999999,0,0.0000,0,88,999.000,0.0,1.0
2056/4/9,07:00,?9?9?9?9E0?9?9?9?9*9?9*9?9?9?9?9?9?9*9*_?9*9*9?9?9,28.6,25.2,82,100786,9999,9999,419,61,165,43,999900,999900,999900,99990,110,0.0,3,3,999.0,999,9,'999999999,0,0.0000,0,88,999.000,0.0,1.0
2056/4/9,08:00,?9?9?9?9E0?9?9?9?9*9?9*9?9?9?9?9?9?9*9*_?9*9*9?9?9,30.8,27.2,81,100886,9999,9999,434,277,430,124,999900,999900,999900,99990,110,0.0,3,3,999.0,999,9,'999999999,0,0.0000,0,88,999.000,0.0,1.0
2056/4/9,09:00,?9?9?9?9E0?9?9?9?9*9?9*9?9?9?9?9?9?9*9*_?9*9*9?9?9,32.2,25.8,69,100986,9999,9999,444,518,619,160,999900,999900,999900,99990,200,0.0,4,4,999.0,999,9,'999999999,0,0.0000,0,88,999.000,0.0,1.0
2056/4/9,10:00,?9?9?9?9E0?9?9?9?9*9?9*9?9?9?9?9?9?9*9*_?9*9*9?9?9,33.9,25.3,61,100986,9999,9999,453,707,660,201,999900,999900,999900,99990,200,0.0,4,4,999.0,999,9,'999999999,0,0.0000,0,88,999.000,0.0,1.0
2056/4/9,11:00,?9?9?9?9E0?9?9?9?9*9?9*9?9?9?9?9?9?9*9*_?9*9*9?9?9,34.4,25.5,60,100786,9999,9999,456,851,679,238,999900,999900,999900,99990,200,0.4,4,4,999.0,999,9,'999999999,0,0.0000,0,88,999.000,0.0,1.0
2056/4/9,12:00,?9?9?9?9E0?9?9?9?9*9?9*9?9?9?9?9?9?9*9*_?9*9*9?9?9,34.6,24.6,56,100886,9999,9999,456,936,688,262,999900,999900,999900,99990,140,0.8,4,4,999.0,999,9,'999999999,0,0.0000,0,88,999.000,0.0,1.0
2056/4/9,13:00,?9?9?9?9E0?9?9?9?9*9?9*9?9?9?9?9?9?9*9*_?9*9*9?9?9,34.9,23.9,53,100786,9999,9999,453,979,736,249,999900,999900,999900,99990,140,0.0,3,3,999.0,999,9,'999999999,0,0.0000,0,88,999.000,0.0,1.0
2056/4/9,14:00,?9?9?9?9E0?9?9?9?9*9?9*9?9?9?9?9?9?9*9*_?9*9*9?9?9,34.6,23.0,51,100686,9999,9999,450,919,741,224,999900,999900,999900,99990,140,0.8,3,3,999.0,999,9,'999999999,0,0.0000,0,88,999.000,0.0,1.0
2056/4/9,15:00,?9?9?9?9E0?9?9?9?9*9?9*9?9?9?9?9?9?9*9*_?9*9*9?9?9,34.4,23.1,52,100586,9999,9999,449,774,691,205,999900,999900,999900,99990,120,0.8,3,3,999.0,999,9,'999999999,0,0.0000,0,88,999.000,0.0,1.0
2056/4/9,16:00,?9?9?9?9E0?9?9?9?9*9?9*9?9?9?9?9?9?9*9*_?9*9*9?9?9,33.9,23.9,56,100586,9999,9999,443,579,610,180,999900,999900,999900,99990,110,0.8,2,2,999.0,999,9,'999999999,0,0.0000,0,88,999.000,0.0,1.0
2056/4/9,17:00,?9?9?9?9E0?9?9?9?9*9?9*9?9?9?9?9?9?9*9*_?9*9*9?9?9,33.0,24.5,61,100586,9999,9999,443,348,455,147,999900,999900,999900,99990,110,0.8,3,3,999.0,999,9,'999999999,0,0.0000,0,88,999.000,0.0,1.0
2056/4/9,18:00,?9?9?9?9E0?9?9?9?9*9?9*9?9?9?9?9?9?9*9*_?9*9*9?9?9,31.9,24.8,66,100586,9999,9999,437,127,230,81,999900,999900,999900,99990,120,0.8,3,3,999.0,999,9,'999999999,0,0.0000,0,88,999.000,0.0,1.0
2056/4/9,19:00,?9?9?9?9E0?9?9?9?9*9?9*9?9?9?9?9?9?9*9*_?9*9*9?9?9,31.3,24.9,69,100586,9999,9999,437,4,0,4,999900,999900,999900,99990,140,0.6,4,4,999.0,999,9,'999999999,0,0.0000,0,88,999.000,0.0,1.0
2056/4/9,20:00,?9?9?9?9E0?9?9?9?9*9?9*9?9?9?9?9?9?9*9*_?9*9*9?9?9,31.0,24.7,69,100586,9999,9999,439,0,0,0,999900,999900,999900,99990,110,0.5,5,5,999.0,999,9,'999999999,0,0.0000,0,88,999.000,0.0,1.0
2056/4/9,21:00,?9?9?9?9E0?9?9?9?9*9?9*9?9?9?9?9?9?9*9*_?9*9*9?9?9,30.7,25.3,73,100686,9999,9999,421,0,0,0,999900,999900,999900,99990,90,0.5,1,1,999.0,999,9,'999999999,0,0.0000,0,88,999.000,0.0,1.0
2056/4/9,22:00,?9?9?9?9E0?9?9?9?9*9?9*9?9?9?9?9?9?9*9*_?9*9*9?9?9,30.7,26.4,78,100786,9999,9999,414,0,0,0,999900,999900,999900,99990,90,0.5,0,0,999.0,999,9,'999999999,0,0.0000,0,88,999.000,0.0,1.0
2056/4/9,23:00,?9?9?9?9E0?9?9?9?9*9?9*9?9?9?9?9?9?9*9*_?9*9*9?9?9,30.5,27.1,82,100786,9999,9999,422,0,0,0,999900,999900,999900,99990,90,0.4,1,1,999.0,999,9,'999999999,0,0.0000,0,88,999.000,0.0,1.0
2056/4/9,24:00,?9?9?9?9E0?9?9?9?9*9?9*9?9?9?9?9?9?9*9*_?9*9*9?9?9,30.2,27.8,87,100686,9999,9999,427,0,0,0,999900,999900,999900,99990,140,0.2,2,2,999.0,999,9,'999999999,0,0.0000,0,88,999.000,0.0,1.0
2056/4/10,01:00,?9?9?9?9E0?9?9?9?9*9?9*9?9?9?9?9?9?9*9*_?9*9*9?9?9,29.8,27.2,86,100686,9999,9999,428,0,0,0,999900,999900,999900,99990,160,0.0,3,3,999.0,999,9,'999999999,0,0.0000,0,88,999.000,0.0,1.0
2056/4/10,02:00,?9?9?9?9E0?9?9?9?9*9?9*9?9?9?9?9?9?9*9*_?9*9*9?9?9,29.0,26.6,87,100586,9999,9999,423,0,0,0,999900,999900,999900,99990,180,0.0,3,3,999.0,999,9,'999999999,0,0.0000,0,88,999.000,0.0,1.0
2056/4/10,03:00,?9?9?9?9E0?9?9?9?9*9?9*9?9?9?9?9?9?9*9*_?9*9*9?9?9,28.6,26.2,87,100586,9999,9999,420,0,0,0,999900,999900,999900,99990,180,0.0,3,3,999.0,999,9,'999999999,0,0.0000,0,88,999.000,0.0,1.0
2056/4/10,04:00,?9?9?9?9E0?9?9?9?9*9?9*9?9?9?9?9?9?9*9*_?9*9*9?9?9,28.1,25.6,86,100586,9999,9999,417,0,0,0,999900,999900,999900,99990,180,0.0,3,3,999.0,999,9,'999999999,0,0.0000,0,88,999.000,0.0,1.0
2056/4/10,05:00,?9?9?9?9E0?9?9?9?9*9?9*9?9?9?9?9?9?9*9*_?9*9*9?9?9,28.0,25.3,85,100586,9999,9999,416,0,0,0,999900,999900,999900,99990,180,0.0,3,3,999.0,999,9,'999999999,0,0.0000,0,88,999.000,0.0,1.0
2056/4/10,06:00,?9?9?9?9E0?9?9?9?9*9?9*9?9?9?9?9?9?9*9*_?9*9*9?9?9,27.6,24.7,84,100686,9999,9999,413,0,0,0,999900,999900,999900,99990,180,0.0,3,3,999.0,999,9,'999999999,0,0.0000,0,88,999.000,0.0,1.0
2056/4/10,07:00,?9?9?9?9E0?9?9?9?9*9?9*9?9?9?9?9?9?9*9*_?9*9*9?9?9,28.3,24.5,80,100786,9999,9999,420,61,118,48,999900,999900,999900,99990,180,0.0,4,4,999.0,999,9,'999999999,0,0.0000,0,88,999.000,0.0,1.0
2056/4/10,08:00,?9?9?9?9E0?9?9?9?9*9?9*9?9?9?9?9?9?9*9*_?9*9*9?9?9,31.4,25.5,71,100886,9999,9999,446,246,235,162,999900,999900,999900,99990,180,0.0,6,6,999.0,999,9,'999999999,0,0.0000,0,88,999.000,0.0,1.0
2056/4/10,09:00,?9?9?9?9E0?9?9?9?9*9?9*9?9?9?9?9?9?9*9*_?9*9*9?9?9,32.9,27.2,72,100986,9999,9999,470,375,208,254,999900,999900,999900,99990,200,0.4,8,8,999.0,999,9,'999999999,0,0.0000,0,88,999.000,0.0,1.0
2056/4/10,10:00,?9?9?9?9E0?9?9?9?9*9?9*9?9?9?9?9?9?9*9*_?9*9*9?9?9,34.4,25.0,58,100986,9999,9999,455,715,571,277,999900,999900,999900,99990,180,0.6,4,4,999.0,999,9,'999999999,0,0.0000,0,88,999.000,0.0,1.0
2056/4/10,11:00,?9?9?9?9E0?9?9?9?9*9?9*9?9?9?9?9?9?9*9*_?9*9*9?9?9,35.8,23.4,49,100986,9999,9999,482,671,294,405,999900,999900,999900,99990,170,0.6,8,8,999.0,999,9,'999999999,0,0.0000,0,88,999.000,0.0,1.0
2056/4/10,12:00,?9?9?9?9E0?9?9?9?9*9?9*9?9?9?9?9?9?9*9*_?9*9*9?9?9,36.1,22.3,45,100886,9999,9999,482,738,273,470,999900,999900,999900,99990,160,0.7,8,8,999.0,999,9,'999999999,0,0.0000,0,88,999.000,0.0,1.0
2056/4/10,13:00,?9?9?9?9E0?9?9?9?9*9?9*9?9?9?9?9?9?9*9*_?9*9*9?9?9,36.1,23.7,49,100786,9999,9999,485,730,249,483,999900,999900,999900,99990,160,1.0,8,8,999.0,999,9,'999999999,0,0.0000,0,88,999.000,0.0,1.0
2056/4/10,14:00,?9?9?9?9E0?9?9?9?9*9?9*9?9?9?9?9?9?9*9*_?9*9*9?9?9,35.7,23.0,48,100786,9999,9999,481,682,244,453,999900,999900,999900,99990,150,1.0,8,8,999.0,999,9,'999999999,0,0.0000,0,88,999.000,0.0,1.0
2056/4/10,15:00,?9?9?9?9E0?9?9?9?9*9?9*9?9?9?9?9?9?9*9*_?9*9*9?9?9,35.4,23.1,49,100686,9999,9999,490,497,137,384,999900,999900,999900,99990,140,1.3,9,9,999.0,999,9,'999999999,0,0.0000,0,88,999.000,0.0,1.0
2056/4/10,16:00,?9?9?9?9E0?9?9?9?9*9?9*9?9?9?9?9?9?9*9*_?9*9*9?9?9,34.6,24.9,57,100686,9999,9999,487,336,82,282,999900,999900,999900,99990,140,1.0,9,9,999.0,999,9,'999999999,0,0.0000,0,88,999.000,0.0,1.0
2056/4/10,17:00,?9?9?9?9E0?9?9?9?9*9?9*9?9?9?9?9?9?9*9*_?9*9*9?9?9,33.8,25.8,63,100686,9999,9999,483,190,51,168,999900,999900,999900,99990,140,0.8,9,9,999.0,999,9,'999999999,0,0.0000,0,88,999.000,0.0,1.0
2056/4/10,18:00,?9?9?9?9E0?9?9?9?9*9?9*9?9?9?9?9?9?9*9*_?9*9*9?9?9,33.0,27.3,72,100686,9999,9999,463,85,48,75,999900,999900,999900,99990,90,0.8,7,7,999.0,999,9,'999999999,0,0.0000,0,88,999.000,0.0,1.0
2056/4/10,19:00,?9?9?9?9E0?9?9?9?9*9?9*9?9?9?9?9?9?9*9*_?9*9*9?9?9,32.2,27.7,77,100686,9999,9999,449,4,0,4,999900,999900,999900,99990,90,0.7,5,5,999.0,999,9,'999999999,0,0.0000,0,88,999.000,0.0,1.0
2056/4/10,20:00,?9?9?9?9E0?9?9?9?9*9?9*9?9?9?9?9?9?9*9*_?9*9*9?9?9,32.0,27.9,79,100786,9999,9999,445,0,0,0,999900,999900,999900,99990,90,0.5,4,4,999.0,999,9,'999999999,0,0.0000,0,88,999.000,0.0,1.0
2056/4/10,21:00,?9?9?9?9E0?9?9?9?9*9?9*9?9?9?9?9?9?9*9*_?9*9*9?9?9,31.8,27.9,80,100786,9999,9999,441,0,0,0,999900,999900,999900,99990,120,0.2,3,3,999.0,999,9,'999999999,0,0.0000,0,88,999.000,0.0,1.0
2056/4/10,22:00,?9?9?9?9E0?9?9?9?9*9?9*9?9?9?9?9?9?9*9*_?9*9*9?9?9,31.8,27.9,80,100886,9999,9999,441,0,0,0,999900,999900,999900,99990,140,0.8,3,3,999.0,999,9,'999999999,0,0.0000,0,88,999.000,0.0,1.0
2056/4/10,23:00,?9?9?9?9E0?9?9?9?9*9?9*9?9?9?9?9?9?9*9*_?9*9*9?9?9,31.8,28.1,81,100886,9999,9999,441,0,0,0,999900,999900,999900,99990,140,0.3,3,3,999.0,999,9,'999999999,0,0.0000,0,88,999.000,0.0,1.0
2056/4/10,24:00,?9?9?9?9E0?9?9?9?9*9?9*9?9?9?9?9?9?9*9*_?9*9*9?9?9,31.4,27.8,81,100886,9999,9999,438,0,0,0,999900,999900,999900,99990,140,0.4,3,3,999.0,999,9,'999999999,0,0.0000,0,88,999.000,0.0,1.0
2056/4/11,01:00,?9?9?9?9E0?9?9?9?9*9?9*9?9?9?9?9?9?9*9*_?9*9*9?9?9,31.3,27.7,81,100786,9999,9999,437,0,0,0,999900,999900,999900,99990,140,0.0,3,3,999.0,999,9,'999999999,0,0.0000,0,88,999.000,0.0,1.0
2056/4/11,02:00,?9?9?9?9E0?9?9?9?9*9?9*9?9?9?9?9?9?9*9*_?9*9*9?9?9,31.0,27.4,81,100786,9999,9999,435,0,0,0,999900,999900,999900,99990,140,0.0,3,3,999.0,999,9,'999999999,0,0.0000,0,88,999.000,0.0,1.0
2056/4/11,03:00,?9?9?9?9E0?9?9?9?9*9?9*9?9?9?9?9?9?9*9*_?9*9*9?9?9,30.2,26.6,81,100786,9999,9999,430,0,0,0,999900,999900,999900,99990,230,0.0,3,3,999.0,999,9,'999999999,0,0.0000,0,88,999.000,0.0,1.0
2056/4/11,04:00,?9?9?9?9E0?9?9?9?9*9?9*9?9?9?9?9?9?9*9*_?9*9*9?9?9,29.9,26.3,81,100786,9999,9999,428,0,0,0,999900,999900,999900,99990,230,0.0,3,3,999.0,999,9,'999999999,0,0.0000,0,88,999.000,0.0,1.0
2056/4/11,05:00,?9?9?9?9E0?9?9?9?9*9?9*9?9?9?9?9?9?9*9*_?9*9*9?9?9,29.5,25.9,81,100786,9999,9999,425,0,0,0,999900,999900,999900,99990,230,0.0,3,3,999.0,999,9,'999999999,0,0.0000,0,88,999.000,0.0,1.0
2056/4/11,06:00,?9?9?9?9E0?9?9?9?9*9?9*9?9?9?9?9?9?9*9*_?9*9*9?9?9,29.4,25.8,81,100886,9999,9999,424,0,0,0,999900,999900,999900,99990,230,0.0,3,3,999.0,999,9,'999999999,0,0.0000,0,88,999.000,0.0,1.0
2056/4/11,07:00,?9?9?9?9E0?9?9?9?9*9?9*9?9?9?9?9?9?9*9*_?9*9*9?9?9,29.5,25.9,81,100986,9999,9999,425,66,168,47,999900,999900,999900,99990,230,0.0,3,3,999.0,999,9,'999999999,0,0.0000,0,88,999.000,0.0,1.0
2056/4/11,08:00,?9?9?9?9E0?9?9?9?9*9?9*9?9?9?9?9?9?9*9*_?9*9*9?9?9,32.2,28.5,81,101086,9999,9999,451,256,307,146,999900,999900,999900,99990,230,0.0,5,5,999.0,999,9,'999999999,0,0.0000,0,88,999.000,0.0,1.0
2056/4/11,09:00,?9?9?9?9E0?9?9?9?9*9?9*9?9?9?9?9?9?9*9*_?9*9*9?9?9,33.2,27.7,73,101186,9999,9999,465,423,337,227,999900,999900,999900,99990,230,0.0,7,7,999.0,999,9,'999999999,0,0.0000,0,88,999.000,0.0,1.0
2056/4/11,10:00,?9?9?9?9E0?9?9?9?9*9?9*9?9?9?9?9?9?9*9*_?9*9*9?9?9,35.1,26.5,61,101186,9999,9999,465,677,556,250,999900,999900,999900,99990,230,0.0,5,5,999.0,999,9,'999999999,0,0.0000,0,88,999.000,0.0,1.0
2056/4/11,11:00,?9?9?9?9E0?9?9?9?9*9?9*9?9?9?9?9?9?9*9*_?9*9*9?9?9,34.5,26.2,62,101186,9999,9999,461,814,580,289,999900,999900,999900,99990,230,0.0,5,5,999.0,999,9,'999999999,0,0.0000,0,88,999.000,0.6,1.0
2056/4/11,12:00,?9?9?9?9E0?9?9?9?9*9?9*9?9?9?9?9?9?9*9*_?9*9*9?9?9,35.1,28.8,70,101086,9999,9999,468,851,515,346,999900,999900,999900,99990,140,0.6,5,5,999.0,999,9,'999999999,0,0.0000,0,88,999.000,0.0,1.0
2056/4/11,13:00,?9?9?9?9E0?9?9?9?9*9?9*9?9?9?9?9?9?9*9*_?9*9*9?9?9,35.6,28.5,67,100986,9999,9999,467,909,587,326,999900,999900,999900,99990,140,0.9,4,4,999.0,999,9,'999999999,0,0.0000,0,88,999.000,0.0,1.0
2056/4/11,14:00,?9?9?9?9E0?9?9?9?9*9?9*9?9?9?9?9?9?9*9*_?9*9*9?9?9,35.6,28.5,67,100886,9999,9999,464,863,618,283,999900,999900,999900,99990,140,1.1,3,3,999.0,999,9,'999999999,0,0.0000,0,88,999.000,0.0,1.0
2056/4/11,15:00,?9?9?9?9E0?9?9?9?9*9?9*9?9?9?9?9?9?9*9*_?9*9*9?9?9,35.3,28.2,67,100786,9999,9999,451,749,618,240,999900,999900,999900,99990,140,0.7,1,1,999.0,999,9,'999999999,0,0.0000,0,88,999.000,0.0,1.0
2056/4/11,16:00,?9?9?9?9E0?9?9?9?9*9?9*9?9?9?9?9?9?9*9*_?9*9*9?9?9,34.6,27.8,68,100786,9999,9999,446,557,538,206,999900,999900,999900,99990,140,1.3,1,1,999.0,999,9,'999999999,0,0.0000,0,88,999.000,0.0,1.0
2056/4/11,17:00,?9?9?9?9E0?9?9?9?9*9?9*9?9?9?9?9?9?9*9*_?9*9*9?9?9,33.6,27.4,70,100686,9999,9999,446,343,419,158,999900,999900,999900,99990,140,1.0,2,2,999.0,999,9,'999999999,0,0.0000,0,88,999.000,0.0,1.0
2056/4/11,18:00,?9?9?9?9E0?9?9?9?9*9?9*9?9?9?9?9?9?9*9*_?9*9*9?9?9,32.7,27.9,76,100686,9999,9999,446,121,187,83,999900,999900,999900,99990,140,1.3,3,3,999.0,999,9,'999999999,0,0.0000,0,88,999.000,0.0,1.0
2056/4/11,19:00,?9?9?9?9E0?9?9?9?9*9?9*9?9?9?9?9?9?9*9*_?9*9*9?9?9,32.2,27.7,77,100786,9999,9999,446,4,0,4,999900,999900,999900,99990,140,0.8,4,4,999.0,999,9,'999999999,0,0.0000,0,88,999.000,0.0,1.0
2056/4/11,20:00,?9?9?9?9E0?9?9?9?9*9?9*9?9?9?9?9?9?9*9*_?9*9*9?9?9,32.1,27.6,77,100786,9999,9999,445,0,0,0,999900,999900,999900,99990,140,0.8,4,4,999.0,999,9,'999999999,0,0.0000,0,88,999.000,0.0,1.0
2056/4/11,21:00,?9?9?9?9E0?9?9?9?9*9?9*9?9?9?9?9?9?9*9*_?9*9*9?9?9,31.7,27.6,79,100886,9999,9999,443,0,0,0,999900,999900,999900,99990,140,0.5,4,4,999.0,999,9,'999999999,0,0.0000,0,88,999.000,0.0,1.0
2056/4/11,22:00,?9?9?9?9E0?9?9?9?9*9?9*9?9?9?9?9?9?9*9*_?9*9*9?9?9,31.6,27.5,79,100886,9999,9999,442,0,0,0,999900,999900,999900,99990,140,0.0,4,4,999.0,999,9,'999999999,0,0.0000,0,88,999.000,0.0,1.0
2056/4/11,23:00,?9?9?9?9E0?9?9?9?9*9?9*9?9?9?9?9?9?9*9*_?9*9*9?9?9,31.5,27.4,79,100886,9999,9999,442,0,0,0,999900,999900,999900,99990,140,0.0,4,4,999.0,999,9,'999999999,0,0.0000,0,88,999.000,0.0,1.0
2056/4/11,24:00,?9?9?9?9E0?9?9?9?9*9?9*9?9?9?9?9?9?9*9*_?9*9*9?9?9,31.2,27.1,79,100886,9999,9999,440,0,0,0,999900,999900,999900,99990,170,0.0,4,4,999.0,999,9,'999999999,0,0.0000,0,88,999.000,0.0,1.0
2056/4/12,01:00,?9?9?9?9E0?9?9?9?9*9?9*9?9?9?9?9?9?9*9*_?9*9*9?9?9,31.2,27.1,79,100786,9999,9999,443,0,0,0,999900,999900,999900,99990,140,0.0,5,5,999.0,999,9,'999999999,0,0.0000,0,88,999.000,0.0,1.0
2056/4/12,02:00,?9?9?9?9E0?9?9?9?9*9?9*9?9?9?9?9?9?9*9*_?9*9*9?9?9,31.1,27.0,79,100786,9999,9999,442,0,0,0,999900,999900,999900,99990,140,0.0,5,5,999.0,999,9,'999999999,0,0.0000,0,88,999.000,0.0,1.0
2056/4/12,03:00,?9?9?9?9E0?9?9?9?9*9?9*9?9?9?9?9?9?9*9*_?9*9*9?9?9,30.7,26.7,79,100786,9999,9999,439,0,0,0,999900,999900,999900,99990,140,0.0,5,5,999.0,999,9,'999999999,0,0.0000,0,88,999.000,0.0,1.0
2056/4/12,04:00,?9?9?9?9E0?9?9?9?9*9?9*9?9?9?9?9?9?9*9*_?9*9*9?9?9,30.5,26.5,79,100786,9999,9999,435,0,0,0,999900,999900,999900,99990,190,0.0,4,4,999.0,999,9,'999999999,0,0.0000,0,88,999.000,0.0,1.0
2056/4/12,05:00,?9?9?9?9E0?9?9?9?9*9?9*9?9?9?9?9?9?9*9*_?9*9*9?9?9,30.4,26.4,79,100786,9999,9999,434,0,0,0,999900,999900,999900,99990,190,0.0,4,4,999.0,999,9,'999999999,0,0.0000,0,88,999.000,0.0,1.0
2056/4/12,06:00,?9?9?9?9E0?9?9?9?9*9?9*9?9?9?9?9?9?9*9*_?9*9*9?9?9,30.2,26.2,79,100886,9999,9999,433,0,0,0,999900,999900,999900,99990,190,0.0,4,4,999.0,999,9,'999999999,0,0.0000,0,88,999.000,0.0,1.0
2056/4/12,07:00,?9?9?9?9E0?9?9?9?9*9?9*9?9?9?9?9?9?9*9*_?9*9*9?9?9,30.2,26.2,79,100986,9999,9999,433,65,161,46,999900,999900,999900,99990,190,0.0,4,4,999.0,999,9,'999999999,0,0.0000,0,88,999.000,0.0,1.0
2056/4/12,08:00,?9?9?9?9E0?9?9?9?9*9?9*9?9?9?9?9?9?9*9*_?9*9*9?9?9,32.2,27.9,78,101086,9999,9999,446,279,406,132,999900,999900,999900,99990,220,0.0,4,4,999.0,999,9,'999999999,0,0.0000,0,88,999.000,0.0,1.0
2056/4/12,09:00,?9?9?9?9E0?9?9?9?9*9?9*9?9?9?9?9?9?9*9*_?9*9*9?9?9,33.8,27.8,71,101086,9999,9999,459,499,539,184,999900,999900,999900,99990,220,0.0,5,5,999.0,999,9,'999999999,0,0.0000,0,88,999.000,0.0,1.0
2056/4/12,10:00,?9?9?9?9E0?9?9?9?9*9?9*9?9?9?9?9?9?9*9*_?9*9*9?9?9,35.1,27.5,65,101086,9999,9999,467,672,563,238,999900,999900,999900,99990,230,0.5,5,5,999.0,999,9,'999999999,0,0.0000,0,88,999.000,0.0,1.0
2056/4/12,11:00,?9?9?9?9E0?9?9?9?9*9?9*9?9?9?9?9?9?9*9*_?9*9*9?9?9,36.5,26.0,55,100986,9999,9999,473,828,618,268,999900,999900,999900,99990,200,0.4,5,5,999.0,999,9,'999999999,0,0.0000,0,88,999.000,0.0,1.0
2056/4/12,12:00,?9?9?9?9E0?9?9?9?9*9?9*9?9?9?9?9?9?9*9*_?9*9*9?9?9,36.5,26.6,57,100986,9999,9999,470,933,667,279,999900,999900,999900,99990,140,0.7,4,4,999.0,999,9,'999999999,0,0.0000,0,88,999.000,0.0,1.0
2056/4/12,13:00,?9?9?9?9E0?9?9?9?9*9?9*9?9?9?9?9?9?9*9*_?9*9*9?9?9,36.3,26.4,57,100786,9999,9999,465,969,707,267,999900,999900,999900,99990,110,0.8,3,3,999.0,999,9,'999999999,0,0.0000,0,88,999.000,0.0,1.0
2056/4/12,14:00,?9?9?9?9E0?9?9?9?9*9?9*9?9?9?9?9?9?9*9*_?9*9*9?9?9,36.1,26.2,57,100786,9999,9999,464,904,704,243,999900,999900,999900,99990,110,0.9,3,3,999.0,999,9,'999999999,0,0.0000,0,88,999.000,0.0,1.0
2056/4/12,15:00,?9?9?9?9E0?9?9?9?9*9?9*9?9?9?9?9?9?9*9*_?9*9*9?9?9,35.3,25.8,58,100686,9999,9999,458,764,656,224,999900,999900,999900,99990,110,1.0,3,3,999.0,999,9,'999999999,0,0.0000,0,88,999.000,0.0,1.0
2056/4/12,16:00,?9?9?9?9E0?9?9?9?9*9?9*9?9?9?9?9?9?9*9*_?9*9*9?9?9,34.7,26.4,62,100686,9999,9999,459,537,485,220,999900,999900,999900,99990,110,1.0,4,4,999.0,999,9,'999999999,0,0.0000,0,88,999.000,0.0,1.0
2056/4/12,17:00,?9?9?9?9E0?9?9?9?9*9?9*9?9?9?9?9?9?9*9*_?9*9*9?9?9,33.2,27.2,71,100586,9999,9999,459,282,226,182,999900,999900,999900,99990,110,1.0,6,6,999.0,999,9,'999999999,0,0.0000,0,88,999.000,0.0,1.0
2056/4/12,18:00,?9?9?9?9E0?9?9?9?9*9?9*9?9?9?9?9?9?9*9*_?9*9*9?9?9,33.2,28.6,77,100586,9999,9999,466,81,57,70,999900,999900,999900,99990,110,0.8,7,7,999.0,999,9,'999999999,0,0.0000,0,88,999.000,0.0,1.0
2056/4/12,19:00,?9?9?9?9E0?9?9?9?9*9?9*9?9?9?9?9?9?9*9*_?9*9*9?9?9,32.7,28.4,78,100686,9999,9999,463,4,0,4,999900,999900,999900,99990,110,0.6,7,7,999.0,999,9,'999999999,0,0.0000,0,88,999.000,0.0,1.0
2056/4/12,20:00,?9?9?9?9E0?9?9?9?9*9?9*9?9?9?9?9?9?9*9*_?9*9*9?9?9,32.1,27.8,78,100786,9999,9999,449,0,0,0,999900,999900,999900,99990,110,0.0,5,5,999.0,999,9,'999999999,0,0.0000,0,88,999.000,0.0,1.0
2056/4/12,21:00,?9?9?9?9E0?9?9?9?9*9?9*9?9?9?9?9?9?9*9*_?9*9*9?9?9,31.9,27.6,78,100886,9999,9999,441,0,0,0,999900,999900,999900,99990,140,0.0,3,3,999.0,999,9,'999999999,0,0.0000,0,88,999.000,0.0,1.0
2056/4/12,22:00,?9?9?9?9E0?9?9?9?9*9?9*9?9?9?9?9?9?9*9*_?9*9*9?9?9,31.4,27.3,79,100886,9999,9999,438,0,0,0,999900,999900,999900,99990,140,0.0,3,3,999.0,999,9,'999999999,0,0.0000,0,88,999.000,0.0,1.0
2056/4/12,23:00,?9?9?9?9E0?9?9?9?9*9?9*9?9?9?9?9?9?9*9*_?9*9*9?9?9,31.3,27.2,79,100886,9999,9999,437,0,0,0,999900,999900,999900,99990,140,0.0,3,3,999.0,999,9,'999999999,0,0.0000,0,88,999.000,0.0,1.0
2056/4/12,24:00,?9?9?9?9E0?9?9?9?9*9?9*9?9?9?9?9?9?9*9*_?9*9*9?9?9,31.2,27.4,80,100786,9999,9999,436,0,0,0,999900,999900,999900,99990,140,0.0,3,3,999.0,999,9,'999999999,0,0.0000,0,88,999.000,0.0,1.0
2056/4/13,01:00,?9?9?9?9E0?9?9?9?9*9?9*9?9?9?9?9?9?9*9*_?9*9*9?9?9,30.5,26.7,80,100686,9999,9999,432,0,0,0,999900,999900,999900,99990,140,0.0,3,3,999.0,999,9,'999999999,0,0.0000,0,88,999.000,0.0,1.0
2056/4/13,02:00,?9?9?9?9E0?9?9?9?9*9?9*9?9?9?9?9?9?9*9*_?9*9*9?9?9,30.3,26.5,80,100586,9999,9999,434,0,0,0,999900,999900,999900,99990,140,0.0,4,4,999.0,999,9,'999999999,0,0.0000,0,88,999.000,0.0,1.0
2056/4/13,03:00,?9?9?9?9E0?9?9?9?9*9?9*9?9?9?9?9?9?9*9*_?9*9*9?9?9,30.2,26.4,80,100586,9999,9999,436,0,0,0,999900,999900,999900,99990,140,0.0,5,5,999.0,999,9,'999999999,0,0.0000,0,88,999.000,0.0,1.0
2056/4/13,04:00,?9?9?9?9E0?9?9?9?9*9?9*9?9?9?9?9?9?9*9*_?9*9*9?9?9,29.8,26.0,80,100586,9999,9999,433,0,0,0,999900,999900,999900,99990,140,0.0,5,5,999.0,999,9,'999999999,0,0.0000,0,88,999.000,0.0,1.0
2056/4/13,05:00,?9?9?9?9E0?9?9?9?9*9?9*9?9?9?9?9?9?9*9*_?9*9*9?9?9,29.6,25.8,80,100586,9999,9999,432,0,0,0,999900,999900,999900,99990,140,0.0,5,5,999.0,999,9,'999999999,0,0.0000,0,88,999.000,0.0,1.0
2056/4/13,06:00,?9?9?9?9E0?9?9?9?9*9?9*9?9?9?9?9?9?9*9*_?9*9*9?9?9,29.2,26.8,87,100586,9999,9999,428,0,0,0,999900,999900,999900,99990,140,0.0,4,4,999.0,999,9,'999999999,0,0.0000,0,88,999.000,0.0,1.0
2056/4/13,07:00,?9?9?9?9E0?9?9?9?9*9?9*9?9?9?9?9?9?9*9*_?9*9*9?9?9,29.8,27.2,86,100686,9999,9999,432,63,127,48,999900,999900,999900,99990,140,0.0,4,4,999.0,999,9,'999999999,0,0.0000,0,88,999.000,0.0,1.0
2056/4/13,08:00,?9?9?9?9E0?9?9?9?9*9?9*9?9?9?9?9?9?9*9*_?9*9*9?9?9,31.4,28.2,83,100786,9999,9999,449,240,242,152,999900,999900,999900,99990,140,0.0,6,6,999.0,999,9,'999999999,0,0.0000,0,88,999.000,0.0,1.0
2056/4/13,09:00,?9?9?9?9E0?9?9?9?9*9?9*9?9?9?9?9?9?9*9*_?9*9*9?9?9,33.0,26.8,70,100886,9999,9999,462,432,347,228,999900,999900,999900,99990,230,0.0,7,7,999.0,999,9,'999999999,0,0.0000,0,88,999.000,0.0,1.0
2056/4/13,10:00,?9?9?9?9E0?9?9?9?9*9?9*9?9?9?9?9?9?9*9*_?9*9*9?9?9,34.1,26.3,64,100886,9999,9999,459,679,558,249,999900,999900,999900,99990,240,0.6,5,5,999.0,999,9,'999999999,0,0.0000,0,88,999.000,0.0,1.0
2056/4/13,11:00,?9?9?9?9E0?9?9?9?9*9?9*9?9?9?9?9?9?9*9*_?9*9*9?9?9,35.8,25.7,56,100886,9999,9999,468,826,606,276,999900,999900,999900,99990,240,0.5,5,5,999.0,999,9,'999999999,0,0.0000,0,88,999.000,0.0,1.0
2056/4/13,12:00,?9?9?9?9E0?9?9?9?9*9?9*9?9?9?9?9?9?9*9*_?9*9*9?9?9,36.9,24.1,48,100786,9999,9999,473,917,627,301,999900,999900,999900,99990,250,0.9,5,5,999.0,999,9,'999999999,0,0.0000,0,88,999.000,0.0,1.0
2056/4/13,13:00,?9?9?9?9E0?9?9?9?9*9?9*9?9?9?9?9?9?9*9*_?9*9*9?9?9,36.8,24.3,49,100686,9999,9999,472,917,606,315,999900,999900,999900,99990,250,0.8,5,5,999.0,999,9,'999999999,0,0.0000,0,88,999.000,0.0,1.0
2056/4/13,14:00,?9?9?9?9E0?9?9?9?9*9?9*9?9?9?9?9?9?9*9*_?9*9*9?9?9,36.1,24.0,50,100586,9999,9999,468,858,607,288,999900,999900,999900,99990,250,1.4,5,5,999.0,999,9,'999999999,0,0.0000,0,88,999.000,0.0,1.0
2056/4/13,15:00,?9?9?9?9E0?9?9?9?9*9?9*9?9?9?9?9?9?9*9*_?9*9*9?9?9,35.8,23.8,50,100486,9999,9999,466,727,570,258,999900,999900,999900,99990,110,1.1,5,5,999.0,999,9,'999999999,0,0.0000,0,88,999.000,0.0,1.0
2056/4/13,16:00,?9?9?9?9E0?9?9?9?9*9?9*9?9?9?9?9?9?9*9*_?9*9*9?9?9,35.1,24.7,55,100486,9999,9999,463,526,457,227,999900,999900,999900,99990,110,0.8,5,5,999.0,999,9,'999999999,0,0.0000,0,88,999.000,0.0,1.0
2056/4/13,17:00,?9?9?9?9E0?9?9?9?9*9?9*9?9?9?9?9?9?9*9*_?9*9*9?9?9,33.8,24.4,58,100486,9999,9999,455,324,351,169,999900,999900,999900,99990,110,0.9,5,5,999.0,999,9,'999999999,0,0.0000,0,88,999.000,0.0,1.0
2056/4/13,18:00,?9?9?9?9E0?9?9?9?9*9?9*9?9?9?9?9?9?9*9*_?9*9*9?9?9,32.5,26.8,72,100486,9999,9999,447,118,170,84,999900,999900,999900,99990,140,0.8,4,4,999.0,999,9,'999999999,0,0.0000,0,88,999.000,0.0,1.0
2056/4/13,19:00,?9?9?9?9E0?9?9?9?9*9?9*9?9?9?9?9?9?9*9*_?9*9*9?9?9,31.7,27.0,76,100586,9999,9999,442,4,0,4,999900,999900,999900,99990,140,0.7,4,4,999.0,999,9,'999999999,0,0.0000,0,88,999.000,0.0,1.0
2056/4/13,20:00,?9?9?9?9E0?9?9?9?9*9?9*9?9?9?9?9?9?9*9*_?9*9*9?9?9,31.5,27.0,77,100686,9999,9999,441,0,0,0,999900,999900,999900,99990,130,0.7,4,4,999.0,999,9,'999999999,0,0.0000,0,88,999.000,0.0,1.0
2056/4/13,21:00,?9?9?9?9E0?9?9?9?9*9?9*9?9?9?9?9?9?9*9*_?9*9*9?9?9,31.2,26.9,78,100686,9999,9999,436,0,0,0,999900,999900,999900,99990,140,0.3,3,3,999.0,999,9,'999999999,0,0.0000,0,88,999.000,0.0,1.0
2056/4/13,22:00,?9?9?9?9E0?9?9?9?9*9?9*9?9?9?9?9?9?9*9*_?9*9*9?9?9,30.9,26.6,78,100786,9999,9999,430,0,0,0,999900,999900,999900,99990,140,0.0,2,2,999.0,999,9,'999999999,0,0.0000,0,88,999.000,0.0,1.0
2056/4/13,23:00,?9?9?9?9E0?9?9?9?9*9?9*9?9?9?9?9?9?9*9*_?9*9*9?9?9,30.7,26.4,78,100786,9999,9999,422,0,0,0,999900,999900,999900,99990,140,0.0,1,1,999.0,999,9,'999999999,0,0.0000,0,88,999.000,0.0,1.0
2056/4/13,24:00,?9?9?9?9E0?9?9?9?9*9?9*9?9?9?9?9?9?9*9*_?9*9*9?9?9,30.2,26.4,80,100786,9999,9999,412,0,0,0,999900,999900,999900,99990,140,0.0,0,0,999.0,999,9,'999999999,0,0.0000,0,88,999.000,0.0,1.0
2056/4/14,01:00,?9?9?9?9E0?9?9?9?9*9?9*9?9?9?9?9?9?9*9*_?9*9*9?9?9,30.2,26.4,80,100686,9999,9999,412,0,0,0,999900,999900,999900,99990,140,0.0,0,0,999.0,999,9,'999999999,0,0.0000,0,88,999.000,0.0,1.0
2056/4/14,02:00,?9?9?9?9E0?9?9?9?9*9?9*9?9?9?9?9?9?9*9*_?9*9*9?9?9,29.8,26.0,80,100686,9999,9999,409,0,0,0,999900,999900,999900,99990,140,0.0,0,0,999.0,999,9,'999999999,0,0.0000,0,88,999.000,0.0,1.0
2056/4/14,03:00,?9?9?9?9E0?9?9?9?9*9?9*9?9?9?9?9?9?9*9*_?9*9*9?9?9,29.0,25.2,80,100686,9999,9999,404,0,0,0,999900,999900,999900,99990,140,0.0,0,0,999.0,999,9,'999999999,0,0.0000,0,88,999.000,0.0,1.0
2056/4/14,04:00,?9?9?9?9E0?9?9?9?9*9?9*9?9?9?9?9?9?9*9*_?9*9*9?9?9,28.8,25.2,81,100686,9999,9999,403,0,0,0,999900,999900,999900,99990,140,0.0,0,0,999.0,999,9,'999999999,0,0.0000,0,88,999.000,0.0,1.0
2056/4/14,05:00,?9?9?9?9E0?9?9?9?9*9?9*9?9?9?9?9?9?9*9*_?9*9*9?9?9,28.8,25.2,81,100686,9999,9999,416,0,0,0,999900,999900,999900,99990,140,0.0,2,2,999.0,999,9,'999999999,0,0.0000,0,88,999.000,0.0,1.0
2056/4/14,06:00,?9?9?9?9E0?9?9?9?9*9?9*9?9?9?9?9?9?9*9*_?9*9*9?9?9,28.8,25.2,81,100686,9999,9999,423,0,0,0,999900,999900,999900,99990,140,0.0,4,4,999.0,999,9,'999999999,0,0.0000,0,88,999.000,0.0,1.0
2056/4/14,07:00,?9?9?9?9E0?9?9?9?9*9?9*9?9?9?9?9?9?9*9*_?9*9*9?9?9,29.6,26.0,81,100786,9999,9999,436,54,69,46,999900,999900,999900,99990,140,0.0,6,6,999.0,999,9,'999999999,0,0.0000,0,88,999.000,0.0,1.0
2056/4/14,08:00,?9?9?9?9E0?9?9?9?9*9?9*9?9?9?9?9?9?9*9*_?9*9*9?9?9,30.8,27.0,80,100986,9999,9999,457,193,108,153,999900,999900,999900,99990,260,0.0,8,8,999.0,999,9,'999999999,0,0.0000,0,88,999.000,0.0,1.0
2056/4/14,09:00,?9?9?9?9E0?9?9?9?9*9?9*9?9?9?9?9?9?9*9*_?9*9*9?9?9,32.5,28.4,79,100986,9999,9999,479,318,119,248,999900,999900,999900,99990,240,0.0,9,9,999.0,999,9,'999999999,0,0.0000,0,88,999.000,0.0,1.0
2056/4/14,10:00,?9?9?9?9E0?9?9?9?9*9?9*9?9?9?9?9?9?9*9*_?9*9*9?9?9,34.1,26.6,65,100986,9999,9999,476,524,236,341,999900,999900,999900,99990,230,0.0,8,8,999.0,999,9,'999999999,0,0.0000,0,88,999.000,0.0,1.0
2056/4/14,11:00,?9?9?9?9E0?9?9?9?9*9?9*9?9?9?9?9?9?9*9*_?9*9*9?9?9,35.1,25.0,56,100986,9999,9999,473,718,389,365,999900,999900,999900,99990,230,0.0,7,7,999.0,999,9,'999999999,0,0.0000,0,88,999.000,0.0,1.0
2056/4/14,12:00,?9?9?9?9E0?9?9?9?9*9?9*9?9?9?9?9?9?9*9*_?9*9*9?9?9,36.4,24.3,50,100886,9999,9999,470,909,602,317,999900,999900,999900,99990,190,0.6,5,5,999.0,999,9,'999999999,0,0.0000,0,88,999.000,0.0,1.0
2056/4/14,13:00,?9?9?9?9E0?9?9?9?9*9?9*9?9?9?9?9?9?9*9*_?9*9*9?9?9,35.9,23.9,50,100786,9999,9999,459,991,732,263,999900,999900,999900,99990,160,1.0,3,3,999.0,999,9,'999999999,0,0.0000,0,88,999.000,0.0,1.0
2056/4/14,14:00,?9?9?9?9E0?9?9?9?9*9?9*9?9?9?9?9?9?9*9*_?9*9*9?9?9,35.7,23.7,50,100686,9999,9999,458,921,727,238,999900,999900,999900,99990,160,0.8,3,3,999.0,999,9,'999999999,0,0.0000,0,88,999.000,0.0,1.0
2056/4/14,15:00,?9?9?9?9E0?9?9?9?9*9?9*9?9?9?9?9?9?9*9*_?9*9*9?9?9,35.6,23.6,50,100586,9999,9999,457,782,690,214,999900,999900,999900,99990,110,0.6,3,3,999.0,999,9,'999999999,0,0.0000,0,88,999.000,0.0,1.0
2056/4/14,16:00,?9?9?9?9E0?9?9?9?9*9?9*9?9?9?9?9?9?9*9*_?9*9*9?9?9,35.1,23.1,50,100586,9999,9999,453,580,598,190,999900,999900,999900,99990,110,0.8,3,3,999.0,999,9,'999999999,0,0.0000,0,88,999.000,0.0,1.0
2056/4/14,17:00,?9?9?9?9E0?9?9?9?9*9?9*9?9?9?9?9?9?9*9*_?9*9*9?9?9,33.9,24.5,58,100586,9999,9999,448,353,456,152,999900,999900,999900,99990,110,0.6,3,3,999.0,999,9,'999999999,0,0.0000,0,88,999.000,0.0,1.0
2056/4/14,18:00,?9?9?9?9E0?9?9?9?9*9?9*9?9?9?9?9?9?9*9*_?9*9*9?9?9,32.7,25.8,67,100586,9999,9999,443,128,217,84,999900,999900,999900,99990,140,0.8,3,3,999.0,999,9,'999999999,0,0.0000,0,88,999.000,0.0,1.0
2056/4/14,19:00,?9?9?9?9E0?9?9?9?9*9?9*9?9?9?9?9?9?9*9*_?9*9*9?9?9,31.9,27.4,77,100586,9999,9999,436,4,0,4,999900,999900,999900,99990,140,0.6,2,2,999.0,999,9,'999999999,0,0.0000,0,88,999.000,0.0,1.0
2056/4/14,20:00,?9?9?9?9E0?9?9?9?9*9?9*9?9?9?9?9?9?9*9*_?9*9*9?9?9,31.5,27.2,78,100686,9999,9999,434,0,0,0,999900,999900,999900,99990,140,0.3,2,2,999.0,999,9,'999999999,0,0.0000,0,88,999.000,0.0,1.0
2056/4/14,21:00,?9?9?9?9E0?9?9?9?9*9?9*9?9?9?9?9?9?9*9*_?9*9*9?9?9,31.0,26.9,79,100786,9999,9999,425,0,0,0,999900,999900,999900,99990,160,0.5,1,1,999.0,999,9,'999999999,0,0.0000,0,88,999.000,0.0,1.0
2056/4/14,22:00,?9?9?9?9E0?9?9?9?9*9?9*9?9?9?9?9?9?9*9*_?9*9*9?9?9,31.0,26.9,79,100786,9999,9999,425,0,0,0,999900,999900,999900,99990,160,0.0,1,1,999.0,999,9,'999999999,0,0.0000,0,88,999.000,0.0,1.0
2056/4/14,23:00,?9?9?9?9E0?9?9?9?9*9?9*9?9?9?9?9?9?9*9*_?9*9*9?9?9,30.9,27.1,80,100886,9999,9999,430,0,0,0,999900,999900,999900,99990,160,0.0,2,2,999.0,999,9,'999999999,0,0.0000,0,88,999.000,0.0,1.0
2056/4/14,24:00,?9?9?9?9E0?9?9?9?9*9?9*9?9?9?9?9?9?9*9*_?9*9*9?9?9,30.5,26.9,81,100786,9999,9999,428,0,0,0,999900,999900,999900,99990,160,0.0,2,2,999.0,999,9,'999999999,0,0.0000,0,88,999.000,0.0,1.0
2056/4/15,01:00,?9?9?9?9E0?9?9?9?9*9?9*9?9?9?9?9?9?9*9*_?9*9*9?9?9,30.4,26.8,81,100786,9999,9999,431,0,0,0,999900,999900,999900,99990,160,0.0,3,3,999.0,999,9,'999999999,0,0.0000,0,88,999.000,0.0,1.0
2056/4/15,02:00,?9?9?9?9E0?9?9?9?9*9?9*9?9?9?9?9?9?9*9*_?9*9*9?9?9,30.4,26.8,81,100686,9999,9999,435,0,0,0,999900,999900,999900,99990,160,0.0,4,4,999.0,999,9,'999999999,0,0.0000,0,88,999.000,0.0,1.0
2056/4/15,03:00,?9?9?9?9E0?9?9?9?9*9?9*9?9?9?9?9?9?9*9*_?9*9*9?9?9,29.9,26.5,82,100686,9999,9999,435,0,0,0,999900,999900,999900,99990,160,0.0,5,5,999.0,999,9,'999999999,0,0.0000,0,88,999.000,0.0,1.0
2056/4/15,04:00,?9?9?9?9E0?9?9?9?9*9?9*9?9?9?9?9?9?9*9*_?9*9*9?9?9,29.5,26.1,82,100686,9999,9999,432,0,0,0,999900,999900,999900,99990,160,0.0,5,5,999.0,999,9,'999999999,0,0.0000,0,88,999.000,0.0,1.0
2056/4/15,05:00,?9?9?9?9E0?9?9?9?9*9?9*9?9?9?9?9?9?9*9*_?9*9*9?9?9,29.0,25.6,82,100686,9999,9999,425,0,0,0,999900,999900,999900,99990,160,0.0,4,4,999.0,999,9,'999999999,0,0.0000,0,88,999.000,0.0,1.0
2056/4/15,06:00,?9?9?9?9E0?9?9?9?9*9?9*9?9?9?9?9?9?9*9*_?9*9*9?9?9,28.8,27.9,95,100686,9999,9999,427,0,0,0,999900,999900,999900,99990,160,0.0,4,4,999.0,999,9,'999999999,0,0.0000,0,88,999.000,0.0,1.0
2056/4/15,07:00,?9?9?9?9E0?9?9?9?9*9?9*9?9?9?9?9?9?9*9*_?9*9*9?9?9,29.7,28.8,95,100786,9999,9999,430,66,129,50,999900,999900,999900,99990,160,0.0,3,3,999.0,999,9,'999999999,0,0.0000,0,88,999.000,0.0,1.0
2056/4/15,08:00,?9?9?9?9E0?9?9?9?9*9?9*9?9?9?9?9?9?9*9*_?9*9*9?9?9,31.5,30.1,92,100886,9999,9999,445,264,306,151,999900,999900,999900,99990,160,0.0,4,4,999.0,999,9,'999999999,0,0.0000,0,88,999.000,0.0,1.0
2056/4/15,09:00,?9?9?9?9E0?9?9?9?9*9?9*9?9?9?9?9?9?9*9*_?9*9*9?9?9,33.5,29.4,79,100986,9999,9999,459,481,450,215,999900,999900,999900,99990,160,0.0,5,5,999.0,999,9,'999999999,0,0.0000,0,88,999.000,0.0,1.0
2056/4/15,10:00,?9?9?9?9E0?9?9?9?9*9?9*9?9?9?9?9?9?9*9*_?9*9*9?9?9,34.8,28.5,70,100886,9999,9999,466,659,500,271,999900,999900,999900,99990,160,0.0,5,5,999.0,999,9,'999999999,0,0.0000,0,88,999.000,0.0,1.0
2056/4/15,11:00,?9?9?9?9E0?9?9?9?9*9?9*9?9?9?9?9?9?9*9*_?9*9*9?9?9,35.8,27.9,64,100886,9999,9999,471,802,530,320,999900,999900,999900,99990,200,0.4,5,5,999.0,999,9,'999999999,0,0.0000,0,88,999.000,0.0,1.0
2056/4/15,12:00,?9?9?9?9E0?9?9?9?9*9?9*9?9?9?9?9?9?9*9*_?9*9*9?9?9,36.1,29.0,67,100786,9999,9999,479,809,411,405,999900,999900,999900,99990,180,0.9,6,6,999.0,999,9,'999999999,0,0.0000,0,88,999.000,0.0,1.0
2056/4/15,13:00,?9?9?9?9E0?9?9?9?9*9?9*9?9?9?9?9?9?9*9*_?9*9*9?9?9,36.5,29.1,66,100786,9999,9999,487,747,305,444,999900,999900,999900,99990,180,0.8,7,7,999.0,999,9,'999999999,0,0.0000,0,88,999.000,0.0,1.0
2056/4/15,14:00,?9?9?9?9E0?9?9?9?9*9?9*9?9?9?9?9?9?9*9*_?9*9*9?9?9,36.4,29.0,66,100686,9999,9999,481,752,389,387,999900,999900,999900,99990,180,0.9,6,6,999.0,999,9,'999999999,0,0.0000,0,88,999.000,0.0,1.0
2056/4/15,15:00,?9?9?9?9E0?9?9?9?9*9?9*9?9?9?9?9?9?9*9*_?9*9*9?9?9,36.3,28.7,65,100586,9999,9999,476,677,443,312,999900,999900,999900,99990,150,1.0,5,5,999.0,999,9,'999999999,0,0.0000,0,88,999.000,0.0,1.0
2056/4/15,16:00,?9?9?9?9E0?9?9?9?9*9?9*9?9?9?9?9?9?9*9*_?9*9*9?9?9,35.7,28.1,65,100586,9999,9999,471,499,373,256,999900,999900,999900,99990,140,0.8,5,5,999.0,999,9,'999999999,0,0.0000,0,88,999.000,0.0,1.0
2056/4/15,17:00,?9?9?9?9E0?9?9?9?9*9?9*9?9?9?9?9?9?9*9*_?9*9*9?9?9,34.2,27.2,67,100586,9999,9999,461,309,285,183,999900,999900,999900,99990,140,0.8,5,5,999.0,999,9,'999999999,0,0.0000,0,88,999.000,0.0,1.0
2056/4/15,18:00,?9?9?9?9E0?9?9?9?9*9?9*9?9?9?9?9?9?9*9*_?9*9*9?9?9,33.2,29.1,79,100586,9999,9999,457,105,111,83,999900,999900,999900,99990,140,0.6,5,5,999.0,999,9,'999999999,0,0.0000,0,88,999.000,0.0,1.0
2056/4/15,19:00,?9?9?9?9E0?9?9?9?9*9?9*9?9?9?9?9?9?9*9*_?9*9*9?9?9,32.5,28.4,79,100686,9999,9999,462,4,0,4,999900,999900,999900,99990,140,0.6,7,7,999.0,999,9,'999999999,0,0.0000,0,88,999.000,0.0,1.0
2056/4/15,20:00,?9?9?9?9E0?9?9?9?9*9?9*9?9?9?9?9?9?9*9*_?9*9*9?9?9,32.1,28.2,80,100786,9999,9999,450,0,0,0,999900,999900,999900,99990,140,0.0,5,5,999.0,999,9,'999999999,0,0.0000,0,88,999.000,0.0,1.0
2056/4/15,21:00,?9?9?9?9E0?9?9?9?9*9?9*9?9?9?9?9?9?9*9*_?9*9*9?9?9,31.7,28.0,81,100786,9999,9999,440,0,0,0,999900,999900,999900,99990,140,0.0,3,3,999.0,999,9,'999999999,0,0.0000,0,88,999.000,0.0,1.0
2056/4/15,22:00,?9?9?9?9E0?9?9?9?9*9?9*9?9?9?9?9?9?9*9*_?9*9*9?9?9,31.7,28.0,81,100886,9999,9999,440,0,0,0,999900,999900,999900,99990,140,0.0,3,3,999.0,999,9,'999999999,0,0.0000,0,88,999.000,0.0,1.0
2056/4/15,23:00,?9?9?9?9E0?9?9?9?9*9?9*9?9?9?9?9?9?9*9*_?9*9*9?9?9,31.6,28.0,81,100886,9999,9999,443,0,0,0,999900,999900,999900,99990,140,0.0,4,4,999.0,999,9,'999999999,0,0.0000,0,88,999.000,0.0,1.0
2056/4/15,24:00,?9?9?9?9E0?9?9?9?9*9?9*9?9?9?9?9?9?9*9*_?9*9*9?9?9,31.2,28.0,83,100886,9999,9999,441,0,0,0,999900,999900,999900,99990,160,0.0,4,4,999.0,999,9,'999999999,0,0.0000,0,88,999.000,0.0,1.0
2056/4/16,01:00,?9?9?9?9E0?9?9?9?9*9?9*9?9?9?9?9?9?9*9*_?9*9*9?9?9,31.1,27.9,83,100886,9999,9999,443,0,0,0,999900,999900,999900,99990,160,0.0,5,5,999.0,999,9,'999999999,0,0.0000,0,88,999.000,0.0,1.0
2056/4/16,02:00,?9?9?9?9E0?9?9?9?9*9?9*9?9?9?9?9?9?9*9*_?9*9*9?9?9,30.9,27.7,83,100786,9999,9999,442,0,0,0,999900,999900,999900,99990,160,0.0,5,5,999.0,999,9,'999999999,0,0.0000,0,88,999.000,0.0,1.0
2056/4/16,03:00,?9?9?9?9E0?9?9?9?9*9?9*9?9?9?9?9?9?9*9*_?9*9*9?9?9,30.6,27.4,83,100786,9999,9999,440,0,0,0,999900,999900,999900,99990,160,0.0,5,5,999.0,999,9,'999999999,0,0.0000,0,88,999.000,0.0,1.0
2056/4/16,04:00,?9?9?9?9E0?9?9?9?9*9?9*9?9?9?9?9?9?9*9*_?9*9*9?9?9,30.2,27.2,84,100786,9999,9999,437,0,0,0,999900,999900,999900,99990,190,0.0,5,5,999.0,999,9,'999999999,0,0.0000,0,88,999.000,0.0,1.0
2056/4/16,05:00,?9?9?9?9E0?9?9?9?9*9?9*9?9?9?9?9?9?9*9*_?9*9*9?9?9,29.8,26.8,84,100786,9999,9999,438,0,0,0,999900,999900,999900,99990,190,0.0,6,6,999.0,999,9,'999999999,0,0.0000,0,88,999.000,0.0,1.0
2056/4/16,06:00,?9?9?9?9E0?9?9?9?9*9?9*9?9?9?9?9?9?9*9*_?9*9*9?9?9,29.7,26.7,84,100886,9999,9999,443,0,0,0,999900,999900,999900,99990,190,0.0,7,7,999.0,999,9,'999999999,0,0.0000,0,88,999.000,0.0,1.0
2056/4/16,07:00,?9?9?9?9E0?9?9?9?9*9?9*9?9?9?9?9?9?9*9*_?9*9*9?9?9,30.5,27.5,84,100886,9999,9999,439,64,101,51,999900,999900,999900,99990,190,0.0,5,5,999.0,999,9,'999999999,0,0.0000,0,88,999.000,0.0,1.0
2056/4/16,08:00,?9?9?9?9E0?9?9?9?9*9?9*9?9?9?9?9?9?9*9*_?9*9*9?9?9,31.9,28.7,83,100986,9999,9999,449,263,278,160,999900,999900,999900,99990,190,0.0,5,5,999.0,999,9,'999999999,0,0.0000,0,88,999.000,0.0,1.0
2056/4/16,09:00,?9?9?9?9E0?9?9?9?9*9?9*9?9?9?9?9?9?9*9*_?9*9*9?9?9,32.9,28.3,77,101086,9999,9999,455,493,451,226,999900,999900,999900,99990,140,0.0,5,5,999.0,999,9,'999999999,0,0.0000,0,88,999.000,0.0,1.0
2056/4/16,10:00,?9?9?9?9E0?9?9?9?9*9?9*9?9?9?9?9?9?9*9*_?9*9*9?9?9,34.1,27.1,67,101086,9999,9999,464,634,415,312,999900,999900,999900,99990,140,0.0,6,6,999.0,999,9,'999999999,0,0.0000,0,88,999.000,0.0,1.0
2056/4/16,11:00,?9?9?9?9E0?9?9?9?9*9?9*9?9?9?9?9?9?9*9*_?9*9*9?9?9,35.3,27.2,63,100986,9999,9999,477,702,321,409,999900,999900,999900,99990,140,0.0,7,7,999.0,999,9,'999999999,0,0.0000,0,88,999.000,0.0,1.0
2056/4/16,12:00,?9?9?9?9E0?9?9?9?9*9?9*9?9?9?9?9?9?9*9*_?9*9*9?9?9,35.6,27.5,63,100986,9999,9999,487,681,208,477,999900,999900,999900,99990,200,0.7,8,8,999.0,999,9,'999999999,0,0.0000,0,88,999.000,0.0,1.0
2056/4/16,13:00,?9?9?9?9E0?9?9?9?9*9?9*9?9?9?9?9?9?9*9*_?9*9*9?9?9,35.8,27.7,63,100886,9999,9999,488,684,194,491,999900,999900,999900,99990,140,1.3,8,8,999.0,999,9,'999999999,0,0.0000,0,88,999.000,0.0,1.0
2056/4/16,14:00,?9?9?9?9E0?9?9?9?9*9?9*9?9?9?9?9?9?9*9*_?9*9*9?9?9,35.5,27.4,63,100786,9999,9999,486,632,191,452,999900,999900,999900,99990,140,0.9,8,8,999.0,999,9,'999999999,0,0.0000,0,88,999.000,0.0,1.0
2056/4/16,15:00,?9?9?9?9E0?9?9?9?9*9?9*9?9?9?9?9?9?9*9*_?9*9*9?9?9,35.3,27.5,64,100686,9999,9999,485,523,171,382,999900,999900,999900,99990,160,1.1,8,8,999.0,999,9,'999999999,0,0.0000,0,88,999.000,0.0,1.0
2056/4/16,16:00,?9?9?9?9E0?9?9?9?9*9?9*9?9?9?9?9?9?9*9*_?9*9*9?9?9,35.1,27.0,63,100686,9999,9999,475,427,195,300,999900,999900,999900,99990,160,1.0,7,7,999.0,999,9,'999999999,0,0.0000,0,88,999.000,0.0,1.0
2056/4/16,17:00,?9?9?9?9E0?9?9?9?9*9?9*9?9?9?9?9?9?9*9*_?9*9*9?9?9,34.6,27.1,65,100686,9999,9999,473,256,139,195,999900,999900,999900,99990,160,0.6,7,7,999.0,999,9,'999999999,0,0.0000,0,88,999.000,0.0,1.0
2056/4/16,18:00,?9?9?9?9E0?9?9?9?9*9?9*9?9?9?9?9?9?9*9*_?9*9*9?9?9,33.6,27.4,70,100686,9999,9999,461,99,80,83,999900,999900,999900,99990,180,0.8,6,6,999.0,999,9,'999999999,0,0.0000,0,88,999.000,0.0,1.0
2056/4/16,19:00,?9?9?9?9E0?9?9?9?9*9?9*9?9?9?9?9?9?9*9*_?9*9*9?9?9,32.6,27.8,76,100786,9999,9999,452,4,0,4,999900,999900,999900,99990,180,0.4,5,5,999.0,999,9,'999999999,0,0.0000,0,88,999.000,0.0,1.0
2056/4/16,20:00,?9?9?9?9E0?9?9?9?9*9?9*9?9?9?9?9?9?9*9*_?9*9*9?9?9,32.0,27.5,77,100786,9999,9999,448,0,0,0,999900,999900,999900,99990,160,0.2,5,5,999.0,999,9,'999999999,0,0.0000,0,88,999.000,0.0,1.0
2056/4/16,21:00,?9?9?9?9E0?9?9?9?9*9?9*9?9?9?9?9?9?9*9*_?9*9*9?9?9,31.6,27.5,79,100886,9999,9999,446,0,0,0,999900,999900,999900,99990,160,0.5,5,5,999.0,999,9,'999999999,0,0.0000,0,88,999.000,0.0,1.0
2056/4/16,22:00,?9?9?9?9E0?9?9?9?9*9?9*9?9?9?9?9?9?9*9*_?9*9*9?9?9,31.5,27.4,79,100886,9999,9999,445,0,0,0,999900,999900,999900,99990,160,0.5,5,5,999.0,999,9,'999999999,0,0.0000,0,88,999.000,0.0,1.0
2056/4/16,23:00,?9?9?9?9E0?9?9?9?9*9?9*9?9?9?9?9?9?9*9*_?9*9*9?9?9,31.3,27.2,79,100886,9999,9999,444,0,0,0,999900,999900,999900,99990,160,0.0,5,5,999.0,999,9,'999999999,0,0.0000,0,88,999.000,0.0,1.0
2056/4/16,24:00,?9?9?9?9E0?9?9?9?9*9?9*9?9?9?9?9?9?9*9*_?9*9*9?9?9,30.8,27.6,83,100886,9999,9999,441,0,0,0,999900,999900,999900,99990,180,0.0,5,5,999.0,999,9,'999999999,0,0.0000,0,88,999.000,0.0,1.0
2056/4/17,01:00,?9?9?9?9E0?9?9?9?9*9?9*9?9?9?9?9?9?9*9*_?9*9*9?9?9,30.6,27.4,83,100886,9999,9999,440,0,0,0,999900,999900,999900,99990,180,0.0,5,5,999.0,999,9,'999999999,0,0.0000,0,88,999.000,0.0,1.0
2056/4/17,02:00,?9?9?9?9E0?9?9?9?9*9?9*9?9?9?9?9?9?9*9*_?9*9*9?9?9,30.3,27.1,83,100786,9999,9999,438,0,0,0,999900,999900,999900,99990,180,0.0,5,5,999.0,999,9,'999999999,0,0.0000,0,88,999.000,0.0,1.0
2056/4/17,03:00,?9?9?9?9E0?9?9?9?9*9?9*9?9?9?9?9?9?9*9*_?9*9*9?9?9,29.8,26.6,83,100786,9999,9999,434,0,0,0,999900,999900,999900,99990,180,0.0,5,5,999.0,999,9,'999999999,0,0.0000,0,88,999.000,0.0,1.0
2056/4/17,04:00,?9?9?9?9E0?9?9?9?9*9?9*9?9?9?9?9?9?9*9*_?9*9*9?9?9,29.5,26.3,83,100786,9999,9999,432,0,0,0,999900,999900,999900,99990,180,0.0,5,5,999.0,999,9,'999999999,0,0.0000,0,88,999.000,0.0,1.0
2056/4/17,05:00,?9?9?9?9E0?9?9?9?9*9?9*9?9?9?9?9?9?9*9*_?9*9*9?9?9,29.4,26.2,83,100786,9999,9999,431,0,0,0,999900,999900,999900,99990,180,0.0,5,5,999.0,999,9,'999999999,0,0.0000,0,88,999.000,0.0,1.0
2056/4/17,06:00,?9?9?9?9E0?9?9?9?9*9?9*9?9?9?9?9?9?9*9*_?9*9*9?9?9,29.1,27.5,91,100786,9999,9999,428,0,0,0,999900,999900,999900,99990,180,0.0,4,4,999.0,999,9,'999999999,0,0.0000,0,88,999.000,0.0,1.0
2056/4/17,07:00,?9?9?9?9E0?9?9?9?9*9?9*9?9?9?9?9?9?9*9*_?9*9*9?9?9,29.6,28.0,91,100886,9999,9999,432,67,128,51,999900,999900,999900,99990,180,0.0,4,4,999.0,999,9,'999999999,0,0.0000,0,88,999.000,0.0,1.0
2056/4/17,08:00,?9?9?9?9E0?9?9?9?9*9?9*9?9?9?9?9?9?9*9*_?9*9*9?9?9,31.9,29.3,86,100886,9999,9999,450,259,295,149,999900,999900,999900,99990,180,0.0,5,5,999.0,999,9,'999999999,0,0.0000,0,88,999.000,0.0,1.0
2056/4/17,09:00,?9?9?9?9E0?9?9?9?9*9?9*9?9?9?9?9?9?9*9*_?9*9*9?9?9,33.2,27.9,74,100986,9999,9999,456,499,507,198,999900,999900,999900,99990,180,0.5,5,5,999.0,999,9,'999999999,0,0.0000,0,88,999.000,0.0,1.0
2056/4/17,10:00,?9?9?9?9E0?9?9?9?9*9?9*9?9?9?9?9?9?9*9*_?9*9*9?9?9,34.3,27.8,69,100986,9999,9999,462,667,534,252,999900,999900,999900,99990,180,0.3,5,5,999.0,999,9,'999999999,0,0.0000,0,88,999.000,0.0,1.0
2056/4/17,11:00,?9?9?9?9E0?9?9?9?9*9?9*9?9?9?9?9?9?9*9*_?9*9*9?9?9,35.1,27.0,63,100986,9999,9999,466,813,573,291,999900,999900,999900,99990,180,0.6,5,5,999.0,999,9,'999999999,0,0.0000,0,88,999.000,0.0,1.0
2056/4/17,12:00,?9?9?9?9E0?9?9?9?9*9?9*9?9?9?9?9?9?9*9*_?9*9*9?9?9,36.2,26.6,58,100986,9999,9999,472,886,567,327,999900,999900,999900,99990,180,0.0,5,5,999.0,999,9,'999999999,0,0.0000,0,88,999.000,0.0,1.0
2056/4/17,13:00,?9?9?9?9E0?9?9?9?9*9?9*9?9?9?9?9?9?9*9*_?9*9*9?9?9,36.3,26.7,58,100786,9999,9999,473,887,549,341,999900,999900,999900,99990,180,0.0,5,5,999.0,999,9,'999999999,0,0.0000,0,88,999.000,0.0,1.0
2056/4/17,14:00,?9?9?9?9E0?9?9?9?9*9?9*9?9?9?9?9?9?9*9*_?9*9*9?9?9,36.4,26.8,58,100686,9999,9999,474,824,547,310,999900,999900,999900,99990,180,0.9,5,5,999.0,999,9,'999999999,0,0.0000,0,88,999.000,0.0,1.0
2056/4/17,15:00,?9?9?9?9E0?9?9?9?9*9?9*9?9?9?9?9?9?9*9*_?9*9*9?9?9,36.3,26.7,58,100686,9999,9999,469,730,581,252,999900,999900,999900,99990,160,0.6,4,4,999.0,999,9,'999999999,0,0.0000,0,88,999.000,0.0,1.0
2056/4/17,16:00,?9?9?9?9E0?9?9?9?9*9?9*9?9?9?9?9?9?9*9*_?9*9*9?9?9,35.7,26.2,58,100586,9999,9999,461,560,547,203,999900,999900,999900,99990,160,0.7,3,3,999.0,999,9,'999999999,0,0.0000,0,88,999.000,0.0,1.0
2056/4/17,17:00,?9?9?9?9E0?9?9?9?9*9?9*9?9?9?9?9?9?9*9*_?9*9*9?9?9,33.9,26.4,65,100486,9999,9999,451,345,430,155,999900,999900,999900,99990,160,1.0,3,3,999.0,999,9,'999999999,0,0.0000,0,88,999.000,0.0,1.0
2056/4/17,18:00,?9?9?9?9E0?9?9?9?9*9?9*9?9?9?9?9?9?9*9*_?9*9*9?9?9,32.7,26.8,71,100586,9999,9999,444,126,215,83,999900,999900,999900,99990,160,0.6,3,3,999.0,999,9,'999999999,0,0.0000,0,88,999.000,0.0,1.0
2056/4/17,19:00,?9?9?9?9E0?9?9?9?9*9?9*9?9?9?9?9?9?9*9*_?9*9*9?9?9,32.0,27.5,77,100586,9999,9999,441,5,0,5,999900,999900,999900,99990,160,0.6,3,3,999.0,999,9,'999999999,0,0.0000,0,88,999.000,0.0,1.0
2056/4/17,20:00,?9?9?9?9E0?9?9?9?9*9?9*9?9?9?9?9?9?9*9*_?9*9*9?9?9,31.5,27.0,77,100686,9999,9999,438,0,0,0,999900,999900,999900,99990,160,0.4,3,3,999.0,999,9,'999999999,0,0.0000,0,88,999.000,0.0,1.0
2056/4/17,21:00,?9?9?9?9E0?9?9?9?9*9?9*9?9?9?9?9?9?9*9*_?9*9*9?9?9,31.2,27.1,79,100786,9999,9999,436,0,0,0,999900,999900,999900,99990,160,0.0,3,3,999.0,999,9,'999999999,0,0.0000,0,88,999.000,0.0,1.0
2056/4/17,22:00,?9?9?9?9E0?9?9?9?9*9?9*9?9?9?9?9?9?9*9*_?9*9*9?9?9,31.0,26.9,79,100786,9999,9999,435,0,0,0,999900,999900,999900,99990,160,0.3,3,3,999.0,999,9,'999999999,0,0.0000,0,88,999.000,0.0,1.0
2056/4/17,23:00,?9?9?9?9E0?9?9?9?9*9?9*9?9?9?9?9?9?9*9*_?9*9*9?9?9,30.7,26.7,79,100786,9999,9999,433,0,0,0,999900,999900,999900,99990,160,0.0,3,3,999.0,999,9,'999999999,0,0.0000,0,88,999.000,0.0,1.0
2056/4/17,24:00,?9?9?9?9E0?9?9?9?9*9?9*9?9?9?9?9?9?9*9*_?9*9*9?9?9,30.4,26.6,80,100786,9999,9999,431,0,0,0,999900,999900,999900,99990,140,0.2,3,3,999.0,999,9,'999999999,0,0.0000,0,88,999.000,0.0,1.0
2056/4/18,01:00,?9?9?9?9E0?9?9?9?9*9?9*9?9?9?9?9?9?9*9*_?9*9*9?9?9,30.2,26.6,81,100786,9999,9999,430,0,0,0,999900,999900,999900,99990,140,0.0,3,3,999.0,999,9,'999999999,0,0.0000,0,88,999.000,0.0,1.0
2056/4/18,02:00,?9?9?9?9E0?9?9?9?9*9?9*9?9?9?9?9?9?9*9*_?9*9*9?9?9,29.6,26.0,81,100686,9999,9999,426,0,0,0,999900,999900,999900,99990,140,0.0,3,3,999.0,999,9,'999999999,0,0.0000,0,88,999.000,0.0,1.0
2056/4/18,03:00,?9?9?9?9E0?9?9?9?9*9?9*9?9?9?9?9?9?9*9*_?9*9*9?9?9,29.2,25.6,81,100686,9999,9999,423,0,0,0,999900,999900,999900,99990,140,0.0,3,3,999.0,999,9,'999999999,0,0.0000,0,88,999.000,0.0,1.0
2056/4/18,04:00,?9?9?9?9E0?9?9?9?9*9?9*9?9?9?9?9?9?9*9*_?9*9*9?9?9,29.0,25.4,81,100686,9999,9999,422,0,0,0,999900,999900,999900,99990,140,0.0,3,3,999.0,999,9,'999999999,0,0.0000,0,88,999.000,0.0,1.0
2056/4/18,05:00,?9?9?9?9E0?9?9?9?9*9?9*9?9?9?9?9?9?9*9*_?9*9*9?9?9,29.0,25.6,82,100686,9999,9999,425,0,0,0,999900,999900,999900,99990,140,0.0,4,4,999.0,999,9,'999999999,0,0.0000,0,88,999.000,0.0,1.0
2056/4/18,06:00,?9?9?9?9E0?9?9?9?9*9?9*9?9?9?9?9?9?9*9*_?9*9*9?9?9,28.6,25.2,82,100786,9999,9999,422,0,0,0,999900,999900,999900,99990,140,0.0,4,4,999.0,999,9,'999999999,0,0.0000,0,88,999.000,0.0,1.0
2056/4/18,07:00,?9?9?9?9E0?9?9?9?9*9?9*9?9?9?9?9?9?9*9*_?9*9*9?9?9,29.4,26.0,82,100786,9999,9999,431,67,133,50,999900,999900,999900,99990,140,0.0,5,5,999.0,999,9,'999999999,0,0.0000,0,88,999.000,0.0,1.0
2056/4/18,08:00,?9?9?9?9E0?9?9?9?9*9?9*9?9?9?9?9?9?9*9*_?9*9*9?9?9,31.4,27.8,81,100886,9999,9999,445,269,341,142,999900,999900,999900,99990,140,0.5,5,5,999.0,999,9,'999999999,0,0.0000,0,88,999.000,0.0,1.0
2056/4/18,09:00,?9?9?9?9E0?9?9?9?9*9?9*9?9?9?9?9?9?9*9*_?9*9*9?9?9,33.0,28.2,76,100986,9999,9999,455,495,517,187,999900,999900,999900,99990,200,0.6,5,5,999.0,999,9,'999999999,0,0.0000,0,88,999.000,0.0,1.0
2056/4/18,10:00,?9?9?9?9E0?9?9?9?9*9?9*9?9?9?9?9?9?9*9*_?9*9*9?9?9,34.4,25.2,59,100886,9999,9999,459,694,612,217,999900,999900,999900,99990,200,0.5,5,5,999.0,999,9,'999999999,0,0.0000,0,88,999.000,0.0,1.0
2056/4/18,11:00,?9?9?9?9E0?9?9?9?9*9?9*9?9?9?9?9?9?9*9*_?9*9*9?9?9,36.0,24.9,53,100886,9999,9999,465,875,717,222,999900,999900,999900,99990,200,0.4,4,4,999.0,999,9,'999999999,0,0.0000,0,88,999.000,0.0,1.0
2056/4/18,12:00,?9?9?9?9E0?9?9?9?9*9?9*9?9?9?9?9?9?9*9*_?9*9*9?9?9,37.1,23.2,45,100786,9999,9999,465,994,787,218,999900,999900,999900,99990,250,0.0,3,3,999.0,999,9,'999999999,0,0.0000,0,88,999.000,0.0,1.0
2056/4/18,13:00,?9?9?9?9E0?9?9?9?9*9?9*9?9?9?9?9?9?9*9*_?9*9*9?9?9,36.5,23.4,47,100686,9999,9999,458,1019,811,212,999900,999900,999900,99990,250,0.9,2,2,999.0,999,9,'999999999,0,0.0000,0,88,999.000,0.0,1.0
2056/4/18,14:00,?9?9?9?9E0?9?9?9?9*9?9*9?9?9?9?9?9?9*9*_?9*9*9?9?9,36.5,23.4,47,100586,9999,9999,458,949,805,192,999900,999900,999900,99990,250,0.9,2,2,999.0,999,9,'999999999,0,0.0000,0,88,999.000,0.0,1.0
2056/4/18,15:00,?9?9?9?9E0?9?9?9?9*9?9*9?9?9?9?9?9?9*9*_?9*9*9?9?9,36.1,23.7,49,100486,9999,9999,450,808,772,173,999900,999900,999900,99990,160,0.8,1,1,999.0,999,9,'999999999,0,0.0000,0,88,999.000,0.0,1.0
2056/4/18,16:00,?9?9?9?9E0?9?9?9?9*9?9*9?9?9?9?9?9?9*9*_?9*9*9?9?9,35.3,23.3,50,100386,9999,9999,444,597,668,161,999900,999900,999900,99990,160,0.6,1,1,999.0,999,9,'999999999,0,0.0000,0,88,999.000,0.0,1.0
2056/4/18,17:00,?9?9?9?9E0?9?9?9?9*9?9*9?9?9?9?9?9?9*9*_?9*9*9?9?9,34.1,25.5,61,100386,9999,9999,451,350,470,143,999900,999900,999900,99990,160,0.8,3,3,999.0,999,9,'999999999,0,0.0000,0,88,999.000,0.0,1.0
2056/4/18,18:00,?9?9?9?9E0?9?9?9?9*9?9*9?9?9?9?9?9?9*9*_?9*9*9?9?9,32.9,26.7,70,100386,9999,9999,449,120,197,80,999900,999900,999900,99990,160,0.0,4,4,999.0,999,9,'999999999,0,0.0000,0,88,999.000,0.0,1.0
2056/4/18,19:00,?9?9?9?9E0?9?9?9?9*9?9*9?9?9?9?9?9?9*9*_?9*9*9?9?9,32.2,26.8,73,100386,9999,9999,445,5,0,5,999900,999900,999900,99990,160,0.0,4,4,999.0,999,9,'999999999,0,0.0000,0,88,999.000,0.0,1.0
2056/4/18,20:00,?9?9?9?9E0?9?9?9?9*9?9*9?9?9?9?9?9?9*9*_?9*9*9?9?9,32.0,27.7,78,100586,9999,9999,445,0,0,0,999900,999900,999900,99990,160,0.5,4,4,999.0,999,9,'999999999,0,0.0000,0,88,999.000,0.0,1.0
2056/4/18,21:00,?9?9?9?9E0?9?9?9?9*9?9*9?9?9?9?9?9?9*9*_?9*9*9?9?9,31.6,27.3,78,100686,9999,9999,439,0,0,0,999900,999900,999900,99990,160,0.3,3,3,999.0,999,9,'999999999,0,0.0000,0,88,999.000,0.0,1.0
2056/4/18,22:00,?9?9?9?9E0?9?9?9?9*9?9*9?9?9?9?9?9?9*9*_?9*9*9?9?9,31.6,27.5,79,100686,9999,9999,439,0,0,0,999900,999900,999900,99990,160,0.3,3,3,999.0,999,9,'999999999,0,0.0000,0,88,999.000,0.0,1.0
2056/4/18,23:00,?9?9?9?9E0?9?9?9?9*9?9*9?9?9?9?9?9?9*9*_?9*9*9?9?9,31.4,27.3,79,100786,9999,9999,438,0,0,0,999900,999900,999900,99990,160,0.0,3,3,999.0,999,9,'999999999,0,0.0000,0,88,999.000,0.0,1.0
2056/4/18,24:00,?9?9?9?9E0?9?9?9?9*9?9*9?9?9?9?9?9?9*9*_?9*9*9?9?9,30.8,27.2,81,100686,9999,9999,434,0,0,0,999900,999900,999900,99990,180,0.0,3,3,999.0,999,9,'999999999,0,0.0000,0,88,999.000,0.0,1.0
2056/4/19,01:00,?9?9?9?9E0?9?9?9?9*9?9*9?9?9?9?9?9?9*9*_?9*9*9?9?9,30.6,27.0,81,100686,9999,9999,433,0,0,0,999900,999900,999900,99990,180,0.0,3,3,999.0,999,9,'999999999,0,0.0000,0,88,999.000,0.0,1.0
2056/4/19,02:00,?9?9?9?9E0?9?9?9?9*9?9*9?9?9?9?9?9?9*9*_?9*9*9?9?9,30.2,26.6,81,100586,9999,9999,436,0,0,0,999900,999900,999900,99990,180,0.0,5,5,999.0,999,9,'999999999,0,0.0000,0,88,999.000,0.0,1.0
2056/4/19,03:00,?9?9?9?9E0?9?9?9?9*9?9*9?9?9?9?9?9?9*9*_?9*9*9?9?9,30.2,27.8,87,100486,9999,9999,447,0,0,0,999900,999900,999900,99990,180,0.0,7,7,999.0,999,9,'999999999,0,0.0000,0,88,999.000,0.0,1.0
2056/4/19,04:00,?9?9?9?9E0?9?9?9?9*9?9*9?9?9?9?9?9?9*9*_?9*9*9?9?9,30.1,27.7,87,100486,9999,9999,446,0,0,0,999900,999900,999900,99990,180,0.0,7,7,999.0,999,9,'999999999,0,0.0000,0,88,999.000,0.0,1.0
2056/4/19,05:00,?9?9?9?9E0?9?9?9?9*9?9*9?9?9?9?9?9?9*9*_?9*9*9?9?9,30.0,27.6,87,100486,9999,9999,446,0,0,0,999900,999900,999900,99990,180,0.0,7,7,999.0,999,9,'999999999,0,0.0000,0,88,999.000,0.0,1.0
2056/4/19,06:00,?9?9?9?9E0?9?9?9?9*9?9*9?9?9?9?9?9?9*9*_?9*9*9?9?9,29.7,27.3,87,100486,9999,9999,438,0,0,0,999900,999900,999900,99990,180,0.0,6,6,999.0,999,9,'999999999,0,0.0000,0,88,999.000,0.0,1.0
2056/4/19,07:00,?9?9?9?9E0?9?9?9?9*9?9*9?9?9?9?9?9?9*9*_?9*9*9?9?9,29.8,27.4,87,100586,9999,9999,435,67,121,51,999900,999900,999900,99990,180,0.0,5,5,999.0,999,9,'999999999,0,0.0000,0,88,999.000,0.0,1.0
2056/4/19,08:00,?9?9?9?9E0?9?9?9?9*9?9*9?9?9?9?9?9?9*9*_?9*9*9?9?9,31.9,29.1,85,100586,9999,9999,450,266,313,148,999900,999900,999900,99990,180,0.3,5,5,999.0,999,9,'999999999,0,0.0000,0,88,999.000,0.0,1.0
2056/4/19,09:00,?9?9?9?9E0?9?9?9?9*9?9*9?9?9?9?9?9?9*9*_?9*9*9?9?9,33.6,28.8,76,100586,9999,9999,459,498,506,196,999900,999900,999900,99990,180,0.6,5,5,999.0,999,9,'999999999,0,0.0000,0,88,999.000,0.0,1.0
2056/4/19,10:00,?9?9?9?9E0?9?9?9?9*9?9*9?9?9?9?9?9?9*9*_?9*9*9?9?9,35.2,27.1,63,100586,9999,9999,467,682,566,241,999900,999900,999900,99990,180,0.6,5,5,999.0,999,9,'999999999,0,0.0000,0,88,999.000,0.0,1.0
2056/4/19,11:00,?9?9?9?9E0?9?9?9?9*9?9*9?9?9?9?9?9?9*9*_?9*9*9?9?9,37.0,26.8,56,100586,9999,9999,477,825,600,278,999900,999900,999900,99990,180,0.2,5,5,999.0,999,9,'999999999,0,0.0000,0,88,999.000,0.0,1.0
2056/4/19,12:00,?9?9?9?9E0?9?9?9?9*9?9*9?9?9?9?9?9?9*9*_?9*9*9?9?9,37.8,27.2,55,100486,9999,9999,483,892,584,317,999900,999900,999900,99990,180,0.6,5,5,999.0,999,9,'999999999,0,0.0000,0,88,999.000,0.0,1.0
2056/4/19,13:00,?9?9?9?9E0?9?9?9?9*9?9*9?9?9?9?9?9?9*9*_?9*9*9?9?9,37.6,27.0,55,100386,9999,9999,481,899,581,321,999900,999900,999900,99990,180,0.9,5,5,999.0,999,9,'999999999,0,0.0000,0,88,999.000,0.0,1.0
2056/4/19,14:00,?9?9?9?9E0?9?9?9?9*9?9*9?9?9?9?9?9?9*9*_?9*9*9?9?9,37.2,26.7,55,100286,9999,9999,475,880,657,263,999900,999900,999900,99990,180,1.0,4,4,999.0,999,9,'999999999,0,0.0000,0,88,999.000,0.0,1.0
2056/4/19,15:00,?9?9?9?9E0?9?9?9?9*9?9*9?9?9?9?9?9?9*9*_?9*9*9?9?9,36.5,26.6,57,100286,9999,9999,467,766,664,219,999900,999900,999900,99990,140,0.9,3,3,999.0,999,9,'999999999,0,0.0000,0,88,999.000,0.0,1.0
2056/4/19,16:00,?9?9?9?9E0?9?9?9?9*9?9*9?9?9?9?9?9?9*9*_?9*9*9?9?9,35.5,26.8,61,100186,9999,9999,461,560,556,197,999900,999900,999900,99990,140,0.9,3,3,999.0,999,9,'999999999,0,0.0000,0,88,999.000,0.0,1.0
2056/4/19,17:00,?9?9?9?9E0?9?9?9?9*9?9*9?9?9?9?9?9?9*9*_?9*9*9?9?9,34.1,27.6,69,100186,9999,9999,454,340,418,156,999900,999900,999900,99990,140,1.1,3,3,999.0,999,9,'999999999,0,0.0000,0,88,999.000,0.0,1.0
2056/4/19,18:00,?9?9?9?9E0?9?9?9?9*9?9*9?9?9?9?9?9?9*9*_?9*9*9?9?9,33.2,28.2,75,100186,9999,9999,449,123,200,82,999900,999900,999900,99990,140,0.7,3,3,999.0,999,9,'999999999,0,0.0000,0,88,999.000,0.0,1.0
2056/4/19,19:00,?9?9?9?9E0?9?9?9?9*9?9*9?9?9?9?9?9?9*9*_?9*9*9?9?9,32.6,28.1,77,100286,9999,9999,445,5,0,5,999900,999900,999900,99990,140,0.4,3,3,999.0,999,9,'999999999,0,0.0000,0,88,999.000,0.0,1.0
2056/4/19,20:00,?9?9?9?9E0?9?9?9?9*9?9*9?9?9?9?9?9?9*9*_?9*9*9?9?9,32.2,27.9,78,100386,9999,9999,443,0,0,0,999900,999900,999900,99990,160,0.5,3,3,999.0,999,9,'999999999,0,0.0000,0,88,999.000,0.0,1.0
2056/4/19,21:00,?9?9?9?9E0?9?9?9?9*9?9*9?9?9?9?9?9?9*9*_?9*9*9?9?9,31.9,27.8,79,100386,9999,9999,441,0,0,0,999900,999900,999900,99990,140,0.5,3,3,999.0,999,9,'999999999,0,0.0000,0,88,999.000,0.0,1.0
2056/4/19,22:00,?9?9?9?9E0?9?9?9?9*9?9*9?9?9?9?9?9?9*9*_?9*9*9?9?9,31.8,27.7,79,100386,9999,9999,436,0,0,0,999900,999900,999900,99990,140,0.3,2,2,999.0,999,9,'999999999,0,0.0000,0,88,999.000,0.0,1.0
2056/4/19,23:00,?9?9?9?9E0?9?9?9?9*9?9*9?9?9?9?9?9?9*9*_?9*9*9?9?9,31.7,27.8,80,100386,9999,9999,436,0,0,0,999900,999900,999900,99990,140,0.0,2,2,999.0,999,9,'999999999,0,0.0000,0,88,999.000,0.0,1.0
2056/4/19,24:00,?9?9?9?9E0?9?9?9?9*9?9*9?9?9?9?9?9?9*9*_?9*9*9?9?9,31.2,27.6,81,100486,9999,9999,427,0,0,0,999900,999900,999900,99990,170,0.0,1,1,999.0,999,9,'999999999,0,0.0000,0,88,999.000,0.0,1.0
2056/4/20,01:00,?9?9?9?9E0?9?9?9?9*9?9*9?9?9?9?9?9?9*9*_?9*9*9?9?9,31.2,27.6,81,100386,9999,9999,419,0,0,0,999900,999900,999900,99990,170,0.0,0,0,999.0,999,9,'999999999,0,0.0000,0,88,999.000,0.0,1.0
2056/4/20,02:00,?9?9?9?9E0?9?9?9?9*9?9*9?9?9?9?9?9?9*9*_?9*9*9?9?9,30.8,27.2,81,100286,9999,9999,416,0,0,0,999900,999900,999900,99990,170,0.0,0,0,999.0,999,9,'999999999,0,0.0000,0,88,999.000,0.0,1.0
2056/4/20,03:00,?9?9?9?9E0?9?9?9?9*9?9*9?9?9?9?9?9?9*9*_?9*9*9?9?9,30.7,27.1,81,100286,9999,9999,415,0,0,0,999900,999900,999900,99990,170,0.0,0,0,999.0,999,9,'999999999,0,0.0000,0,88,999.000,0.0,1.0
2056/4/20,04:00,?9?9?9?9E0?9?9?9?9*9?9*9?9?9?9?9?9?9*9*_?9*9*9?9?9,30.6,27.2,82,100286,9999,9999,415,0,0,0,999900,999900,999900,99990,170,0.0,0,0,999.0,999,9,'999999999,0,0.0000,0,88,999.000,0.0,1.0
2056/4/20,05:00,?9?9?9?9E0?9?9?9?9*9?9*9?9?9?9?9?9?9*9*_?9*9*9?9?9,30.3,28.3,89,100386,9999,9999,428,0,0,0,999900,999900,999900,99990,170,0.0,2,2,999.0,999,9,'999999999,0,0.0000,0,88,999.000,0.0,1.0
2056/4/20,06:00,?9?9?9?9E0?9?9?9?9*9?9*9?9?9?9?9?9?9*9*_?9*9*9?9?9,30.4,28.6,90,100386,9999,9999,433,0,0,0,999900,999900,999900,99990,170,0.0,3,3,999.0,999,9,'999999999,0,0.0000,0,88,999.000,0.0,1.0
2056/4/20,07:00,?9?9?9?9E0?9?9?9?9*9?9*9?9?9?9?9?9?9*9*_?9*9*9?9?9,31.2,29.2,89,100486,9999,9999,442,72,145,53,999900,999900,999900,99990,170,0.0,4,4,999.0,999,9,'999999999,0,0.0000,0,88,999.000,0.0,1.0
2056/4/20,08:00,?9?9?9?9E0?9?9?9?9*9?9*9?9?9?9?9?9?9*9*_?9*9*9?9?9,33.0,29.3,81,100486,9999,9999,453,286,385,141,999900,999900,999900,99990,170,0.6,4,4,999.0,999,9,'999999999,0,0.0000,0,88,999.000,0.0,1.0
2056/4/20,09:00,?9?9?9?9E0?9?9?9?9*9?9*9?9?9?9?9?9?9*9*_?9*9*9?9?9,34.1,29.0,75,100586,9999,9999,459,526,584,177,999900,999900,999900,99990,200,0.6,4,4,999.0,999,9,'999999999,0,0.0000,0,88,999.000,0.0,1.0
2056/4/20,10:00,?9?9?9?9E0?9?9?9?9*9?9*9?9?9?9?9?9?9*9*_?9*9*9?9?9,35.6,30.0,73,100586,9999,9999,466,717,641,217,999900,999900,999900,99990,180,0.7,3,3,999.0,999,9,'999999999,0,0.0000,0,88,999.000,0.0,1.0
2056/4/20,11:00,?9?9?9?9E0?9?9?9?9*9?9*9?9?9?9?9?9?9*9*_?9*9*9?9?9,36.2,29.6,69,100486,9999,9999,473,837,621,270,999900,999900,999900,99990,180,1.1,4,4,999.0,999,9,'999999999,0,0.0000,0,88,999.000,0.0,1.0
2056/4/20,12:00,?9?9?9?9E0?9?9?9?9*9?9*9?9?9?9?9?9?9*9*_?9*9*9?9?9,36.6,28.4,63,100486,9999,9999,477,877,555,330,999900,999900,999900,99990,180,0.9,5,5,999.0,999,9,'999999999,0,0.0000,0,88,999.000,0.0,1.0
2056/4/20,13:00,?9?9?9?9E0?9?9?9?9*9?9*9?9?9?9?9?9?9*9*_?9*9*9?9?9,37.0,28.8,63,100386,9999,9999,480,879,536,345,999900,999900,999900,99990,180,1.0,5,5,999.0,999,9,'999999999,0,0.0000,0,88,999.000,0.0,1.0
2056/4/20,14:00,?9?9?9?9E0?9?9?9?9*9?9*9?9?9?9?9?9?9*9*_?9*9*9?9?9,37.0,28.2,61,100386,9999,9999,479,817,536,313,999900,999900,999900,99990,180,1.0,5,5,999.0,999,9,'999999999,0,0.0000,0,88,999.000,0.0,1.0
2056/4/20,15:00,?9?9?9?9E0?9?9?9?9*9?9*9?9?9?9?9?9?9*9*_?9*9*9?9?9,36.5,27.8,61,100286,9999,9999,472,722,567,255,999900,999900,999900,99990,180,0.7,4,4,999.0,999,9,'999999999,0,0.0000,0,88,999.000,0.0,1.0
2056/4/20,16:00,?9?9?9?9E0?9?9?9?9*9?9*9?9?9?9?9?9?9*9*_?9*9*9?9?9,35.6,26.9,61,100286,9999,9999,462,557,538,206,999900,999900,999900,99990,160,0.8,3,3,999.0,999,9,'999999999,0,0.0000,0,88,999.000,0.0,1.0
2056/4/20,17:00,?9?9?9?9E0?9?9?9?9*9?9*9?9?9?9?9?9?9*9*_?9*9*9?9?9,34.1,27.9,70,100186,9999,9999,458,324,351,169,999900,999900,999900,99990,160,0.5,4,4,999.0,999,9,'999999999,0,0.0000,0,88,999.000,0.0,1.0
2056/4/20,18:00,?9?9?9?9E0?9?9?9?9*9?9*9?9?9?9?9?9?9*9*_?9*9*9?9?9,33.3,28.7,77,100186,9999,9999,461,97,97,77,999900,999900,999900,99990,160,0.6,6,6,999.0,999,9,'999999999,0,0.0000,0,88,999.000,0.0,1.0
2056/4/20,19:00,?9?9?9?9E0?9?9?9?9*9?9*9?9?9?9?9?9?9*9*_?9*9*9?9?9,32.5,28.8,81,100286,9999,9999,462,5,0,5,999900,999900,999900,99990,160,0.5,7,7,999.0,999,9,'999999999,0,0.0000,0,88,999.000,0.0,1.0
2056/4/20,20:00,?9?9?9?9E0?9?9?9?9*9?9*9?9?9?9?9?9?9*9*_?9*9*9?9?9,32.2,29.0,83,100386,9999,9999,451,0,0,0,999900,999900,999900,99990,160,0.5,5,5,999.0,999,9,'999999999,0,0.0000,0,88,999.000,0.0,1.0
2056/4/20,21:00,?9?9?9?9E0?9?9?9?9*9?9*9?9?9?9?9?9?9*9*_?9*9*9?9?9,31.9,28.7,83,100386,9999,9999,442,0,0,0,999900,999900,999900,99990,160,0.4,3,3,999.0,999,9,'999999999,0,0.0000,0,88,999.000,0.0,1.0
2056/4/20,22:00,?9?9?9?9E0?9?9?9?9*9?9*9?9?9?9?9?9?9*9*_?9*9*9?9?9,31.8,28.6,83,100486,9999,9999,441,0,0,0,999900,999900,999900,99990,160,0.0,3,3,999.0,999,9,'999999999,0,0.0000,0,88,999.000,0.0,1.0
2056/4/20,23:00,?9?9?9?9E0?9?9?9?9*9?9*9?9?9?9?9?9?9*9*_?9*9*9?9?9,31.7,28.5,83,100586,9999,9999,441,0,0,0,999900,999900,999900,99990,160,0.0,3,3,999.0,999,9,'999999999,0,0.0000,0,88,999.000,0.0,1.0
2056/4/20,24:00,?9?9?9?9E0?9?9?9?9*9?9*9?9?9?9?9?9?9*9*_?9*9*9?9?9,31.4,28.6,85,100486,9999,9999,439,0,0,0,999900,999900,999900,99990,180,0.0,3,3,999.0,999,9,'999999999,0,0.0000,0,88,999.000,0.0,1.0
2056/4/21,01:00,?9?9?9?9E0?9?9?9?9*9?9*9?9?9?9?9?9?9*9*_?9*9*9?9?9,31.2,28.4,85,100486,9999,9999,441,0,0,0,999900,999900,999900,99990,180,0.0,4,4,999.0,999,9,'999999999,0,0.0000,0,88,999.000,0.0,1.0
2056/4/21,02:00,?9?9?9?9E0?9?9?9?9*9?9*9?9?9?9?9?9?9*9*_?9*9*9?9?9,31.1,28.3,85,100486,9999,9999,441,0,0,0,999900,999900,999900,99990,180,0.0,4,4,999.0,999,9,'999999999,0,0.0000,0,88,999.000,0.0,1.0
2056/4/21,03:00,?9?9?9?9E0?9?9?9?9*9?9*9?9?9?9?9?9?9*9*_?9*9*9?9?9,30.7,27.9,85,100486,9999,9999,438,0,0,0,999900,999900,999900,99990,180,0.0,4,4,999.0,999,9,'999999999,0,0.0000,0,88,999.000,0.0,1.0
2056/4/21,04:00,?9?9?9?9E0?9?9?9?9*9?9*9?9?9?9?9?9?9*9*_?9*9*9?9?9,30.3,27.5,85,100486,9999,9999,435,0,0,0,999900,999900,999900,99990,180,0.0,4,4,999.0,999,9,'999999999,0,0.0000,0,88,999.000,0.0,1.0
2056/4/21,05:00,?9?9?9?9E0?9?9?9?9*9?9*9?9?9?9?9?9?9*9*_?9*9*9?9?9,30.2,27.4,85,100486,9999,9999,434,0,0,0,999900,999900,999900,99990,180,0.0,4,4,999.0,999,9,'999999999,0,0.0000,0,88,999.000,0.0,1.0
2056/4/21,06:00,?9?9?9?9E0?9?9?9?9*9?9*9?9?9?9?9?9?9*9*_?9*9*9?9?9,30.2,29.0,93,100586,9999,9999,436,0,0,0,999900,999900,999900,99990,180,0.0,4,4,999.0,999,9,'999999999,0,0.0000,0,88,999.000,0.0,1.0
2056/4/21,07:00,?9?9?9?9E0?9?9?9?9*9?9*9?9?9?9?9?9?9*9*_?9*9*9?9?9,31.0,29.8,93,100686,9999,9999,442,72,113,57,999900,999900,999900,99990,180,0.0,4,4,999.0,999,9,'999999999,0,0.0000,0,88,999.000,0.0,1.0
2056/4/21,08:00,?9?9?9?9E0?9?9?9?9*9?9*9?9?9?9?9?9?9*9*_?9*9*9?9?9,33.0,31.3,91,100686,9999,9999,463,238,184,168,999900,999900,999900,99990,180,0.2,6,6,999.0,999,9,'999999999,0,0.0000,0,88,999.000,0.0,1.0
2056/4/21,09:00,?9?9?9?9E0?9?9?9?9*9?9*9?9?9?9?9?9?9*9*_?9*9*9?9?9,34.4,29.1,74,100786,9999,9999,482,385,197,267,999900,999900,999900,99990,200,0.3,8,8,999.0,999,9,'999999999,0,0.0000,0,88,999.000,0.0,1.0
2056/4/21,10:00,?9?9?9?9E0?9?9?9?9*9?9*9?9?9?9?9?9?9*9*_?9*9*9?9?9,35.5,27.1,62,100786,9999,9999,486,539,235,355,999900,999900,999900,99990,200,0.4,8,8,999.0,999,9,'999999999,0,0.0000,0,88,999.000,0.0,1.0
2056/4/21,11:00,?9?9?9?9E0?9?9?9?9*9?9*9?9?9?9?9?9?9*9*_?9*9*9?9?9,36.3,26.7,58,100786,9999,9999,490,654,254,422,999900,999900,999900,99990,200,0.6,8,8,999.0,999,9,'999999999,0,0.0000,0,88,999.000,0.0,1.0
2056/4/21,12:00,?9?9?9?9E0?9?9?9?9*9?9*9?9?9?9?9?9?9*9*_?9*9*9?9?9,36.3,26.7,58,100686,9999,9999,490,707,246,464,999900,999900,999900,99990,180,0.9,8,8,999.0,999,9,'999999999,0,0.0000,0,88,999.000,0.0,1.0
2056/4/21,13:00,?9?9?9?9E0?9?9?9?9*9?9*9?9?9?9?9?9?9*9*_?9*9*9?9?9,36.3,26.7,58,100586,9999,9999,483,781,333,450,999900,999900,999900,99990,180,0.8,7,7,999.0,999,9,'999999999,0,0.0000,0,88,999.000,0.0,1.0
2056/4/21,14:00,?9?9?9?9E0?9?9?9?9*9?9*9?9?9?9?9?9?9*9*_?9*9*9?9?9,36.2,26.6,58,100486,9999,9999,476,783,434,375,999900,999900,999900,99990,180,1.0,6,6,999.0,999,9,'999999999,0,0.0000,0,88,999.000,0.0,1.0
2056/4/21,15:00,?9?9?9?9E0?9?9?9?9*9?9*9?9?9?9?9?9?9*9*_?9*9*9?9?9,35.8,26.3,58,100486,9999,9999,469,699,480,305,999900,999900,999900,99990,120,0.8,5,5,999.0,999,9,'999999999,0,0.0000,0,88,999.000,0.0,1.0
2056/4/21,16:00,?9?9?9?9E0?9?9?9?9*9?9*9?9?9?9?9?9?9*9*_?9*9*9?9?9,34.8,26.7,63,100386,9999,9999,464,505,379,257,999900,999900,999900,99990,140,0.7,5,5,999.0,999,9,'999999999,0,0.0000,0,88,999.000,0.0,1.0
2056/4/21,17:00,?9?9?9?9E0?9?9?9?9*9?9*9?9?9?9?9?9?9*9*_?9*9*9?9?9,34.1,27.4,68,100386,9999,9999,460,307,272,187,999900,999900,999900,99990,140,0.9,5,5,999.0,999,9,'999999999,0,0.0000,0,88,999.000,0.0,1.0
2056/4/21,18:00,?9?9?9?9E0?9?9?9?9*9?9*9?9?9?9?9?9?9*9*_?9*9*9?9?9,33.0,28.7,78,100386,9999,9999,456,107,112,84,999900,999900,999900,99990,140,0.5,5,5,999.0,999,9,'999999999,0,0.0000,0,88,999.000,0.0,1.0
2056/4/21,19:00,?9?9?9?9E0?9?9?9?9*9?9*9?9?9?9?9?9?9*9*_?9*9*9?9?9,32.4,28.3,79,100486,9999,9999,468,5,0,5,999900,999900,999900,99990,130,0.3,8,8,999.0,999,9,'999999999,0,0.0000,0,88,999.000,0.0,1.0
2056/4/21,20:00,?9?9?9?9E0?9?9?9?9*9?9*9?9?9?9?9?9?9*9*_?9*9*9?9?9,32.2,28.1,79,100586,9999,9999,450,0,0,0,999900,999900,999900,99990,140,0.3,5,5,999.0,999,9,'999999999,0,0.0000,0,88,999.000,0.0,1.0
2056/4/21,21:00,?9?9?9?9E0?9?9?9?9*9?9*9?9?9?9?9?9?9*9*_?9*9*9?9?9,31.9,28.0,80,100686,9999,9999,448,0,0,0,999900,999900,999900,99990,140,0.0,5,5,999.0,999,9,'999999999,0,0.0000,0,88,999.000,0.0,1.0
2056/4/21,22:00,?9?9?9?9E0?9?9?9?9*9?9*9?9?9?9?9?9?9*9*_?9*9*9?9?9,31.8,27.7,79,100686,9999,9999,447,0,0,0,999900,999900,999900,99990,140,0.0,5,5,999.0,999,9,'999999999,0,0.0000,0,88,999.000,0.0,1.0
2056/4/21,23:00,?9?9?9?9E0?9?9?9?9*9?9*9?9?9?9?9?9?9*9*_?9*9*9?9?9,31.5,27.4,79,100686,9999,9999,438,0,0,0,999900,999900,999900,99990,160,0.0,3,3,999.0,999,9,'999999999,0,0.0000,0,88,999.000,0.0,1.0
2056/4/21,24:00,?9?9?9?9E0?9?9?9?9*9?9*9?9?9?9?9?9?9*9*_?9*9*9?9?9,31.2,27.8,82,100586,9999,9999,437,0,0,0,999900,999900,999900,99990,160,0.0,3,3,999.0,999,9,'999999999,0,0.0000,0,88,999.000,0.0,1.0
2056/4/22,01:00,?9?9?9?9E0?9?9?9?9*9?9*9?9?9?9?9?9?9*9*_?9*9*9?9?9,30.9,27.7,83,100586,9999,9999,442,0,0,0,999900,999900,999900,99990,140,0.0,5,5,999.0,999,9,'999999999,0,0.0000,0,88,999.000,0.0,1.0
2056/4/22,02:00,?9?9?9?9E0?9?9?9?9*9?9*9?9?9?9?9?9?9*9*_?9*9*9?9?9,30.7,27.5,83,100486,9999,9999,440,0,0,0,999900,999900,999900,99990,140,0.0,5,5,999.0,999,9,'999999999,0,0.0000,0,88,999.000,0.0,1.0
2056/4/22,03:00,?9?9?9?9E0?9?9?9?9*9?9*9?9?9?9?9?9?9*9*_?9*9*9?9?9,30.2,27.0,83,100486,9999,9999,437,0,0,0,999900,999900,999900,99990,140,0.0,5,5,999.0,999,9,'999999999,0,0.0000,0,88,999.000,0.0,1.0
2056/4/22,04:00,?9?9?9?9E0?9?9?9?9*9?9*9?9?9?9?9?9?9*9*_?9*9*9?9?9,29.9,26.7,83,100486,9999,9999,439,0,0,0,999900,999900,999900,99990,140,0.0,6,6,999.0,999,9,'999999999,0,0.0000,0,88,999.000,0.0,1.0
2056/4/22,05:00,?9?9?9?9E0?9?9?9?9*9?9*9?9?9?9?9?9?9*9*_?9*9*9?9?9,29.8,26.8,84,100586,9999,9999,438,0,0,0,999900,999900,999900,99990,140,0.0,6,6,999.0,999,9,'999999999,0,0.0000,0,88,999.000,0.0,1.0
2056/4/22,06:00,?9?9?9?9E0?9?9?9?9*9?9*9?9?9?9?9?9?9*9*_?9*9*9?9?9,29.9,26.9,84,100686,9999,9999,439,0,0,0,999900,999900,999900,99990,140,0.0,6,6,999.0,999,9,'999999999,0,0.0000,0,88,999.000,0.0,1.0
2056/4/22,07:00,?9?9?9?9E0?9?9?9?9*9?9*9?9?9?9?9?9?9*9*_?9*9*9?9?9,30.1,27.1,84,100786,9999,9999,440,66,90,54,999900,999900,999900,99990,140,0.0,6,6,999.0,999,9,'999999999,0,0.0000,0,88,999.000,0.0,1.0
2056/4/22,08:00,?9?9?9?9E0?9?9?9?9*9?9*9?9?9?9?9?9?9*9*_?9*9*9?9?9,31.8,28.6,83,100886,9999,9999,458,227,172,161,999900,999900,999900,99990,140,0.0,7,7,999.0,999,9,'999999999,0,0.0000,0,88,999.000,0.0,1.0
2056/4/22,09:00,?9?9?9?9E0?9?9?9?9*9?9*9?9?9?9?9?9?9*9*_?9*9*9?9?9,33.7,28.9,76,100986,9999,9999,470,428,295,251,999900,999900,999900,99990,140,0.0,7,7,999.0,999,9,'999999999,0,0.0000,0,88,999.000,0.0,1.0
2056/4/22,10:00,?9?9?9?9E0?9?9?9?9*9?9*9?9?9?9?9?9?9*9*_?9*9*9?9?9,34.9,29.6,74,100986,9999,9999,478,564,305,325,999900,999900,999900,99990,140,0.2,7,7,999.0,999,9,'999999999,0,0.0000,0,88,999.000,0.0,1.0
2056/4/22,11:00,?9?9?9?9E0?9?9?9?9*9?9*9?9?9?9?9?9?9*9*_?9*9*9?9?9,35.5,30.2,74,100886,9999,9999,477,729,405,359,999900,999900,999900,99990,140,0.5,6,6,999.0,999,9,'999999999,0,0.0000,0,88,999.000,0.0,1.0
2056/4/22,12:00,?9?9?9?9E0?9?9?9?9*9?9*9?9?9?9?9?9?9*9*_?9*9*9?9?9,36.1,26.5,58,100886,9999,9999,471,894,570,331,999900,999900,999900,99990,90,0.6,5,5,999.0,999,9,'999999999,0,0.0000,0,88,999.000,0.0,1.0
2056/4/22,13:00,?9?9?9?9E0?9?9?9?9*9?9*9?9?9?9?9?9?9*9*_?9*9*9?9?9,36.1,26.5,58,100786,9999,9999,468,939,642,300,999900,999900,999900,99990,90,1.0,4,4,999.0,999,9,'999999999,0,0.0000,0,88,999.000,0.0,1.0
2056/4/22,14:00,?9?9?9?9E0?9?9?9?9*9?9*9?9?9?9?9?9?9*9*_?9*9*9?9?9,35.7,26.2,58,100686,9999,9999,461,897,685,253,999900,999900,999900,99990,90,0.7,3,3,999.0,999,9,'999999999,0,0.0000,0,88,999.000,0.0,1.0
2056/4/22,15:00,?9?9?9?9E0?9?9?9?9*9?9*9?9?9?9?9?9?9*9*_?9*9*9?9?9,35.6,26.1,58,100686,9999,9999,450,778,680,219,999900,999900,999900,99990,110,0.6,1,1,999.0,999,9,'999999999,0,0.0000,0,88,999.000,0.0,1.0
2056/4/22,16:00,?9?9?9?9E0?9?9?9?9*9?9*9?9?9?9?9?9?9*9*_?9*9*9?9?9,35.1,27.0,63,100586,9999,9999,462,531,480,218,999900,999900,999900,99990,130,0.6,4,4,999.0,999,9,'999999999,0,0.0000,0,88,999.000,0.0,1.0
2056/4/22,17:00,?9?9?9?9E0?9?9?9?9*9?9*9?9?9?9?9?9?9*9*_?9*9*9?9?9,34.2,27.2,67,100586,9999,9999,454,338,399,162,999900,999900,999900,99990,120,0.6,3,3,999.0,999,9,'999999999,0,0.0000,0,88,999.000,0.0,1.0
2056/4/22,18:00,?9?9?9?9E0?9?9?9?9*9?9*9?9?9?9?9?9?9*9*_?9*9*9?9?9,33.2,27.7,73,100586,9999,9999,448,124,197,84,999900,999900,999900,99990,140,0.4,3,3,999.0,999,9,'999999999,0,0.0000,0,88,999.000,0.0,1.0
2056/4/22,19:00,?9?9?9?9E0?9?9?9?9*9?9*9?9?9?9?9?9?9*9*_?9*9*9?9?9,32.6,28.5,79,100686,9999,9999,436,5,0,5,999900,999900,999900,99990,140,0.0,1,1,999.0,999,9,'999999999,0,0.0000,0,88,999.000,0.0,1.0
2056/4/22,20:00,?9?9?9?9E0?9?9?9?9*9?9*9?9?9?9?9?9?9*9*_?9*9*9?9?9,32.3,28.2,79,100686,9999,9999,440,0,0,0,999900,999900,999900,99990,150,0.0,2,2,999.0,999,9,'999999999,0,0.0000,0,88,999.000,0.0,1.0
2056/4/22,21:00,?9?9?9?9E0?9?9?9?9*9?9*9?9?9?9?9?9?9*9*_?9*9*9?9?9,31.9,28.0,80,100786,9999,9999,437,0,0,0,999900,999900,999900,99990,140,0.2,2,2,999.0,999,9,'999999999,0,0.0000,0,88,999.000,0.0,1.0
2056/4/22,22:00,?9?9?9?9E0?9?9?9?9*9?9*9?9?9?9?9?9?9*9*_?9*9*9?9?9,31.8,28.1,81,100786,9999,9999,437,0,0,0,999900,999900,999900,99990,150,0.2,2,2,999.0,999,9,'999999999,0,0.0000,0,88,999.000,0.0,1.0
2056/4/22,23:00,?9?9?9?9E0?9?9?9?9*9?9*9?9?9?9?9?9?9*9*_?9*9*9?9?9,31.7,28.0,81,100786,9999,9999,436,0,0,0,999900,999900,999900,99990,150,0.1,2,2,999.0,999,9,'999999999,0,0.0000,0,88,999.000,0.0,1.0
2056/4/22,24:00,?9?9?9?9E0?9?9?9?9*9?9*9?9?9?9?9?9?9*9*_?9*9*9?9?9,31.2,27.8,82,100786,9999,9999,427,0,0,0,999900,999900,999900,99990,140,0.2,1,1,999.0,999,9,'999999999,0,0.0000,0,88,999.000,0.0,1.0
2056/4/23,01:00,?9?9?9?9E0?9?9?9?9*9?9*9?9?9?9?9?9?9*9*_?9*9*9?9?9,30.9,27.5,82,100686,9999,9999,425,0,0,0,999900,999900,999900,99990,170,0.0,1,1,999.0,999,9,'999999999,0,0.0000,0,88,999.000,0.0,1.0
2056/4/23,02:00,?9?9?9?9E0?9?9?9?9*9?9*9?9?9?9?9?9?9*9*_?9*9*9?9?9,30.7,27.3,82,100686,9999,9999,423,0,0,0,999900,999900,999900,99990,170,0.0,1,1,999.0,999,9,'999999999,0,0.0000,0,88,999.000,0.0,1.0
2056/4/23,03:00,?9?9?9?9E0?9?9?9?9*9?9*9?9?9?9?9?9?9*9*_?9*9*9?9?9,30.2,26.8,82,100586,9999,9999,420,0,0,0,999900,999900,999900,99990,170,0.0,1,1,999.0,999,9,'999999999,0,0.0000,0,88,999.000,0.0,1.0
2056/4/23,04:00,?9?9?9?9E0?9?9?9?9*9?9*9?9?9?9?9?9?9*9*_?9*9*9?9?9,29.7,26.5,83,100686,9999,9999,417,0,0,0,999900,999900,999900,99990,170,0.0,1,1,999.0,999,9,'999999999,0,0.0000,0,88,999.000,0.0,1.0
2056/4/23,05:00,?9?9?9?9E0?9?9?9?9*9?9*9?9?9?9?9?9?9*9*_?9*9*9?9?9,29.7,26.5,83,100686,9999,9999,423,0,0,0,999900,999900,999900,99990,170,0.0,2,2,999.0,999,9,'999999999,0,0.0000,0,88,999.000,0.0,1.0
2056/4/23,06:00,?9?9?9?9E0?9?9?9?9*9?9*9?9?9?9?9?9?9*9*_?9*9*9?9?9,29.6,27.8,90,100786,9999,9999,428,0,0,0,999900,999900,999900,99990,230,0.0,3,3,999.0,999,9,'999999999,0,0.0000,0,88,999.000,0.0,1.0
2056/4/23,07:00,?9?9?9?9E0?9?9?9?9*9?9*9?9?9?9?9?9?9*9*_?9*9*9?9?9,30.4,28.4,89,100786,9999,9999,437,77,167,53,999900,999900,999900,99990,230,0.0,4,4,999.0,999,9,'999999999,0,0.0000,0,88,999.000,0.0,1.0
2056/4/23,08:00,?9?9?9?9E0?9?9?9?9*9?9*9?9?9?9?9?9?9*9*_?9*9*9?9?9,32.0,28.6,82,100886,9999,9999,446,290,407,134,999900,999900,999900,99990,230,0.3,4,4,999.0,999,9,'999999999,0,0.0000,0,88,999.000,0.0,1.0
2056/4/23,09:00,?9?9?9?9E0?9?9?9?9*9?9*9?9?9?9?9?9?9*9*_?9*9*9?9?9,33.0,27.5,73,100986,9999,9999,451,534,619,162,999900,999900,999900,99990,230,0.2,4,4,999.0,999,9,'999999999,0,0.0000,0,88,999.000,0.0,1.0
2056/4/23,10:00,?9?9?9?9E0?9?9?9?9*9?9*9?9?9?9?9?9?9*9*_?9*9*9?9?9,34.7,26.4,62,100986,9999,9999,455,748,726,179,999900,999900,999900,99990,230,0.2,3,3,999.0,999,9,'999999999,0,0.0000,0,88,999.000,0.0,1.0
2056/4/23,11:00,?9?9?9?9E0?9?9?9?9*9?9*9?9?9?9?9?9?9*9*_?9*9*9?9?9,36.1,25.9,56,100986,9999,9999,463,898,759,204,999900,999900,999900,99990,190,0.3,3,3,999.0,999,9,'999999999,0,0.0000,0,88,999.000,0.0,1.0
2056/4/23,12:00,?9?9?9?9E0?9?9?9?9*9?9*9?9?9?9?9?9?9*9*_?9*9*9?9?9,36.0,25.9,56,100886,9999,9999,463,969,746,233,999900,999900,999900,99990,180,1.0,3,3,999.0,999,9,'999999999,0,0.0000,0,88,999.000,0.0,1.0
2056/4/23,13:00,?9?9?9?9E0?9?9?9?9*9?9*9?9?9?9?9?9?9*9*_?9*9*9?9?9,36.1,25.9,56,100886,9999,9999,459,993,768,228,999900,999900,999900,99990,200,1.1,2,2,999.0,999,9,'999999999,0,0.0000,0,88,999.000,0.0,1.0
2056/4/23,14:00,?9?9?9?9E0?9?9?9?9*9?9*9?9?9?9?9?9?9*9*_?9*9*9?9?9,35.5,25.4,56,100786,9999,9999,448,932,776,204,999900,999900,999900,99990,200,0.8,1,1,999.0,999,9,'999999999,0,0.0000,0,88,999.000,0.0,1.0
2056/4/23,15:00,?9?9?9?9E0?9?9?9?9*9?9*9?9?9?9?9?9?9*9*_?9*9*9?9?9,35.8,26.0,57,100686,9999,9999,442,775,708,193,999900,999900,999900,99990,140,0.7,0,0,999.0,999,9,'999999999,0,0.0000,0,88,999.000,0.0,1.0
2056/4/23,16:00,?9?9?9?9E0?9?9?9?9*9?9*9?9?9?9?9?9?9*9*_?9*9*9?9?9,35.2,25.4,57,100586,9999,9999,438,577,623,171,999900,999900,999900,99990,140,0.6,0,0,999.0,999,9,'999999999,0,0.0000,0,88,999.000,0.0,1.0
2056/4/23,17:00,?9?9?9?9E0?9?9?9?9*9?9*9?9?9?9?9?9?9*9*_?9*9*9?9?9,33.9,24.5,58,100586,9999,9999,444,361,516,134,999900,999900,999900,99990,160,0.5,2,2,999.0,999,9,'999999999,0,0.0000,0,88,999.000,0.0,1.0
2056/4/23,18:00,?9?9?9?9E0?9?9?9?9*9?9*9?9?9?9?9?9?9*9*_?9*9*9?9?9,32.6,25.4,66,100586,9999,9999,432,136,283,79,999900,999900,999900,99990,140,0.5,1,1,999.0,999,9,'999999999,0,0.0000,0,88,999.000,0.0,1.0
2056/4/23,19:00,?9?9?9?9E0?9?9?9?9*9?9*9?9?9?9?9?9?9*9*_?9*9*9?9?9,31.9,26.5,73,100586,9999,9999,435,5,0,5,999900,999900,999900,99990,150,0.0,2,2,999.0,999,9,'999999999,0,0.0000,0,88,999.000,0.0,1.0
2056/4/23,20:00,?9?9?9?9E0?9?9?9?9*9?9*9?9?9?9?9?9?9*9*_?9*9*9?9?9,31.6,27.3,78,100686,9999,9999,439,0,0,0,999900,999900,999900,99990,150,0.0,3,3,999.0,999,9,'999999999,0,0.0000,0,88,999.000,0.0,1.0
2056/4/23,21:00,?9?9?9?9E0?9?9?9?9*9?9*9?9?9?9?9?9?9*9*_?9*9*9?9?9,31.4,27.3,79,100786,9999,9999,438,0,0,0,999900,999900,999900,99990,140,0.0,3,3,999.0,999,9,'999999999,0,0.0000,0,88,999.000,0.0,1.0
2056/4/23,22:00,?9?9?9?9E0?9?9?9?9*9?9*9?9?9?9?9?9?9*9*_?9*9*9?9?9,31.1,27.3,80,100786,9999,9999,431,0,0,0,999900,999900,999900,99990,140,0.0,2,2,999.0,999,9,'999999999,0,0.0000,0,88,999.000,0.0,1.0
2056/4/23,23:00,?9?9?9?9E0?9?9?9?9*9?9*9?9?9?9?9?9?9*9*_?9*9*9?9?9,30.7,27.3,82,100786,9999,9999,429,0,0,0,999900,999900,999900,99990,140,0.0,2,2,999.0,999,9,'999999999,0,0.0000,0,88,999.000,0.0,1.0
2056/4/23,24:00,?9?9?9?9E0?9?9?9?9*9?9*9?9?9?9?9?9?9*9*_?9*9*9?9?9,30.2,27.2,84,100686,9999,9999,421,0,0,0,999900,999900,999900,99990,160,0.0,1,1,999.0,999,9,'999999999,0,0.0000,0,88,999.000,0.0,1.0
2056/4/24,01:00,?9?9?9?9E0?9?9?9?9*9?9*9?9?9?9?9?9?9*9*_?9*9*9?9?9,29.7,26.7,84,100586,9999,9999,417,0,0,0,999900,999900,999900,99990,160,0.0,1,1,999.0,999,9,'999999999,0,0.0000,0,88,999.000,0.0,1.0
2056/4/24,02:00,?9?9?9?9E0?9?9?9?9*9?9*9?9?9?9?9?9?9*9*_?9*9*9?9?9,29.4,26.4,84,100586,9999,9999,415,0,0,0,999900,999900,999900,99990,160,0.0,1,1,999.0,999,9,'999999999,0,0.0000,0,88,999.000,0.0,1.0
2056/4/24,03:00,?9?9?9?9E0?9?9?9?9*9?9*9?9?9?9?9?9?9*9*_?9*9*9?9?9,29.0,26.0,84,100586,9999,9999,413,0,0,0,999900,999900,999900,99990,160,0.0,1,1,999.0,999,9,'999999999,0,0.0000,0,88,999.000,0.0,1.0
2056/4/24,04:00,?9?9?9?9E0?9?9?9?9*9?9*9?9?9?9?9?9?9*9*_?9*9*9?9?9,28.7,25.7,84,100586,9999,9999,416,0,0,0,999900,999900,999900,99990,160,0.0,2,2,999.0,999,9,'999999999,0,0.0000,0,88,999.000,0.0,1.0
2056/4/24,05:00,?9?9?9?9E0?9?9?9?9*9?9*9?9?9?9?9?9?9*9*_?9*9*9?9?9,28.5,26.1,87,100586,9999,9999,416,0,0,0,999900,999900,999900,99990,160,0.0,2,2,999.0,999,9,'999999999,0,0.0000,0,88,999.000,0.0,1.0
2056/4/24,06:00,?9?9?9?9E0?9?9?9?9*9?9*9?9?9?9?9?9?9*9*_?9*9*9?9?9,28.2,26.8,92,100686,9999,9999,415,0,0,0,999900,999900,999900,99990,160,0.0,2,2,999.0,999,9,'999999999,0,0.0000,0,88,999.000,0.0,1.0
2056/4/24,07:00,?9?9?9?9E0?9?9?9?9*9?9*9?9?9?9?9?9?9*9*_?9*9*9?9?9,29.6,28.0,91,100686,9999,9999,428,82,199,54,999900,999900,999900,99990,160,0.0,3,3,999.0,999,9,'999999999,0,0.0000,0,88,999.000,0.0,1.0
2056/4/24,08:00,?9?9?9?9E0?9?9?9?9*9?9*9?9?9?9?9?9?9*9*_?9*9*9?9?9,31.7,29.3,87,100786,9999,9999,442,293,429,128,999900,999900,999900,99990,160,0.2,3,3,999.0,999,9,'999999999,0,0.0000,0,88,999.000,0.0,1.0
2056/4/24,09:00,?9?9?9?9E0?9?9?9?9*9?9*9?9?9?9?9?9?9*9*_?9*9*9?9?9,33.6,27.6,71,100886,9999,9999,451,550,672,145,999900,999900,999900,99990,180,0.4,3,3,999.0,999,9,'999999999,0,0.0000,0,88,999.000,0.0,1.0
2056/4/24,10:00,?9?9?9?9E0?9?9?9?9*9?9*9?9?9?9?9?9?9*9*_?9*9*9?9?9,35.1,25.6,58,100886,9999,9999,457,769,781,157,999900,999900,999900,99990,180,4.4,3,3,999.0,999,9,'999999999,0,0.0000,0,88,999.000,0.0,1.0
2056/4/24,11:00,?9?9?9?9E0?9?9?9?9*9?9*9?9?9?9?9?9?9*9*_?9*9*9?9?9,36.6,26.4,56,100786,9999,9999,467,922,817,174,999900,999900,999900,99990,200,6.5,3,3,999.0,999,9,'999999999,0,0.0000,0,88,999.000,0.0,1.0
2056/4/24,12:00,?9?9?9?9E0?9?9?9?9*9?9*9?9?9?9?9?9?9*9*_?9*9*9?9?9,38.0,22.9,42,100786,9999,9999,460,1049,891,170,999900,999900,999900,99990,180,4.3,1,1,999.0,999,9,'999999999,0,0.0000,0,88,999.000,0.0,1.0
2056/4/24,13:00,?9?9?9?9E0?9?9?9?9*9?9*9?9?9?9?9?9?9*9*_?9*9*9?9?9,38.3,22.7,41,100586,9999,9999,452,1044,870,179,999900,999900,999900,99990,180,3.0,0,0,999.0,999,9,'999999999,0,0.0000,0,88,999.000,0.0,1.0
2056/4/24,14:00,?9?9?9?9E0?9?9?9?9*9?9*9?9?9?9?9?9?9*9*_?9*9*9?9?9,38.0,22.9,42,100486,9999,9999,451,973,863,163,999900,999900,999900,99990,180,3.4,0,0,999.0,999,9,'999999999,0,0.0000,0,88,999.000,0.0,1.0
2056/4/24,15:00,?9?9?9?9E0?9?9?9?9*9?9*9?9?9?9?9?9?9*9*_?9*9*9?9?9,37.5,23.6,45,100486,9999,9999,449,824,819,151,999900,999900,999900,99990,160,3.9,0,0,999.0,999,9,'999999999,0,0.0000,0,88,999.000,0.0,1.0
2056/4/24,16:00,?9?9?9?9E0?9?9?9?9*9?9*9?9?9?9?9?9?9*9*_?9*9*9?9?9,36.2,26.0,56,100386,9999,9999,453,598,693,146,999900,999900,999900,99990,160,4.3,1,1,999.0,999,9,'999999999,0,0.0000,0,88,999.000,0.0,1.0
2056/4/24,17:00,?9?9?9?9E0?9?9?9?9*9?9*9?9?9?9?9?9?9*9*_?9*9*9?9?9,35.0,24.9,56,100386,9999,9999,445,378,591,117,999900,999900,999900,99990,160,4.3,1,1,999.0,999,9,'999999999,0,0.0000,0,88,999.000,0.0,1.0
2056/4/24,18:00,?9?9?9?9E0?9?9?9?9*9?9*9?9?9?9?9?9?9*9*_?9*9*9?9?9,33.6,26.9,68,100386,9999,9999,439,139,313,75,999900,999900,999900,99990,160,4.3,1,1,999.0,999,9,'999999999,0,0.0000,0,88,999.000,0.0,1.0
2056/4/24,19:00,?9?9?9?9E0?9?9?9?9*9?9*9?9?9?9?9?9?9*9*_?9*9*9?9?9,32.6,28.3,78,100386,9999,9999,435,5,0,5,999900,999900,999900,99990,160,4.3,1,1,999.0,999,9,'999999999,0,0.0000,0,88,999.000,0.0,1.0
2056/4/24,20:00,?9?9?9?9E0?9?9?9?9*9?9*9?9?9?9?9?9?9*9*_?9*9*9?9?9,32.2,27.9,78,100486,9999,9999,439,0,0,0,999900,999900,999900,99990,150,4.3,2,2,999.0,999,9,'999999999,0,0.0000,0,88,999.000,0.0,1.0
2056/4/24,21:00,?9?9?9?9E0?9?9?9?9*9?9*9?9?9?9?9?9?9*9*_?9*9*9?9?9,31.9,27.6,78,100486,9999,9999,431,0,0,0,999900,999900,999900,99990,140,6.1,1,1,999.0,999,9,'999999999,0,0.0000,0,88,999.000,0.0,1.0
2056/4/24,22:00,?9?9?9?9E0?9?9?9?9*9?9*9?9?9?9?9?9?9*9*_?9*9*9?9?9,31.7,27.4,78,100486,9999,9999,421,0,0,0,999900,999900,999900,99990,140,0.0,0,0,999.0,999,9,'999999999,0,0.0000,0,88,999.000,0.0,1.0
2056/4/24,23:00,?9?9?9?9E0?9?9?9?9*9?9*9?9?9?9?9?9?9*9*_?9*9*9?9?9,30.3,26.7,81,100586,9999,9999,413,0,0,0,999900,999900,999900,99990,140,0.0,0,0,999.0,999,9,'999999999,0,0.0000,0,88,999.000,0.0,1.0
2056/4/24,24:00,?9?9?9?9E0?9?9?9?9*9?9*9?9?9?9?9?9?9*9*_?9*9*9?9?9,30.7,27.5,83,100486,9999,9999,416,0,0,0,999900,999900,999900,99990,140,0.0,0,0,999.0,999,9,'999999999,0,0.0000,0,88,999.000,0.0,1.0
2056/4/25,01:00,?9?9?9?9E0?9?9?9?9*9?9*9?9?9?9?9?9?9*9*_?9*9*9?9?9,30.4,27.2,83,100486,9999,9999,414,0,0,0,999900,999900,999900,99990,140,0.0,0,0,999.0,999,9,'999999999,0,0.0000,0,88,999.000,0.0,1.0
2056/4/25,02:00,?9?9?9?9E0?9?9?9?9*9?9*9?9?9?9?9?9?9*9*_?9*9*9?9?9,30.0,26.8,83,100486,9999,9999,411,0,0,0,999900,999900,999900,99990,140,0.0,0,0,999.0,999,9,'999999999,0,0.0000,0,88,999.000,0.0,1.0
2056/4/25,03:00,?9?9?9?9E0?9?9?9?9*9?9*9?9?9?9?9?9?9*9*_?9*9*9?9?9,29.6,26.6,84,100486,9999,9999,409,0,0,0,999900,999900,999900,99990,140,0.0,0,0,999.0,999,9,'999999999,0,0.0000,0,88,999.000,0.0,1.0
2056/4/25,04:00,?9?9?9?9E0?9?9?9?9*9?9*9?9?9?9?9?9?9*9*_?9*9*9?9?9,29.0,26.0,84,100486,9999,9999,405,0,0,0,999900,999900,999900,99990,140,0.0,0,0,999.0,999,9,'999999999,0,0.0000,0,88,999.000,0.0,1.0
2056/4/25,05:00,?9?9?9?9E0?9?9?9?9*9?9*9?9?9?9?9?9?9*9*_?9*9*9?9?9,28.8,25.8,84,100486,9999,9999,403,0,0,0,999900,999900,999900,99990,140,0.0,0,0,999.0,999,9,'999999999,0,0.0000,0,88,999.000,0.0,1.0
2056/4/25,06:00,?9?9?9?9E0?9?9?9?9*9?9*9?9?9?9?9?9?9*9*_?9*9*9?9?9,28.5,26.9,91,100586,9999,9999,403,0,0,0,999900,999900,999900,99990,140,0.0,0,0,999.0,999,9,'999999999,0,0.0000,0,88,999.000,0.0,1.0
2056/4/25,07:00,?9?9?9?9E0?9?9?9?9*9?9*9?9?9?9?9?9?9*9*_?9*9*9?9?9,30.1,28.5,91,100586,9999,9999,422,87,219,55,999900,999900,999900,99990,140,0.0,1,1,999.0,999,9,'999999999,0,0.0000,0,88,999.000,0.0,1.0
2056/4/25,08:00,?9?9?9?9E0?9?9?9?9*9?9*9?9?9?9?9?9?9*9*_?9*9*9?9?9,32.0,29.8,88,100586,9999,9999,444,294,416,134,999900,999900,999900,99990,140,0.5,3,3,999.0,999,9,'999999999,0,0.0000,0,88,999.000,0.0,1.0
2056/4/25,09:00,?9?9?9?9E0?9?9?9?9*9?9*9?9?9?9?9?9?9*9*_?9*9*9?9?9,33.6,28.3,74,100686,9999,9999,455,528,595,169,999900,999900,999900,99990,200,0.6,4,4,999.0,999,9,'999999999,0,0.0000,0,88,999.000,0.0,1.0
2056/4/25,10:00,?9?9?9?9E0?9?9?9?9*9?9*9?9?9?9?9?9?9*9*_?9*9*9?9?9,35.4,26.7,61,100686,9999,9999,464,725,671,198,999900,999900,999900,99990,200,0.5,4,4,999.0,999,9,'999999999,0,0.0000,0,88,999.000,0.0,1.0
2056/4/25,11:00,?9?9?9?9E0?9?9?9?9*9?9*9?9?9?9?9?9?9*9*_?9*9*9?9?9,36.3,25.8,55,100686,9999,9999,468,875,713,222,999900,999900,999900,99990,200,0.6,4,4,999.0,999,9,'999999999,0,0.0000,0,88,999.000,0.0,1.0
2056/4/25,12:00,?9?9?9?9E0?9?9?9?9*9?9*9?9?9?9?9?9?9*9*_?9*9*9?9?9,37.2,26.3,54,100686,9999,9999,470,972,748,233,999900,999900,999900,99990,160,0.7,3,3,999.0,999,9,'999999999,0,0.0000,0,88,999.000,0.0,1.0
2056/4/25,13:00,?9?9?9?9E0?9?9?9?9*9?9*9?9?9?9?9?9?9*9*_?9*9*9?9?9,37.0,26.5,55,100586,9999,9999,465,995,772,227,999900,999900,999900,99990,160,1.1,2,2,999.0,999,9,'999999999,0,0.0000,0,88,999.000,0.0,1.0
2056/4/25,14:00,?9?9?9?9E0?9?9?9?9*9?9*9?9?9?9?9?9?9*9*_?9*9*9?9?9,36.5,26.0,55,100486,9999,9999,455,931,776,202,999900,999900,999900,99990,160,0.9,1,1,999.0,999,9,'999999999,0,0.0000,0,88,999.000,0.0,1.0
2056/4/25,15:00,?9?9?9?9E0?9?9?9?9*9?9*9?9?9?9?9?9?9*9*_?9*9*9?9?9,36.0,25.5,55,100386,9999,9999,443,786,731,185,999900,999900,999900,99990,140,0.8,0,0,999.0,999,9,'999999999,0,0.0000,0,88,999.000,0.0,1.0
2056/4/25,16:00,?9?9?9?9E0?9?9?9?9*9?9*9?9?9?9?9?9?9*9*_?9*9*9?9?9,35.2,25.1,56,100386,9999,9999,438,584,641,166,999900,999900,999900,99990,140,1.1,0,0,999.0,999,9,'999999999,0,0.0000,0,88,999.000,0.0,1.0
2056/4/25,17:00,?9?9?9?9E0?9?9?9?9*9?9*9?9?9?9?9?9?9*9*_?9*9*9?9?9,34.2,26.2,63,100386,9999,9999,434,356,496,137,999900,999900,999900,99990,140,0.6,0,0,999.0,999,9,'999999999,0,0.0000,0,88,999.000,0.0,1.0
2056/4/25,18:00,?9?9?9?9E0?9?9?9?9*9?9*9?9?9?9?9?9?9*9*_?9*9*9?9?9,32.9,27.4,73,100386,9999,9999,428,130,244,80,999900,999900,999900,99990,140,0.6,0,0,999.0,999,9,'999999999,0,0.0000,0,88,999.000,0.0,1.0
2056/4/25,19:00,?9?9?9?9E0?9?9?9?9*9?9*9?9?9?9?9?9?9*9*_?9*9*9?9?9,32.2,27.4,76,100486,9999,9999,438,5,0,5,999900,999900,999900,99990,150,0.7,2,2,999.0,999,9,'999999999,0,0.0000,0,88,999.000,0.0,1.0
2056/4/25,20:00,?9?9?9?9E0?9?9?9?9*9?9*9?9?9?9?9?9?9*9*_?9*9*9?9?9,31.8,27.1,76,100486,9999,9999,439,0,0,0,999900,999900,999900,99990,150,0.4,3,3,999.0,999,9,'999999999,0,0.0000,0,88,999.000,0.0,1.0
2056/4/25,21:00,?9?9?9?9E0?9?9?9?9*9?9*9?9?9?9?9?9?9*9*_?9*9*9?9?9,31.5,27.0,77,100586,9999,9999,428,0,0,0,999900,999900,999900,99990,140,0.0,1,1,999.0,999,9,'999999999,0,0.0000,0,88,999.000,0.0,1.0
2056/4/25,22:00,?9?9?9?9E0?9?9?9?9*9?9*9?9?9?9?9?9?9*9*_?9*9*9?9?9,31.2,26.7,77,100686,9999,9999,418,0,0,0,999900,999900,999900,99990,170,0.2,0,0,999.0,999,9,'999999999,0,0.0000,0,88,999.000,0.0,1.0
2056/4/25,23:00,?9?9?9?9E0?9?9?9?9*9?9*9?9?9?9?9?9?9*9*_?9*9*9?9?9,30.9,26.6,78,100586,9999,9999,416,0,0,0,999900,999900,999900,99990,170,0.2,0,0,999.0,999,9,'999999999,0,0.0000,0,88,999.000,0.0,1.0
2056/4/25,24:00,?9?9?9?9E0?9?9?9?9*9?9*9?9?9?9?9?9?9*9*_?9*9*9?9?9,30.4,26.6,80,100586,9999,9999,413,0,0,0,999900,999900,999900,99990,180,0.2,0,0,999.0,999,9,'999999999,0,0.0000,0,88,999.000,0.0,1.0
2056/4/26,01:00,?9?9?9?9E0?9?9?9?9*9?9*9?9?9?9?9?9?9*9*_?9*9*9?9?9,30.2,26.4,80,100586,9999,9999,412,0,0,0,999900,999900,999900,99990,180,0.1,0,0,999.0,999,9,'999999999,0,0.0000,0,88,999.000,0.0,1.0
2056/4/26,02:00,?9?9?9?9E0?9?9?9?9*9?9*9?9?9?9?9?9?9*9*_?9*9*9?9?9,30.0,26.2,80,100486,9999,9999,410,0,0,0,999900,999900,999900,99990,180,0.0,0,0,999.0,999,9,'999999999,0,0.0000,0,88,999.000,0.0,1.0
2056/4/26,03:00,?9?9?9?9E0?9?9?9?9*9?9*9?9?9?9?9?9?9*9*_?9*9*9?9?9,29.8,26.0,80,100486,9999,9999,409,0,0,0,999900,999900,999900,99990,180,0.0,0,0,999.0,999,9,'999999999,0,0.0000,0,88,999.000,0.0,1.0
2056/4/26,04:00,?9?9?9?9E0?9?9?9?9*9?9*9?9?9?9?9?9?9*9*_?9*9*9?9?9,28.7,24.9,80,100486,9999,9999,402,0,0,0,999900,999900,999900,99990,180,0.0,0,0,999.0,999,9,'999999999,0,0.0000,0,88,999.000,0.0,1.0
2056/4/26,05:00,?9?9?9?9E0?9?9?9?9*9?9*9?9?9?9?9?9?9*9*_?9*9*9?9?9,28.5,24.7,80,100486,9999,9999,401,0,0,0,999900,999900,999900,99990,180,0.0,0,0,999.0,999,9,'999999999,0,0.0000,0,88,999.000,0.0,1.0
2056/4/26,06:00,?9?9?9?9E0?9?9?9?9*9?9*9?9?9?9?9?9?9*9*_?9*9*9?9?9,28.2,24.6,81,100486,9999,9999,399,0,0,0,999900,999900,999900,99990,180,0.0,0,0,999.0,999,9,'999999999,0,0.0000,0,88,999.000,0.0,1.0
2056/4/26,07:00,?9?9?9?9E0?9?9?9?9*9?9*9?9?9?9?9?9?9*9*_?9*9*9?9?9,29.0,25.4,81,100586,9999,9999,404,94,275,54,999900,999900,999900,99990,180,0.0,0,0,999.0,999,9,'999999999,0,0.0000,0,88,999.000,0.0,1.0
2056/4/26,08:00,?9?9?9?9E0?9?9?9?9*9?9*9?9?9?9?9?9?9*9*_?9*9*9?9?9,31.6,27.5,79,100686,9999,9999,429,317,514,118,999900,999900,999900,99990,240,0.2,1,1,999.0,999,9,'999999999,0,0.0000,0,88,999.000,0.0,1.0
2056/4/26,09:00,?9?9?9?9E0?9?9?9?9*9?9*9?9?9?9?9?9?9*9*_?9*9*9?9?9,33.2,27.5,72,100786,9999,9999,444,563,695,142,999900,999900,999900,99990,200,0.4,2,2,999.0,999,9,'999999999,0,0.0000,0,88,999.000,0.0,1.0
2056/4/26,10:00,?9?9?9?9E0?9?9?9?9*9?9*9?9?9?9?9?9?9*9*_?9*9*9?9?9,35.0,28.2,68,100786,9999,9999,455,742,715,180,999900,999900,999900,99990,170,0.6,2,2,999.0,999,9,'999999999,0,0.0000,0,88,999.000,0.0,1.0
2056/4/26,11:00,?9?9?9?9E0?9?9?9?9*9?9*9?9?9?9?9?9?9*9*_?9*9*9?9?9,36.4,26.2,56,100686,9999,9999,465,897,757,204,999900,999900,999900,99990,170,0.4,3,3,999.0,999,9,'999999999,0,0.0000,0,88,999.000,0.0,1.0
2056/4/26,12:00,?9?9?9?9E0?9?9?9?9*9?9*9?9?9?9?9?9?9*9*_?9*9*9?9?9,36.6,26.1,55,100586,9999,9999,466,969,746,232,999900,999900,999900,99990,180,0.6,3,3,999.0,999,9,'999999999,0,0.0000,0,88,999.000,0.0,1.0
2056/4/26,13:00,?9?9?9?9E0?9?9?9?9*9?9*9?9?9?9?9?9?9*9*_?9*9*9?9?9,37.0,26.5,55,100486,9999,9999,469,973,738,239,999900,999900,999900,99990,130,0.8,3,3,999.0,999,9,'999999999,0,0.0000,0,88,999.000,0.0,1.0
2056/4/26,14:00,?9?9?9?9E0?9?9?9?9*9?9*9?9?9?9?9?9?9*9*_?9*9*9?9?9,36.4,25.9,55,100486,9999,9999,460,924,765,206,999900,999900,999900,99990,130,0.6,2,2,999.0,999,9,'999999999,0,0.0000,0,88,999.000,0.0,1.0
2056/4/26,15:00,?9?9?9?9E0?9?9?9?9*9?9*9?9?9?9?9?9?9*9*_?9*9*9?9?9,36.4,25.9,55,100386,9999,9999,454,786,733,184,999900,999900,999900,99990,160,0.9,1,1,999.0,999,9,'999999999,0,0.0000,0,88,999.000,0.0,1.0
2056/4/26,16:00,?9?9?9?9E0?9?9?9?9*9?9*9?9?9?9?9?9?9*9*_?9*9*9?9?9,35.9,25.8,56,100286,9999,9999,457,579,633,166,999900,999900,999900,99990,130,0.7,2,2,999.0,999,9,'999999999,0,0.0000,0,88,999.000,0.0,1.0
2056/4/26,17:00,?9?9?9?9E0?9?9?9?9*9?9*9?9?9?9?9?9?9*9*_?9*9*9?9?9,34.8,25.6,59,100286,9999,9999,445,362,522,132,999900,999900,999900,99990,130,0.4,1,1,999.0,999,9,'999999999,0,0.0000,0,88,999.000,0.0,1.0
2056/4/26,18:00,?9?9?9?9E0?9?9?9?9*9?9*9?9?9?9?9?9?9*9*_?9*9*9?9?9,33.4,26.4,67,100286,9999,9999,429,135,275,79,999900,999900,999900,99990,140,0.4,0,0,999.0,999,9,'999999999,0,0.0000,0,88,999.000,0.0,1.0
2056/4/26,19:00,?9?9?9?9E0?9?9?9?9*9?9*9?9?9?9?9?9?9*9*_?9*9*9?9?9,32.4,27.9,77,100386,9999,9999,426,5,0,5,999900,999900,999900,99990,140,0.3,0,0,999.0,999,9,'999999999,0,0.0000,0,88,999.000,0.0,1.0
2056/4/26,20:00,?9?9?9?9E0?9?9?9?9*9?9*9?9?9?9?9?9?9*9*_?9*9*9?9?9,32.0,27.9,79,100386,9999,9999,432,0,0,0,999900,999900,999900,99990,140,0.3,1,1,999.0,999,9,'999999999,0,0.0000,0,88,999.000,0.0,1.0
2056/4/26,21:00,?9?9?9?9E0?9?9?9?9*9?9*9?9?9?9?9?9?9*9*_?9*9*9?9?9,31.6,28.0,81,100486,9999,9999,435,0,0,0,999900,999900,999900,99990,160,0.2,2,2,999.0,999,9,'999999999,0,0.0000,0,88,999.000,0.0,1.0
2056/4/26,22:00,?9?9?9?9E0?9?9?9?9*9?9*9?9?9?9?9?9?9*9*_?9*9*9?9?9,31.5,27.9,81,100486,9999,9999,434,0,0,0,999900,999900,999900,99990,160,0.1,2,2,999.0,999,9,'999999999,0,0.0000,0,88,999.000,0.0,1.0
2056/4/26,23:00,?9?9?9?9E0?9?9?9?9*9?9*9?9?9?9?9?9?9*9*_?9*9*9?9?9,31.2,27.6,81,100486,9999,9999,432,0,0,0,999900,999900,999900,99990,160,0.1,2,2,999.0,999,9,'999999999,0,0.0000,0,88,999.000,0.0,1.0
2056/4/26,24:00,?9?9?9?9E0?9?9?9?9*9?9*9?9?9?9?9?9?9*9*_?9*9*9?9?9,31.2,28.2,84,100486,9999,9999,427,0,0,0,999900,999900,999900,99990,170,0.0,1,1,999.0,999,9,'999999999,0,0.0000,0,88,999.000,0.0,1.0
2056/4/27,01:00,?9?9?9?9E0?9?9?9?9*9?9*9?9?9?9?9?9?9*9*_?9*9*9?9?9,31.2,28.2,84,100486,9999,9999,427,0,0,0,999900,999900,999900,99990,180,0.0,1,1,999.0,999,9,'999999999,0,0.0000,0,88,999.000,0.0,1.0
2056/4/27,02:00,?9?9?9?9E0?9?9?9?9*9?9*9?9?9?9?9?9?9*9*_?9*9*9?9?9,31.2,28.2,84,100386,9999,9999,433,0,0,0,999900,999900,999900,99990,210,0.0,2,2,999.0,999,9,'999999999,0,0.0000,0,88,999.000,0.0,1.0
2056/4/27,03:00,?9?9?9?9E0?9?9?9?9*9?9*9?9?9?9?9?9?9*9*_?9*9*9?9?9,30.3,27.9,87,100386,9999,9999,432,0,0,0,999900,999900,999900,99990,210,0.0,3,3,999.0,999,9,'999999999,0,0.0000,0,88,999.000,0.0,1.0
2056/4/27,04:00,?9?9?9?9E0?9?9?9?9*9?9*9?9?9?9?9?9?9*9*_?9*9*9?9?9,30.1,27.7,87,100386,9999,9999,434,0,0,0,999900,999900,999900,99990,210,0.0,4,4,999.0,999,9,'999999999,0,0.0000,0,88,999.000,0.0,1.0
2056/4/27,05:00,?9?9?9?9E0?9?9?9?9*9?9*9?9?9?9?9?9?9*9*_?9*9*9?9?9,30.1,27.7,87,100386,9999,9999,434,0,0,0,999900,999900,999900,99990,210,0.0,4,4,999.0,999,9,'999999999,0,0.0000,0,88,999.000,0.0,1.0
2056/4/27,06:00,?9?9?9?9E0?9?9?9?9*9?9*9?9?9?9?9?9?9*9*_?9*9*9?9?9,29.6,27.8,90,100486,9999,9999,431,0,0,0,999900,999900,999900,99990,210,0.0,4,4,999.0,999,9,'999999999,0,0.0000,0,88,999.000,0.0,1.0
2056/4/27,07:00,?9?9?9?9E0?9?9?9?9*9?9*9?9?9?9?9?9?9*9*_?9*9*9?9?9,30.7,28.7,89,100486,9999,9999,442,76,125,58,999900,999900,999900,99990,210,0.0,5,5,999.0,999,9,'999999999,0,0.0000,0,88,999.000,0.0,1.0
2056/4/27,08:00,?9?9?9?9E0?9?9?9?9*9?9*9?9?9?9?9?9?9*9*_?9*9*9?9?9,32.3,30.1,88,100586,9999,9999,453,270,295,155,999900,999900,999900,99990,210,0.0,5,5,999.0,999,9,'999999999,0,0.0000,0,88,999.000,0.0,1.0
2056/4/27,09:00,?9?9?9?9E0?9?9?9?9*9?9*9?9?9?9?9?9?9*9*_?9*9*9?9?9,33.7,28.7,75,100686,9999,9999,460,505,498,203,999900,999900,999900,99990,210,0.0,5,5,999.0,999,9,'999999999,0,0.0000,0,88,999.000,0.0,1.0
2056/4/27,10:00,?9?9?9?9E0?9?9?9?9*9?9*9?9?9?9?9?9?9*9*_?9*9*9?9?9,34.1,28.1,71,100686,9999,9999,461,674,535,253,999900,999900,999900,99990,210,0.0,5,5,999.0,999,9,'999999999,0,0.0000,0,88,999.000,0.0,1.0
2056/4/27,11:00,?9?9?9?9E0?9?9?9?9*9?9*9?9?9?9?9?9?9*9*_?9*9*9?9?9,35.7,27.8,64,100586,9999,9999,471,812,568,291,999900,999900,999900,99990,210,0.2,5,5,999.0,999,9,'999999999,0,0.0000,0,88,999.000,0.0,1.0
2056/4/27,12:00,?9?9?9?9E0?9?9?9?9*9?9*9?9?9?9?9?9?9*9*_?9*9*9?9?9,36.2,26.0,56,100586,9999,9999,471,901,594,315,999900,999900,999900,99990,130,0.8,5,5,999.0,999,9,'999999999,0,0.0000,0,88,999.000,0.0,1.0
2056/4/27,13:00,?9?9?9?9E0?9?9?9?9*9?9*9?9?9?9?9?9?9*9*_?9*9*9?9?9,36.4,26.2,56,100486,9999,9999,473,895,570,327,999900,999900,999900,99990,160,0.5,5,5,999.0,999,9,'999999999,0,0.0000,0,88,999.000,0.0,1.0
2056/4/27,14:00,?9?9?9?9E0?9?9?9?9*9?9*9?9?9?9?9?9?9*9*_?9*9*9?9?9,36.0,25.9,56,100386,9999,9999,470,836,574,297,999900,999900,999900,99990,160,0.9,5,5,999.0,999,9,'999999999,0,0.0000,0,88,999.000,0.0,1.0
2056/4/27,15:00,?9?9?9?9E0?9?9?9?9*9?9*9?9?9?9?9?9?9*9*_?9*9*9?9?9,35.4,25.6,57,100386,9999,9999,466,704,536,264,999900,999900,999900,99990,120,1.0,5,5,999.0,999,9,'999999999,0,0.0000,0,88,999.000,0.0,1.0
2056/4/27,16:00,?9?9?9?9E0?9?9?9?9*9?9*9?9?9?9?9?9?9*9*_?9*9*9?9?9,34.7,26.4,62,100286,9999,9999,459,537,495,214,999900,999900,999900,99990,150,1.1,4,4,999.0,999,9,'999999999,0,0.0000,0,88,999.000,0.0,1.0
2056/4/27,17:00,?9?9?9?9E0?9?9?9?9*9?9*9?9?9?9?9?9?9*9*_?9*9*9?9?9,34.0,26.8,66,100286,9999,9999,452,342,422,156,999900,999900,999900,99990,150,0.9,3,3,999.0,999,9,'999999999,0,0.0000,0,88,999.000,0.0,1.0
2056/4/27,18:00,?9?9?9?9E0?9?9?9?9*9?9*9?9?9?9?9?9?9*9*_?9*9*9?9?9,33.0,28.4,77,100186,9999,9999,438,128,220,83,999900,999900,999900,99990,180,0.7,1,1,999.0,999,9,'999999999,0,0.0000,0,88,999.000,0.0,1.0
2056/4/27,19:00,?9?9?9?9E0?9?9?9?9*9?9*9?9?9?9?9?9?9*9*_?9*9*9?9?9,32.6,28.1,77,100286,9999,9999,435,6,0,6,999900,999900,999900,99990,180,0.6,1,1,999.0,999,9,'999999999,0,0.0000,0,88,999.000,0.0,1.0
2056/4/27,20:00,?9?9?9?9E0?9?9?9?9*9?9*9?9?9?9?9?9?9*9*_?9*9*9?9?9,32.5,28.2,78,100386,9999,9999,441,0,0,0,999900,999900,999900,99990,180,0.5,2,2,999.0,999,9,'999999999,0,0.0000,0,88,999.000,0.0,1.0
2056/4/27,21:00,?9?9?9?9E0?9?9?9?9*9?9*9?9?9?9?9?9?9*9*_?9*9*9?9?9,32.1,28.0,79,100386,9999,9999,438,0,0,0,999900,999900,999900,99990,160,0.4,2,2,999.0,999,9,'999999999,0,0.0000,0,88,999.000,0.0,1.0
2056/4/27,22:00,?9?9?9?9E0?9?9?9?9*9?9*9?9?9?9?9?9?9*9*_?9*9*9?9?9,32.0,27.9,79,100486,9999,9999,442,0,0,0,999900,999900,999900,99990,160,0.0,3,3,999.0,999,9,'999999999,0,0.0000,0,88,999.000,0.0,1.0
2056/4/27,23:00,?9?9?9?9E0?9?9?9?9*9?9*9?9?9?9?9?9?9*9*_?9*9*9?9?9,32.0,28.1,80,100486,9999,9999,442,0,0,0,999900,999900,999900,99990,160,0.0,3,3,999.0,999,9,'999999999,0,0.0000,0,88,999.000,0.0,1.0
2056/4/27,24:00,?9?9?9?9E0?9?9?9?9*9?9*9?9?9?9?9?9?9*9*_?9*9*9?9?9,31.7,28.3,82,100386,9999,9999,440,0,0,0,999900,999900,999900,99990,160,0.0,3,3,999.0,999,9,'999999999,0,0.0000,0,88,999.000,0.0,1.0
2056/4/28,01:00,?9?9?9?9E0?9?9?9?9*9?9*9?9?9?9?9?9?9*9*_?9*9*9?9?9,31.7,28.3,82,100386,9999,9999,440,0,0,0,999900,999900,999900,99990,160,0.0,3,3,999.0,999,9,'999999999,0,0.0000,0,88,999.000,0.0,1.0
2056/4/28,02:00,?9?9?9?9E0?9?9?9?9*9?9*9?9?9?9?9?9?9*9*_?9*9*9?9?9,31.3,27.9,82,100386,9999,9999,438,0,0,0,999900,999900,999900,99990,160,0.0,3,3,999.0,999,9,'999999999,0,0.0000,0,88,999.000,0.0,1.0
2056/4/28,03:00,?9?9?9?9E0?9?9?9?9*9?9*9?9?9?9?9?9?9*9*_?9*9*9?9?9,30.9,27.7,83,100286,9999,9999,435,0,0,0,999900,999900,999900,99990,160,0.0,3,3,999.0,999,9,'999999999,0,0.0000,0,88,999.000,0.0,1.0
2056/4/28,04:00,?9?9?9?9E0?9?9?9?9*9?9*9?9?9?9?9?9?9*9*_?9*9*9?9?9,30.6,27.4,83,100286,9999,9999,436,0,0,0,999900,999900,999900,99990,160,0.0,4,4,999.0,999,9,'999999999,0,0.0000,0,88,999.000,0.0,1.0
2056/4/28,05:00,?9?9?9?9E0?9?9?9?9*9?9*9?9?9?9?9?9?9*9*_?9*9*9?9?9,30.5,27.3,83,100386,9999,9999,436,0,0,0,999900,999900,999900,99990,160,0.0,4,4,999.0,999,9,'999999999,0,0.0000,0,88,999.000,0.0,1.0
2056/4/28,06:00,?9?9?9?9E0?9?9?9?9*9?9*9?9?9?9?9?9?9*9*_?9*9*9?9?9,30.5,27.3,83,100486,9999,9999,436,0,0,0,999900,999900,999900,99990,160,0.0,4,4,999.0,999,9,'999999999,0,0.0000,0,88,999.000,0.0,1.0
2056/4/28,07:00,?9?9?9?9E0?9?9?9?9*9?9*9?9?9?9?9?9?9*9*_?9*9*9?9?9,31.5,28.1,82,100486,9999,9999,446,81,141,60,999900,999900,999900,99990,160,0.0,5,5,999.0,999,9,'999999999,0,0.0000,0,88,999.000,0.0,1.0
2056/4/28,08:00,?9?9?9?9E0?9?9?9?9*9?9*9?9?9?9?9?9?9*9*_?9*9*9?9?9,32.2,28.7,82,100586,9999,9999,451,281,319,157,999900,999900,999900,99990,160,0.0,5,5,999.0,999,9,'999999999,0,0.0000,0,88,999.000,0.0,1.0
2056/4/28,09:00,?9?9?9?9E0?9?9?9?9*9?9*9?9?9?9?9?9?9*9*_?9*9*9?9?9,33.5,28.9,77,100686,9999,9999,459,505,482,212,999900,999900,999900,99990,180,0.0,5,5,999.0,999,9,'999999999,0,0.0000,0,88,999.000,0.0,1.0
2056/4/28,10:00,?9?9?9?9E0?9?9?9?9*9?9*9?9?9?9?9?9?9*9*_?9*9*9?9?9,34.8,27.3,65,100686,9999,9999,469,650,466,283,999900,999900,999900,99990,180,0.2,6,6,999.0,999,9,'999999999,0,0.0000,0,88,999.000,0.0,1.0
2056/4/28,11:00,?9?9?9?9E0?9?9?9?9*9?9*9?9?9?9?9?9?9*9*_?9*9*9?9?9,35.1,27.5,65,100686,9999,9999,471,765,460,343,999900,999900,999900,99990,180,0.6,6,6,999.0,999,9,'999999999,0,0.0000,0,88,999.000,0.0,1.0
2056/4/28,12:00,?9?9?9?9E0?9?9?9?9*9?9*9?9?9?9?9?9?9*9*_?9*9*9?9?9,35.2,27.4,64,100686,9999,9999,471,825,442,389,999900,999900,999900,99990,180,0.5,6,6,999.0,999,9,'999999999,0,0.0000,0,88,999.000,0.0,1.0
2056/4/28,13:00,?9?9?9?9E0?9?9?9?9*9?9*9?9?9?9?9?9?9*9*_?9*9*9?9?9,35.8,27.7,63,100586,9999,9999,475,826,429,399,999900,999900,999900,99990,180,0.6,6,6,999.0,999,9,'999999999,0,0.0000,0,88,999.000,0.0,1.0
2056/4/28,14:00,?9?9?9?9E0?9?9?9?9*9?9*9?9?9?9?9?9?9*9*_?9*9*9?9?9,35.5,27.4,63,100486,9999,9999,473,763,421,368,999900,999900,999900,99990,180,0.9,6,6,999.0,999,9,'999999999,0,0.0000,0,88,999.000,0.0,1.0
2056/4/28,15:00,?9?9?9?9E0?9?9?9?9*9?9*9?9?9?9?9?9?9*9*_?9*9*9?9?9,34.3,26.5,64,100386,9999,9999,464,640,395,316,999900,999900,999900,99990,140,1.1,6,6,999.0,999,9,'999999999,0,0.0000,0,88,999.000,0.0,1.0
2056/4/28,16:00,?9?9?9?9E0?9?9?9?9*9?9*9?9?9?9?9?9?9*9*_?9*9*9?9?9,33.5,27.5,71,100386,9999,9999,450,537,469,231,999900,999900,999900,99990,120,0.7,3,3,999.0,999,9,'999999999,0,0.0000,0,88,999.000,0.0,1.0
2056/4/28,17:00,?9?9?9?9E0?9?9?9?9*9?9*9?9?9?9?9?9?9*9*_?9*9*9?9?9,32.9,28.3,77,100386,9999,9999,451,313,303,179,999900,999900,999900,99990,120,0.5,4,4,999.0,999,9,'999999999,0,0.0000,0,88,999.000,0.0,1.0
2056/4/28,18:00,?9?9?9?9E0?9?9?9?9*9?9*9?9?9?9?9?9?9*9*_?9*9*9?9?9,32.5,28.4,79,100386,9999,9999,456,95,84,78,999900,999900,999900,99990,140,0.3,6,6,999.0,999,9,'999999999,0,0.0000,0,88,999.000,0.0,1.0
2056/4/28,19:00,?9?9?9?9E0?9?9?9?9*9?9*9?9?9?9?9?9?9*9*_?9*9*9?9?9,32.4,28.3,79,100486,9999,9999,468,6,0,6,999900,999900,999900,99990,140,0.4,8,8,999.0,999,9,'999999999,0,0.0000,0,88,999.000,0.0,1.0
2056/4/28,20:00,?9?9?9?9E0?9?9?9?9*9?9*9?9?9?9?9?9?9*9*_?9*9*9?9?9,32.4,28.3,79,100586,9999,9999,468,0,0,0,999900,999900,999900,99990,140,0.0,8,8,999.0,999,9,'999999999,0,0.0000,0,88,999.000,0.0,1.0
2056/4/28,21:00,?9?9?9?9E0?9?9?9?9*9?9*9?9?9?9?9?9?9*9*_?9*9*9?9?9,32.0,27.9,79,100586,9999,9999,465,0,0,0,999900,999900,999900,99990,160,0.0,8,8,999.0,999,9,'999999999,0,0.0000,0,88,999.000,0.0,1.0
2056/4/28,22:00,?9?9?9?9E0?9?9?9?9*9?9*9?9?9?9?9?9?9*9*_?9*9*9?9?9,31.9,28.0,80,100586,9999,9999,457,0,0,0,999900,999900,999900,99990,160,0.0,7,7,999.0,999,9,'999999999,0,0.0000,0,88,999.000,0.0,1.0
2056/4/28,23:00,?9?9?9?9E0?9?9?9?9*9?9*9?9?9?9?9?9?9*9*_?9*9*9?9?9,31.8,27.9,80,100586,9999,9999,457,0,0,0,999900,999900,999900,99990,160,0.0,7,7,999.0,999,9,'999999999,0,0.0000,0,88,999.000,0.0,1.0
2056/4/28,24:00,?9?9?9?9E0?9?9?9?9*9?9*9?9?9?9?9?9?9*9*_?9*9*9?9?9,31.7,28.5,83,100486,9999,9999,452,0,0,0,999900,999900,999900,99990,160,0.0,6,6,999.0,999,9,'999999999,0,0.0000,0,88,999.000,0.0,1.0
2056/4/29,01:00,?9?9?9?9E0?9?9?9?9*9?9*9?9?9?9?9?9?9*9*_?9*9*9?9?9,31.7,28.5,83,100186,9999,9999,452,0,0,0,999900,999900,999900,99990,160,0.0,6,6,999.0,999,9,'999999999,0,0.0000,0,88,999.000,0.0,1.0
2056/4/29,02:00,?9?9?9?9E0?9?9?9?9*9?9*9?9?9?9?9?9?9*9*_?9*9*9?9?9,31.7,28.5,83,100586,9999,9999,457,0,0,0,999900,999900,999900,99990,160,0.0,7,7,999.0,999,9,'999999999,0,0.0000,0,88,999.000,0.0,1.0
2056/4/29,03:00,?9?9?9?9E0?9?9?9?9*9?9*9?9?9?9?9?9?9*9*_?9*9*9?9?9,31.6,28.4,83,100486,9999,9999,456,0,0,0,999900,999900,999900,99990,160,0.0,7,7,999.0,999,9,'999999999,0,0.0000,0,88,999.000,0.0,1.0
2056/4/29,04:00,?9?9?9?9E0?9?9?9?9*9?9*9?9?9?9?9?9?9*9*_?9*9*9?9?9,31.5,28.3,83,100486,9999,9999,463,0,0,0,999900,999900,999900,99990,160,0.0,8,8,999.0,999,9,'999999999,0,0.0000,0,88,999.000,0.0,1.0
2056/4/29,05:00,?9?9?9?9E0?9?9?9?9*9?9*9?9?9?9?9?9?9*9*_?9*9*9?9?9,31.4,28.2,83,100586,9999,9999,462,0,0,0,999900,999900,999900,99990,160,0.0,8,8,999.0,999,9,'999999999,0,0.0000,0,88,999.000,0.0,1.0
2056/4/29,06:00,?9?9?9?9E0?9?9?9?9*9?9*9?9?9?9?9?9?9*9*_?9*9*9?9?9,30.9,28.5,87,100586,9999,9999,459,0,0,0,999900,999900,999900,99990,160,0.0,8,8,999.0,999,9,'999999999,0,0.0000,0,88,999.000,0.0,1.0
2056/4/29,07:00,?9?9?9?9E0?9?9?9?9*9?9*9?9?9?9?9?9?9*9*_?9*9*9?9?9,31.5,28.9,86,100686,9999,9999,473,37,13,35,999900,999900,999900,99990,160,0.0,9,9,999.0,999,9,'999999999,0,0.0000,0,88,999.000,0.0,1.0
2056/4/29,08:00,?9?9?9?9E0?9?9?9?9*9?9*9?9?9?9?9?9?9*9*_?9*9*9?9?9,32.5,29.7,85,100786,9999,9999,481,168,50,149,999900,999900,999900,99990,240,0.0,9,9,999.0,999,9,'999999999,0,0.0000,0,88,999.000,0.0,1.0
2056/4/29,09:00,?9?9?9?9E0?9?9?9?9*9?9*9?9?9?9?9?9?9*9*_?9*9*9?9?9,34.1,28.1,71,100786,9999,9999,489,347,124,271,999900,999900,999900,99990,240,0.0,9,9,999.0,999,9,'999999999,0,0.0000,0,88,999.000,0.0,1.0
2056/4/29,10:00,?9?9?9?9E0?9?9?9?9*9?9*9?9?9?9?9?9?9*9*_?9*9*9?9?9,35.1,27.0,63,100786,9999,9999,483,543,235,358,999900,999900,999900,99990,240,0.0,8,8,999.0,999,9,'999999999,0,0.0000,0,88,999.000,0.0,1.0
2056/4/29,11:00,?9?9?9?9E0?9?9?9?9*9?9*9?9?9?9?9?9?9*9*_?9*9*9?9?9,35.9,26.4,58,100686,9999,9999,480,723,360,393,999900,999900,999900,99990,240,0.0,7,7,999.0,999,9,'999999999,0,0.0000,0,88,999.000,0.0,1.0
2056/4/29,12:00,?9?9?9?9E0?9?9?9?9*9?9*9?9?9?9?9?9?9*9*_?9*9*9?9?9,36.7,26.5,56,100686,9999,9999,479,845,451,400,999900,999900,999900,99990,240,0.0,6,6,999.0,999,9,'999999999,0,0.0000,0,88,999.000,0.0,1.0
2056/4/29,13:00,?9?9?9?9E0?9?9?9?9*9?9*9?9?9?9?9?9?9*9*_?9*9*9?9?9,36.9,26.7,56,100586,9999,9999,481,844,427,419,999900,999900,999900,99990,240,0.3,6,6,999.0,999,9,'999999999,0,0.0000,0,88,999.000,0.0,1.0
2056/4/29,14:00,?9?9?9?9E0?9?9?9?9*9?9*9?9?9?9?9?9?9*9*_?9*9*9?9?9,36.8,26.6,56,100586,9999,9999,493,649,239,425,999900,999900,999900,99990,20,0.7,8,8,999.0,999,9,'999999999,0,0.0000,0,88,999.000,0.0,1.0
2056/4/29,15:00,?9?9?9?9E0?9?9?9?9*9?9*9?9?9?9?9?9?9*9*_?9*9*9?9?9,35.7,26.2,58,100486,9999,9999,478,603,305,353,999900,999900,999900,99990,90,0.7,7,7,999.0,999,9,'999999999,0,0.0000,0,88,999.000,0.0,1.0
2056/4/29,16:00,?9?9?9?9E0?9?9?9?9*9?9*9?9?9?9?9?9?9*9*_?9*9*9?9?9,34.2,27.2,67,100486,9999,9999,454,547,466,244,999900,999900,999900,99990,90,0.8,3,3,999.0,999,9,'999999999,0,0.0000,0,88,999.000,0.0,1.0
2056/4/29,17:00,?9?9?9?9E0?9?9?9?9*9?9*9?9?9?9?9?9?9*9*_?9*9*9?9?9,33.2,28.2,75,100586,9999,9999,456,300,248,191,999900,999900,999900,99990,90,0.6,5,5,999.0,999,9,'999999999,0,0.0000,0,88,999.000,0.0,1.0
2056/4/29,18:00,?9?9?9?9E0?9?9?9?9*9?9*9?9?9?9?9?9?9*9*_?9*9*9?9?9,32.7,28.4,78,100586,9999,9999,463,84,54,73,999900,999900,999900,99990,90,0.5,7,7,999.0,999,9,'999999999,0,0.0000,0,88,999.000,0.0,1.0
2056/4/29,19:00,?9?9?9?9E0?9?9?9?9*9?9*9?9?9?9?9?9?9*9*_?9*9*9?9?9,32.7,28.6,79,100586,9999,9999,463,6,0,6,999900,999900,999900,99990,90,0.0,7,7,999.0,999,9,'999999999,0,0.0000,0,88,999.000,0.0,1.0
2056/4/29,20:00,?9?9?9?9E0?9?9?9?9*9?9*9?9?9?9?9?9?9*9*_?9*9*9?9?9,32.1,28.0,79,100686,9999,9999,442,0,0,0,999900,999900,999900,99990,90,0.0,3,3,999.0,999,9,'999999999,0,0.0000,0,88,999.000,0.0,1.0
2056/4/29,21:00,?9?9?9?9E0?9?9?9?9*9?9*9?9?9?9?9?9?9*9*_?9*9*9?9?9,31.8,27.7,79,100686,9999,9999,451,0,0,0,999900,999900,999900,99990,140,0.0,6,6,999.0,999,9,'999999999,0,0.0000,0,88,999.000,0.0,1.0
2056/4/29,22:00,?9?9?9?9E0?9?9?9?9*9?9*9?9?9?9?9?9?9*9*_?9*9*9?9?9,31.7,27.6,79,100686,9999,9999,463,0,0,0,999900,999900,999900,99990,140,0.0,8,8,999.0,999,9,'999999999,0,0.0000,0,88,999.000,0.0,1.0
2056/4/29,23:00,?9?9?9?9E0?9?9?9?9*9?9*9?9?9?9?9?9?9*9*_?9*9*9?9?9,31.7,27.4,78,100686,9999,9999,455,0,0,0,999900,999900,999900,99990,140,0.0,7,7,999.0,999,9,'999999999,0,0.0000,0,88,999.000,0.0,1.0
2056/4/29,24:00,?9?9?9?9E0?9?9?9?9*9?9*9?9?9?9?9?9?9*9*_?9*9*9?9?9,31.7,27.4,78,100686,9999,9999,446,0,0,0,999900,999900,999900,99990,140,0.0,5,5,999.0,999,9,'999999999,0,0.0000,0,88,999.000,0.0,1.0
2056/4/30,01:00,?9?9?9?9E0?9?9?9?9*9?9*9?9?9?9?9?9?9*9*_?9*9*9?9?9,31.5,27.4,79,100686,9999,9999,461,0,0,0,999900,999900,999900,99990,140,0.0,8,8,999.0,999,9,'999999999,0,0.0000,0,88,999.000,0.0,1.0
2056/4/30,02:00,?9?9?9?9E0?9?9?9?9*9?9*9?9?9?9?9?9?9*9*_?9*9*9?9?9,31.5,27.4,79,100586,9999,9999,442,0,0,0,999900,999900,999900,99990,140,0.0,4,4,999.0,999,9,'999999999,0,0.0000,0,88,999.000,0.0,1.0
2056/4/30,03:00,?9?9?9?9E0?9?9?9?9*9?9*9?9?9?9?9?9?9*9*_?9*9*9?9?9,31.2,27.4,80,100586,9999,9999,436,0,0,0,999900,999900,999900,99990,140,0.0,3,3,999.0,999,9,'999999999,0,0.0000,0,88,999.000,0.0,1.0
2056/4/30,04:00,?9?9?9?9E0?9?9?9?9*9?9*9?9?9?9?9?9?9*9*_?9*9*9?9?9,30.3,26.3,79,100586,9999,9999,453,0,0,0,999900,999900,999900,99990,140,0.0,8,8,999.0,999,9,'999999999,0,0.0000,0,88,999.000,0.0,1.0
2056/4/30,05:00,?9?9?9?9E0?9?9?9?9*9?9*9?9?9?9?9?9?9*9*_?9*9*9?9?9,30.3,26.3,79,100686,9999,9999,462,0,0,0,999900,999900,999900,99990,140,0.0,9,9,999.0,999,9,'999999999,0,0.0000,0,88,999.000,0.0,1.0
2056/4/30,06:00,?9?9?9?9E0?9?9?9?9*9?9*9?9?9?9?9?9?9*9*_?9*9*9?9?9,29.8,26.0,80,100686,9999,9999,459,0,0,0,999900,999900,999900,99990,140,0.0,9,9,999.0,999,9,'999999999,0,0.0000,0,88,999.000,0.0,1.0
2056/4/30,07:00,?9?9?9?9E0?9?9?9?9*9?9*9?9?9?9?9?9?9*9*_?9*9*9?9?9,29.8,26.0,80,100786,9999,9999,459,42,19,39,999900,999900,999900,99990,140,0.0,9,9,999.0,999,9,'999999999,0,0.0000,0,88,999.000,0.0,1.0
2056/4/30,08:00,?9?9?9?9E0?9?9?9?9*9?9*9?9?9?9?9?9?9*9*_?9*9*9?9?9,31.1,26.8,78,100886,9999,9999,468,179,64,154,999900,999900,999900,99990,140,0.0,9,9,999.0,999,9,'999999999,0,0.0000,0,88,999.000,0.0,1.0
2056/4/30,09:00,?9?9?9?9E0?9?9?9?9*9?9*9?9?9?9?9?9?9*9*_?9*9*9?9?9,32.8,26.1,68,100986,9999,9999,478,355,145,266,999900,999900,999900,99990,210,0.0,9,9,999.0,999,9,'999999999,0,0.0000,0,88,999.000,0.0,1.0
2056/4/30,10:00,?9?9?9?9E0?9?9?9?9*9?9*9?9?9?9?9?9?9*9*_?9*9*9?9?9,33.6,26.6,67,100986,9999,9999,466,592,333,329,999900,999900,999900,99990,210,0.3,7,7,999.0,999,9,'999999999,0,0.0000,0,88,999.000,0.0,1.0
2056/4/30,11:00,?9?9?9?9E0?9?9?9?9*9?9*9?9?9?9?9?9?9*9*_?9*9*9?9?9,35.6,26.4,59,100886,9999,9999,468,824,553,317,999900,999900,999900,99990,190,0.5,5,5,999.0,999,9,'999999999,0,0.0000,0,88,999.000,0.0,1.0
2056/4/30,12:00,?9?9?9?9E0?9?9?9?9*9?9*9?9?9?9?9?9?9*9*_?9*9*9?9?9,35.8,26.0,57,100886,9999,9999,473,841,463,383,999900,999900,999900,99990,140,0.4,6,6,999.0,999,9,'999999999,0,0.0000,0,88,999.000,0.0,1.0
2056/4/30,13:00,?9?9?9?9E0?9?9?9?9*9?9*9?9?9?9?9?9?9*9*_?9*9*9?9?9,36.8,26.9,57,100786,9999,9999,486,768,342,428,999900,999900,999900,99990,150,0.6,7,7,999.0,999,9,'999999999,0,0.0000,0,88,999.000,0.0,1.0
2056/4/30,14:00,?9?9?9?9E0?9?9?9?9*9?9*9?9?9?9?9?9?9*9*_?9*9*9?9?9,35.8,26.3,58,100686,9999,9999,473,778,443,363,999900,999900,999900,99990,150,0.7,6,6,999.0,999,9,'999999999,0,0.0000,0,88,999.000,0.0,1.0
2056/4/30,15:00,?9?9?9?9E0?9?9?9?9*9?9*9?9?9?9?9?9?9*9*_?9*9*9?9?9,34.9,25.7,59,100586,9999,9999,463,697,504,284,999900,999900,999900,99990,130,0.9,5,5,999.0,999,9,'999999999,0,0.0000,0,88,999.000,0.0,1.0
2056/4/30,16:00,?9?9?9?9E0?9?9?9?9*9?9*9?9?9?9?9?9?9*9*_?9*9*9?9?9,34.4,25.2,59,100586,9999,9999,452,564,543,210,999900,999900,999900,99990,130,0.5,3,3,999.0,999,9,'999999999,0,0.0000,0,88,999.000,0.0,1.0
2056/4/30,17:00,?9?9?9?9E0?9?9?9?9*9?9*9?9?9?9?9?9?9*9*_?9*9*9?9?9,33.0,26.8,70,100586,9999,9999,446,337,389,165,999900,999900,999900,99990,130,0.3,3,3,999.0,999,9,'999999999,0,0.0000,0,88,999.000,0.0,1.0
2056/4/30,18:00,?9?9?9?9E0?9?9?9?9*9?9*9?9?9?9?9?9?9*9*_?9*9*9?9?9,32.6,27.4,74,100586,9999,9999,445,126,192,87,999900,999900,999900,99990,110,0.0,3,3,999.0,999,9,'999999999,0,0.0000,0,88,999.000,0.0,1.0
2056/4/30,19:00,?9?9?9?9E0?9?9?9?9*9?9*9?9?9?9?9?9?9*9*_?9*9*9?9?9,31.8,27.7,79,100586,9999,9999,447,6,0,6,999900,999900,999900,99990,110,0.0,5,5,999.0,999,9,'999999999,0,0.0000,0,88,999.000,0.0,1.0
2056/4/30,20:00,?9?9?9?9E0?9?9?9?9*9?9*9?9?9?9?9?9?9*9*_?9*9*9?9?9,31.5,27.2,78,100686,9999,9999,445,0,0,0,999900,999900,999900,99990,110,0.0,5,5,999.0,999,9,'999999999,0,0.0000,0,88,999.000,0.0,1.0
2056/4/30,21:00,?9?9?9?9E0?9?9?9?9*9?9*9?9?9?9?9?9?9*9*_?9*9*9?9?9,31.4,26.4,75,100686,9999,9999,436,0,0,0,999900,999900,999900,99990,140,0.0,3,3,999.0,999,9,'999999999,0,0.0000,0,88,999.000,0.0,1.0
2056/4/30,22:00,?9?9?9?9E0?9?9?9?9*9?9*9?9?9?9?9?9?9*9*_?9*9*9?9?9,31.4,26.9,77,100686,9999,9999,437,0,0,0,999900,999900,999900,99990,140,0.0,3,3,999.0,999,9,'999999999,0,0.0000,0,88,999.000,0.0,1.0
2056/4/30,23:00,?9?9?9?9E0?9?9?9?9*9?9*9?9?9?9?9?9?9*9*_?9*9*9?9?9,31.5,27.4,79,100686,9999,9999,438,0,0,0,999900,999900,999900,99990,160,0.0,3,3,999.0,999,9,'999999999,0,0.0000,0,88,999.000,0.0,1.0
2056/4/30,24:00,?9?9?9?9E0?9?9?9?9*9?9*9?9?9?9?9?9?9*9*_?9*9*9?9?9,31.2,27.8,82,100586,9999,9999,437,0,0,0,999900,999900,999900,99990,160,0.0,3,3,999.0,999,9,'999999999,0,0.0000,0,88,999.000,0.0,1.0
2056/5/1,01:00,?9?9?9?9E0?9?9?9?9*9?9*9?9?9?9?9?9?9*9*_?9*9*9?9?9,31.4,27.5,80,100579,9999,9999,438,0,0,0,999900,999900,999900,99990,140,0.1,3,3,999.0,999,9,'999999999,0,0.0000,0,88,999.000,0.0,1.0
2056/5/1,02:00,?9?9?9?9E0?9?9?9?9*9?9*9?9?9?9?9?9?9*9*_?9*9*9?9?9,31.4,27.5,80,100579,9999,9999,438,0,0,0,999900,999900,999900,99990,140,0.1,3,3,999.0,999,9,'999999999,0,0.0000,0,88,999.000,0.0,1.0
2056/5/1,03:00,?9?9?9?9E0?9?9?9?9*9?9*9?9?9?9?9?9?9*9*_?9*9*9?9?9,31.3,27.4,80,100479,9999,9999,437,0,0,0,999900,999900,999900,99990,140,0.1,3,3,999.0,999,9,'999999999,0,0.0000,0,88,999.000,0.0,1.0
2056/5/1,04:00,?9?9?9?9E0?9?9?9?9*9?9*9?9?9?9?9?9?9*9*_?9*9*9?9?9,31.4,27.5,80,100479,9999,9999,438,0,0,0,999900,999900,999900,99990,140,0.1,3,3,999.0,999,9,'999999999,0,0.0000,0,88,999.000,0.0,1.0
2056/5/1,05:00,?9?9?9?9E0?9?9?9?9*9?9*9?9?9?9?9?9?9*9*_?9*9*9?9?9,31.4,27.5,80,100479,9999,9999,438,0,0,0,999900,999900,999900,99990,140,0.1,3,3,999.0,999,9,'999999999,0,0.0000,0,88,999.000,0.0,1.0
2056/5/1,06:00,?9?9?9?9E0?9?9?9?9*9?9*9?9?9?9?9?9?9*9*_?9*9*9?9?9,31.2,27.4,80,100579,9999,9999,436,0,0,0,999900,999900,999900,99990,140,0.1,3,3,999.0,999,9,'999999999,0,0.0000,0,88,999.000,0.0,1.0
2056/5/1,07:00,?9?9?9?9E0?9?9?9?9*9?9*9?9?9?9?9?9?9*9*_?9*9*9?9?9,31.6,27.7,80,100579,9999,9999,439,89,183,61,999900,999900,999900,99990,140,0.3,3,3,999.0,999,9,'999999999,0,0.0000,0,88,999.000,0.0,1.0
2056/5/1,08:00,?9?9?9?9E0?9?9?9?9*9?9*9?9?9?9?9?9?9*9*_?9*9*9?9?9,33.4,28.4,75,100679,9999,9999,454,303,403,144,999900,999900,999900,99990,190,1.2,4,4,999.0,999,9,'999999999,0,0.0000,0,88,999.000,0.0,1.0
2056/5/1,09:00,?9?9?9?9E0?9?9?9?9*9?9*9?9?9?9?9?9?9*9*_?9*9*9?9?9,37.3,30.7,69,100779,9999,9999,484,502,491,203,999900,999900,999900,99990,200,0.8,5,5,999.0,999,9,'999999999,0,0.0000,0,88,999.000,0.0,1.0
2056/5/1,10:00,?9?9?9?9E0?9?9?9?9*9?9*9?9?9?9?9?9?9*9*_?9*9*9?9?9,37.5,27.8,58,100779,9999,9999,482,672,524,259,999900,999900,999900,99990,200,1.0,5,5,999.0,999,9,'999999999,0,0.0000,0,88,999.000,0.0,1.0
2056/5/1,11:00,?9?9?9?9E0?9?9?9?9*9?9*9?9?9?9?9?9?9*9*_?9*9*9?9?9,38.0,28.0,57,100679,9999,9999,485,780,501,320,999900,999900,999900,99990,190,1.2,5,5,999.0,999,9,'999999999,0,0.0000,0,88,999.000,0.0,1.0
2056/5/1,12:00,?9?9?9?9E0?9?9?9?9*9?9*9?9?9?9?9?9?9*9*_?9*9*9?9?9,38.0,28.3,58,100679,9999,9999,490,807,439,373,999900,999900,999900,99990,160,1.0,6,6,999.0,999,9,'999999999,0,0.0000,0,88,999.000,0.0,1.0
2056/5/1,13:00,?9?9?9?9E0?9?9?9?9*9?9*9?9?9?9?9?9?9*9*_?9*9*9?9?9,37.4,27.7,58,100579,9999,9999,481,905,583,325,999900,999900,999900,99990,180,2.1,5,5,999.0,999,9,'999999999,0,0.0000,0,88,999.000,0.0,1.0
2056/5/1,14:00,?9?9?9?9E0?9?9?9?9*9?9*9?9?9?9?9?9?9*9*_?9*9*9?9?9,36.8,26.9,57,100479,9999,9999,476,854,618,275,999900,999900,999900,99990,160,1.7,5,5,999.0,999,9,'999999999,0,0.0000,0,88,999.000,0.0,1.0
2056/5/1,15:00,?9?9?9?9E0?9?9?9?9*9?9*9?9?9?9?9?9?9*9*_?9*9*9?9?9,36.0,26.4,58,100479,9999,9999,467,762,663,218,999900,999900,999900,99990,140,1.9,4,4,999.0,999,9,'999999999,0,0.0000,0,88,999.000,0.0,1.0
2056/5/1,16:00,?9?9?9?9E0?9?9?9?9*9?9*9?9?9?9?9?9?9*9*_?9*9*9?9?9,34.6,26.3,62,100379,9999,9999,458,574,592,188,999900,999900,999900,99990,130,2.1,4,4,999.0,999,9,'999999999,0,0.0000,0,88,999.000,0.0,1.0
2056/5/1,17:00,?9?9?9?9E0?9?9?9?9*9?9*9?9?9?9?9?9?9*9*_?9*9*9?9?9,33.9,26.9,67,100379,9999,9999,459,320,351,165,999900,999900,999900,99990,140,1.9,5,5,999.0,999,9,'999999999,0,0.0000,0,88,999.000,0.0,1.0
2056/5/1,18:00,?9?9?9?9E0?9?9?9?9*9?9*9?9?9?9?9?9?9*9*_?9*9*9?9?9,33.4,28.1,74,100379,9999,9999,454,120,166,86,999900,999900,999900,99990,160,1.7,4,4,999.0,999,9,'999999999,0,0.0000,0,88,999.000,0.0,1.0
2056/5/1,19:00,?9?9?9?9E0?9?9?9?9*9?9*9?9?9?9?9?9?9*9*_?9*9*9?9?9,32.9,28.8,79,100479,9999,9999,452,4,0,4,999900,999900,999900,99990,170,1.6,4,4,999.0,999,9,'999999999,0,0.0000,0,88,999.000,0.0,1.0
2056/5/1,20:00,?9?9?9?9E0?9?9?9?9*9?9*9?9?9?9?9?9?9*9*_?9*9*9?9?9,32.9,28.8,79,100579,9999,9999,448,0,0,0,999900,999900,999900,99990,170,1.2,3,3,999.0,999,9,'999999999,0,0.0000,0,88,999.000,0.0,1.0
2056/5/1,21:00,?9?9?9?9E0?9?9?9?9*9?9*9?9?9?9?9?9?9*9*_?9*9*9?9?9,32.7,29.0,81,100679,9999,9999,447,0,0,0,999900,999900,999900,99990,170,1.2,3,3,999.0,999,9,'999999999,0,0.0000,0,88,999.000,0.0,1.0
2056/5/1,22:00,?9?9?9?9E0?9?9?9?9*9?9*9?9?9?9?9?9?9*9*_?9*9*9?9?9,32.7,29.4,83,100679,9999,9999,448,0,0,0,999900,999900,999900,99990,170,0.4,3,3,999.0,999,9,'999999999,0,0.0000,0,88,999.000,0.0,1.0
2056/5/1,23:00,?9?9?9?9E0?9?9?9?9*9?9*9?9?9?9?9?9?9*9*_?9*9*9?9?9,32.5,29.2,83,100779,9999,9999,450,0,0,0,999900,999900,999900,99990,140,0.1,4,4,999.0,999,9,'999999999,0,0.0000,0,88,999.000,0.0,1.0
2056/5/1,24:00,?9?9?9?9E0?9?9?9?9*9?9*9?9?9?9?9?9?9*9*_?9*9*9?9?9,32.1,29.1,84,100779,9999,9999,451,0,0,0,999900,999900,999900,99990,140,0.1,5,5,999.0,999,9,'999999999,0,0.0000,0,88,999.000,0.0,1.0
2056/5/2,01:00,?9?9?9?9E0?9?9?9?9*9?9*9?9?9?9?9?9?9*9*_?9*9*9?9?9,32.1,29.1,84,100679,9999,9999,451,0,0,0,999900,999900,999900,99990,190,0.2,5,5,999.0,999,9,'999999999,0,0.0000,0,88,999.000,0.0,1.0
2056/5/2,02:00,?9?9?9?9E0?9?9?9?9*9?9*9?9?9?9?9?9?9*9*_?9*9*9?9?9,31.9,28.9,84,100679,9999,9999,449,0,0,0,999900,999900,999900,99990,210,0.1,5,5,999.0,999,9,'999999999,0,0.0000,0,88,999.000,0.0,1.0
2056/5/2,03:00,?9?9?9?9E0?9?9?9?9*9?9*9?9?9?9?9?9?9*9*_?9*9*9?9?9,31.6,30.0,91,100679,9999,9999,449,0,0,0,999900,999900,999900,99990,210,0.1,5,5,999.0,999,9,'999999999,0,0.0000,0,88,999.000,0.0,1.0
2056/5/2,04:00,?9?9?9?9E0?9?9?9?9*9?9*9?9?9?9?9?9?9*9*_?9*9*9?9?9,31.6,30.0,91,100679,9999,9999,449,0,0,0,999900,999900,999900,99990,210,0.1,5,5,999.0,999,9,'999999999,0,0.0000,0,88,999.000,0.0,1.0
2056/5/2,05:00,?9?9?9?9E0?9?9?9?9*9?9*9?9?9?9?9?9?9*9*_?9*9*9?9?9,31.4,29.8,91,100679,9999,9999,448,0,0,0,999900,999900,999900,99990,210,0.1,5,5,999.0,999,9,'999999999,0,0.0000,0,88,999.000,0.0,1.0
2056/5/2,06:00,?9?9?9?9E0?9?9?9?9*9?9*9?9?9?9?9?9?9*9*_?9*9*9?9?9,31.1,29.5,91,100679,9999,9999,445,0,0,0,999900,999900,999900,99990,210,0.1,5,5,999.0,999,9,'999999999,0,0.0000,0,88,999.000,0.0,1.0
2056/5/2,07:00,?9?9?9?9E0?9?9?9?9*9?9*9?9?9?9?9?9?9*9*_?9*9*9?9?9,31.8,30.2,91,100779,9999,9999,450,72,96,57,999900,999900,999900,99990,250,0.1,5,5,999.0,999,9,'999999999,0,0.0000,0,88,999.000,0.0,1.0
2056/5/2,08:00,?9?9?9?9E0?9?9?9?9*9?9*9?9?9?9?9?9?9*9*_?9*9*9?9?9,33.1,29.8,83,100779,9999,9999,458,276,303,156,999900,999900,999900,99990,210,0.6,5,5,999.0,999,9,'999999999,0,0.0000,0,88,999.000,0.0,1.0
2056/5/2,09:00,?9?9?9?9E0?9?9?9?9*9?9*9?9?9?9?9?9?9*9*_?9*9*9?9?9,34.3,28.0,70,100879,9999,9999,462,511,513,197,999900,999900,999900,99990,200,0.6,5,5,999.0,999,9,'999999999,0,0.0000,0,88,999.000,0.0,1.0
2056/5/2,10:00,?9?9?9?9E0?9?9?9?9*9?9*9?9?9?9?9?9?9*9*_?9*9*9?9?9,35.9,26.6,59,100879,9999,9999,470,677,545,247,999900,999900,999900,99990,200,0.8,5,5,999.0,999,9,'999999999,0,0.0000,0,88,999.000,0.0,1.0
2056/5/2,11:00,?9?9?9?9E0?9?9?9?9*9?9*9?9?9?9?9?9?9*9*_?9*9*9?9?9,36.6,24.5,50,100779,9999,9999,471,805,560,291,999900,999900,999900,99990,230,0.6,5,5,999.0,999,9,'999999999,0,0.0000,0,88,999.000,0.0,1.0
2056/5/2,12:00,?9?9?9?9E0?9?9?9?9*9?9*9?9?9?9?9?9?9*9*_?9*9*9?9?9,37.6,25.4,50,100679,9999,9999,479,874,560,321,999900,999900,999900,99990,200,1.7,5,5,999.0,999,9,'999999999,0,0.0000,0,88,999.000,0.0,1.0
2056/5/2,13:00,?9?9?9?9E0?9?9?9?9*9?9*9?9?9?9?9?9?9*9*_?9*9*9?9?9,37.6,25.4,50,100679,9999,9999,479,921,631,293,999900,999900,999900,99990,140,1.9,5,5,999.0,999,9,'999999999,0,0.0000,0,88,999.000,0.0,1.0
2056/5/2,14:00,?9?9?9?9E0?9?9?9?9*9?9*9?9?9?9?9?9?9*9*_?9*9*9?9?9,37.0,24.9,50,100579,9999,9999,471,906,724,228,999900,999900,999900,99990,140,1.7,4,4,999.0,999,9,'999999999,0,0.0000,0,88,999.000,0.0,1.0
2056/5/2,15:00,?9?9?9?9E0?9?9?9?9*9?9*9?9?9?9?9?9?9*9*_?9*9*9?9?9,36.4,25.6,54,100579,9999,9999,465,792,740,185,999900,999900,999900,99990,160,1.9,3,3,999.0,999,9,'999999999,0,0.0000,0,88,999.000,0.0,1.0
2056/5/2,16:00,?9?9?9?9E0?9?9?9?9*9?9*9?9?9?9?9?9?9*9*_?9*9*9?9?9,35.8,26.0,57,100479,9999,9999,462,600,676,160,999900,999900,999900,99990,140,1.7,3,3,999.0,999,9,'999999999,0,0.0000,0,88,999.000,0.0,1.0
2056/5/2,17:00,?9?9?9?9E0?9?9?9?9*9?9*9?9?9?9?9?9?9*9*_?9*9*9?9?9,34.9,26.8,63,100579,9999,9999,457,355,481,143,999900,999900,999900,99990,140,1.9,3,3,999.0,999,9,'999999999,0,0.0000,0,88,999.000,0.0,1.0
2056/5/2,18:00,?9?9?9?9E0?9?9?9?9*9?9*9?9?9?9?9?9?9*9*_?9*9*9?9?9,33.5,27.5,71,100579,9999,9999,454,123,187,84,999900,999900,999900,99990,110,1.7,4,4,999.0,999,9,'999999999,0,0.0000,0,88,999.000,0.0,1.0
2056/5/2,19:00,?9?9?9?9E0?9?9?9?9*9?9*9?9?9?9?9?9?9*9*_?9*9*9?9?9,32.8,27.3,73,100579,9999,9999,449,4,0,4,999900,999900,999900,99990,140,1.2,4,4,999.0,999,9,'999999999,0,0.0000,0,88,999.000,0.0,1.0
2056/5/2,20:00,?9?9?9?9E0?9?9?9?9*9?9*9?9?9?9?9?9?9*9*_?9*9*9?9?9,32.5,27.5,75,100679,9999,9999,451,0,0,0,999900,999900,999900,99990,140,0.8,5,5,999.0,999,9,'999999999,0,0.0000,0,88,999.000,0.0,1.0
2056/5/2,21:00,?9?9?9?9E0?9?9?9?9*9?9*9?9?9?9?9?9?9*9*_?9*9*9?9?9,32.1,27.6,77,100779,9999,9999,449,0,0,0,999900,999900,999900,99990,140,0.8,5,5,999.0,999,9,'999999999,0,0.0000,0,88,999.000,0.0,1.0
2056/5/2,22:00,?9?9?9?9E0?9?9?9?9*9?9*9?9?9?9?9?9?9*9*_?9*9*9?9?9,32.0,27.7,78,100779,9999,9999,448,0,0,0,999900,999900,999900,99990,160,0.4,5,5,999.0,999,9,'999999999,0,0.0000,0,88,999.000,0.0,1.0
2056/5/2,23:00,?9?9?9?9E0?9?9?9?9*9?9*9?9?9?9?9?9?9*9*_?9*9*9?9?9,31.9,28.5,82,100779,9999,9999,449,0,0,0,999900,999900,999900,99990,140,0.4,5,5,999.0,999,9,'999999999,0,0.0000,0,88,999.000,0.0,1.0
2056/5/2,24:00,?9?9?9?9E0?9?9?9?9*9?9*9?9?9?9?9?9?9*9*_?9*9*9?9?9,32.3,29.3,84,100779,9999,9999,452,0,0,0,999900,999900,999900,99990,140,0.4,5,5,999.0,999,9,'999999999,0,0.0000,0,88,999.000,0.0,1.0
2056/5/3,01:00,?9?9?9?9E0?9?9?9?9*9?9*9?9?9?9?9?9?9*9*_?9*9*9?9?9,31.0,28.0,84,100679,9999,9999,436,0,0,0,999900,999900,999900,99990,170,0.1,3,3,999.0,999,9,'999999999,0,0.0000,0,88,999.000,0.0,1.0
2056/5/3,02:00,?9?9?9?9E0?9?9?9?9*9?9*9?9?9?9?9?9?9*9*_?9*9*9?9?9,30.7,27.7,84,100679,9999,9999,434,0,0,0,999900,999900,999900,99990,170,0.0,3,3,999.0,999,9,'999999999,0,0.0000,0,88,999.000,0.0,1.0
2056/5/3,03:00,?9?9?9?9E0?9?9?9?9*9?9*9?9?9?9?9?9?9*9*_?9*9*9?9?9,30.5,27.5,84,100679,9999,9999,436,0,0,0,999900,999900,999900,99990,170,0.0,4,4,999.0,999,9,'999999999,0,0.0000,0,88,999.000,0.0,1.0
2056/5/3,04:00,?9?9?9?9E0?9?9?9?9*9?9*9?9?9?9?9?9?9*9*_?9*9*9?9?9,30.5,27.5,84,100679,9999,9999,439,0,0,0,999900,999900,999900,99990,170,0.1,5,5,999.0,999,9,'999999999,0,0.0000,0,88,999.000,0.0,1.0
2056/5/3,05:00,?9?9?9?9E0?9?9?9?9*9?9*9?9?9?9?9?9?9*9*_?9*9*9?9?9,30.3,27.3,84,100679,9999,9999,438,0,0,0,999900,999900,999900,99990,170,0.1,5,5,999.0,999,9,'999999999,0,0.0000,0,88,999.000,0.0,1.0
2056/5/3,06:00,?9?9?9?9E0?9?9?9?9*9?9*9?9?9?9?9?9?9*9*_?9*9*9?9?9,30.2,27.4,85,100779,9999,9999,437,0,0,0,999900,999900,999900,99990,170,0.1,5,5,999.0,999,9,'999999999,0,0.0000,0,88,999.000,0.0,1.0
2056/5/3,07:00,?9?9?9?9E0?9?9?9?9*9?9*9?9?9?9?9?9?9*9*_?9*9*9?9?9,31.1,28.1,84,100779,9999,9999,448,69,76,57,999900,999900,999900,99990,170,0.1,6,6,999.0,999,9,'999999999,0,0.0000,0,88,999.000,0.0,1.0
2056/5/3,08:00,?9?9?9?9E0?9?9?9?9*9?9*9?9?9?9?9?9?9*9*_?9*9*9?9?9,32.6,28.3,78,100879,9999,9999,462,236,179,165,999900,999900,999900,99990,170,0.2,7,7,999.0,999,9,'999999999,0,0.0000,0,88,999.000,0.0,1.0
2056/5/3,09:00,?9?9?9?9E0?9?9?9?9*9?9*9?9?9?9?9?9?9*9*_?9*9*9?9?9,34.1,27.1,67,100879,9999,9999,469,442,334,238,999900,999900,999900,99990,200,0.2,7,7,999.0,999,9,'999999999,0,0.0000,0,88,999.000,0.0,1.0
2056/5/3,10:00,?9?9?9?9E0?9?9?9?9*9?9*9?9?9?9?9?9?9*9*_?9*9*9?9?9,35.1,28.6,69,100879,9999,9999,465,681,548,248,999900,999900,999900,99990,200,0.4,4,4,999.0,999,9,'999999999,0,0.0000,0,88,999.000,0.0,1.0
2056/5/3,11:00,?9?9?9?9E0?9?9?9?9*9?9*9?9?9?9?9?9?9*9*_?9*9*9?9?9,36.9,23.7,47,100879,9999,9999,465,877,696,239,999900,999900,999900,99990,200,1.0,3,3,999.0,999,9,'999999999,0,0.0000,0,88,999.000,0.0,1.0
2056/5/3,12:00,?9?9?9?9E0?9?9?9?9*9?9*9?9?9?9?9?9?9*9*_?9*9*9?9?9,37.4,24.2,47,100779,9999,9999,472,924,653,279,999900,999900,999900,99990,200,1.2,4,4,999.0,999,9,'999999999,0,0.0000,0,88,999.000,0.0,1.0
2056/5/3,13:00,?9?9?9?9E0?9?9?9?9*9?9*9?9?9?9?9?9?9*9*_?9*9*9?9?9,37.3,24.1,47,100679,9999,9999,475,927,641,289,999900,999900,999900,99990,170,1.7,5,5,999.0,999,9,'999999999,0,0.0000,0,88,999.000,0.0,1.0
2056/5/3,14:00,?9?9?9?9E0?9?9?9?9*9?9*9?9?9?9?9?9?9*9*_?9*9*9?9?9,36.8,25.7,53,100579,9999,9999,474,861,642,260,999900,999900,999900,99990,140,1.9,5,5,999.0,999,9,'999999999,0,0.0000,0,88,999.000,0.0,1.0
2056/5/3,15:00,?9?9?9?9E0?9?9?9?9*9?9*9?9?9?9?9?9?9*9*_?9*9*9?9?9,36.6,25.5,53,100479,9999,9999,469,769,688,205,999900,999900,999900,99990,140,1.9,4,4,999.0,999,9,'999999999,0,0.0000,0,88,999.000,0.0,1.0
2056/5/3,16:00,?9?9?9?9E0?9?9?9?9*9?9*9?9?9?9?9?9?9*9*_?9*9*9?9?9,36.2,26.9,59,100479,9999,9999,465,592,652,167,999900,999900,999900,99990,160,1.7,3,3,999.0,999,9,'999999999,0,0.0000,0,88,999.000,0.0,1.0
2056/5/3,17:00,?9?9?9?9E0?9?9?9?9*9?9*9?9?9?9?9?9?9*9*_?9*9*9?9?9,36.1,27.7,62,100479,9999,9999,466,352,472,143,999900,999900,999900,99990,160,1.2,3,3,999.0,999,9,'999999999,0,0.0000,0,88,999.000,0.0,1.0
2056/5/3,18:00,?9?9?9?9E0?9?9?9?9*9?9*9?9?9?9?9?9?9*9*_?9*9*9?9?9,33.6,26.4,66,100379,9999,9999,449,133,238,84,999900,999900,999900,99990,160,1.2,3,3,999.0,999,9,'999999999,0,0.0000,0,88,999.000,0.0,1.0
2056/5/3,19:00,?9?9?9?9E0?9?9?9?9*9?9*9?9?9?9?9?9?9*9*_?9*9*9?9?9,32.7,27.5,74,100479,9999,9999,445,5,0,5,999900,999900,999900,99990,160,0.8,3,3,999.0,999,9,'999999999,0,0.0000,0,88,999.000,0.0,1.0
2056/5/3,20:00,?9?9?9?9E0?9?9?9?9*9?9*9?9?9?9?9?9?9*9*_?9*9*9?9?9,32.1,28.2,80,100479,9999,9999,443,0,0,0,999900,999900,999900,99990,160,1.0,3,3,999.0,999,9,'999999999,0,0.0000,0,88,999.000,0.0,1.0
2056/5/3,21:00,?9?9?9?9E0?9?9?9?9*9?9*9?9?9?9?9?9?9*9*_?9*9*9?9?9,31.8,28.1,81,100579,9999,9999,441,0,0,0,999900,999900,999900,99990,180,0.6,3,3,999.0,999,9,'999999999,0,0.0000,0,88,999.000,0.0,1.0
2056/5/3,22:00,?9?9?9?9E0?9?9?9?9*9?9*9?9?9?9?9?9?9*9*_?9*9*9?9?9,31.8,28.1,81,100579,9999,9999,441,0,0,0,999900,999900,999900,99990,160,0.5,3,3,999.0,999,9,'999999999,0,0.0000,0,88,999.000,0.0,1.0
2056/5/3,23:00,?9?9?9?9E0?9?9?9?9*9?9*9?9?9?9?9?9?9*9*_?9*9*9?9?9,31.4,27.8,81,100579,9999,9999,438,0,0,0,999900,999900,999900,99990,170,0.6,3,3,999.0,999,9,'999999999,0,0.0000,0,88,999.000,0.0,1.0
2056/5/3,24:00,?9?9?9?9E0?9?9?9?9*9?9*9?9?9?9?9?9?9*9*_?9*9*9?9?9,31.3,28.1,83,100579,9999,9999,438,0,0,0,999900,999900,999900,99990,160,0.6,3,3,999.0,999,9,'999999999,0,0.0000,0,88,999.000,0.0,1.0
2056/5/4,01:00,?9?9?9?9E0?9?9?9?9*9?9*9?9?9?9?9?9?9*9*_?9*9*9?9?9,31.3,28.3,84,100579,9999,9999,438,0,0,0,999900,999900,999900,99990,190,0.1,3,3,999.0,999,9,'999999999,0,0.0000,0,88,999.000,0.0,1.0
2056/5/4,02:00,?9?9?9?9E0?9?9?9?9*9?9*9?9?9?9?9?9?9*9*_?9*9*9?9?9,31.3,28.3,84,100479,9999,9999,438,0,0,0,999900,999900,999900,99990,240,0.1,3,3,999.0,999,9,'999999999,0,0.0000,0,88,999.000,0.0,1.0
2056/5/4,03:00,?9?9?9?9E0?9?9?9?9*9?9*9?9?9?9?9?9?9*9*_?9*9*9?9?9,31.0,28.2,85,100479,9999,9999,436,0,0,0,999900,999900,999900,99990,240,0.1,3,3,999.0,999,9,'999999999,0,0.0000,0,88,999.000,0.0,1.0
2056/5/4,04:00,?9?9?9?9E0?9?9?9?9*9?9*9?9?9?9?9?9?9*9*_?9*9*9?9?9,30.8,28.0,85,100479,9999,9999,438,0,0,0,999900,999900,999900,99990,240,0.0,4,4,999.0,999,9,'999999999,0,0.0000,0,88,999.000,0.0,1.0
2056/5/4,05:00,?9?9?9?9E0?9?9?9?9*9?9*9?9?9?9?9?9?9*9*_?9*9*9?9?9,30.4,28.4,89,100479,9999,9999,440,0,0,0,999900,999900,999900,99990,240,0.1,5,5,999.0,999,9,'999999999,0,0.0000,0,88,999.000,0.0,1.0
2056/5/4,06:00,?9?9?9?9E0?9?9?9?9*9?9*9?9?9?9?9?9?9*9*_?9*9*9?9?9,30.2,28.2,89,100579,9999,9999,439,0,0,0,999900,999900,999900,99990,240,0.1,5,5,999.0,999,9,'999999999,0,0.0000,0,88,999.000,0.0,1.0
2056/5/4,07:00,?9?9?9?9E0?9?9?9?9*9?9*9?9?9?9?9?9?9*9*_?9*9*9?9?9,31.1,28.9,88,100579,9999,9999,445,76,109,59,999900,999900,999900,99990,240,0.4,5,5,999.0,999,9,'999999999,0,0.0000,0,88,999.000,0.0,1.0
2056/5/4,08:00,?9?9?9?9E0?9?9?9?9*9?9*9?9?9?9?9?9?9*9*_?9*9*9?9?9,33.0,28.4,77,100679,9999,9999,455,284,330,153,999900,999900,999900,99990,240,0.6,5,5,999.0,999,9,'999999999,0,0.0000,0,88,999.000,0.0,1.0
2056/5/4,09:00,?9?9?9?9E0?9?9?9?9*9?9*9?9?9?9?9?9?9*9*_?9*9*9?9?9,34.5,28.0,69,100679,9999,9999,464,512,520,193,999900,999900,999900,99990,230,1.2,5,5,999.0,999,9,'999999999,0,0.0000,0,88,999.000,0.0,1.0
2056/5/4,10:00,?9?9?9?9E0?9?9?9?9*9?9*9?9?9?9?9?9?9*9*_?9*9*9?9?9,36.5,25.7,54,100679,9999,9999,473,685,566,238,999900,999900,999900,99990,230,0.8,5,5,999.0,999,9,'999999999,0,0.0000,0,88,999.000,0.0,1.0
2056/5/4,11:00,?9?9?9?9E0?9?9?9?9*9?9*9?9?9?9?9?9?9*9*_?9*9*9?9?9,37.7,24.1,46,100579,9999,9999,478,815,588,275,999900,999900,999900,99990,200,1.5,5,5,999.0,999,9,'999999999,0,0.0000,0,88,999.000,0.0,1.0
2056/5/4,12:00,?9?9?9?9E0?9?9?9?9*9?9*9?9?9?9?9?9?9*9*_?9*9*9?9?9,38.7,21.8,38,100479,9999,9999,481,906,623,291,999900,999900,999900,99990,200,0.6,5,5,999.0,999,9,'999999999,0,0.0000,0,88,999.000,0.0,1.0
2056/5/4,13:00,?9?9?9?9E0?9?9?9?9*9?9*9?9?9?9?9?9?9*9*_?9*9*9?9?9,39.8,24.5,42,100379,9999,9999,491,935,662,277,999900,999900,999900,99990,240,1.5,5,5,999.0,999,9,'999999999,0,0.0000,0,88,999.000,0.0,1.0
2056/5/4,14:00,?9?9?9?9E0?9?9?9?9*9?9*9?9?9?9?9?9?9*9*_?9*9*9?9?9,39.1,24.6,44,100379,9999,9999,487,878,683,238,999900,999900,999900,99990,220,1.2,5,5,999.0,999,9,'999999999,0,0.0000,0,88,999.000,0.0,1.0
2056/5/4,15:00,?9?9?9?9E0?9?9?9?9*9?9*9?9?9?9?9?9?9*9*_?9*9*9?9?9,38.5,24.8,46,100279,9999,9999,476,808,777,171,999900,999900,999900,99990,140,1.5,3,3,999.0,999,9,'999999999,0,0.0000,0,88,999.000,0.0,1.0
2056/5/4,16:00,?9?9?9?9E0?9?9?9?9*9?9*9?9?9?9?9?9?9*9*_?9*9*9?9?9,38.2,24.9,47,100179,9999,9999,475,621,737,141,999900,999900,999900,99990,150,1.5,3,3,999.0,999,9,'999999999,0,0.0000,0,88,999.000,0.0,1.0
2056/5/4,17:00,?9?9?9?9E0?9?9?9?9*9?9*9?9?9?9?9?9?9*9*_?9*9*9?9?9,36.5,25.7,54,100179,9999,9999,465,371,549,128,999900,999900,999900,99990,150,1.5,3,3,999.0,999,9,'999999999,0,0.0000,0,88,999.000,0.0,1.0
2056/5/4,18:00,?9?9?9?9E0?9?9?9?9*9?9*9?9?9?9?9?9?9*9*_?9*9*9?9?9,34.1,27.4,68,100079,9999,9999,453,134,248,83,999900,999900,999900,99990,140,1.2,3,3,999.0,999,9,'999999999,0,0.0000,0,88,999.000,0.0,1.0
2056/5/4,19:00,?9?9?9?9E0?9?9?9?9*9?9*9?9?9?9?9?9?9*9*_?9*9*9?9?9,33.1,28.3,76,100179,9999,9999,449,5,0,5,999900,999900,999900,99990,150,1.0,3,3,999.0,999,9,'999999999,0,0.0000,0,88,999.000,0.0,1.0
2056/5/4,20:00,?9?9?9?9E0?9?9?9?9*9?9*9?9?9?9?9?9?9*9*_?9*9*9?9?9,32.8,28.2,77,100279,9999,9999,450,0,0,0,999900,999900,999900,99990,150,0.8,4,4,999.0,999,9,'999999999,0,0.0000,0,88,999.000,0.0,1.0
2056/5/4,21:00,?9?9?9?9E0?9?9?9?9*9?9*9?9?9?9?9?9?9*9*_?9*9*9?9?9,32.4,28.5,80,100379,9999,9999,448,0,0,0,999900,999900,999900,99990,140,0.8,4,4,999.0,999,9,'999999999,0,0.0000,0,88,999.000,0.0,1.0
2056/5/4,22:00,?9?9?9?9E0?9?9?9?9*9?9*9?9?9?9?9?9?9*9*_?9*9*9?9?9,32.4,28.5,80,100379,9999,9999,445,0,0,0,999900,999900,999900,99990,150,1.0,3,3,999.0,999,9,'999999999,0,0.0000,0,88,999.000,0.0,1.0
2056/5/4,23:00,?9?9?9?9E0?9?9?9?9*9?9*9?9?9?9?9?9?9*9*_?9*9*9?9?9,32.3,28.4,80,100379,9999,9999,444,0,0,0,999900,999900,999900,99990,180,0.6,3,3,999.0,999,9,'999999999,0,0.0000,0,88,999.000,0.0,1.0
2056/5/4,24:00,?9?9?9?9E0?9?9?9?9*9?9*9?9?9?9?9?9?9*9*_?9*9*9?9?9,32.1,28.4,81,100379,9999,9999,443,0,0,0,999900,999900,999900,99990,160,0.5,3,3,999.0,999,9,'999999999,0,0.0000,0,88,999.000,0.0,1.0
2056/5/5,01:00,?9?9?9?9E0?9?9?9?9*9?9*9?9?9?9?9?9?9*9*_?9*9*9?9?9,31.9,28.2,81,100379,9999,9999,437,0,0,0,999900,999900,999900,99990,160,0.1,2,2,999.0,999,9,'999999999,0,0.0000,0,88,999.000,0.0,1.0
2056/5/5,02:00,?9?9?9?9E0?9?9?9?9*9?9*9?9?9?9?9?9?9*9*_?9*9*9?9?9,31.8,28.6,83,100279,9999,9999,437,0,0,0,999900,999900,999900,99990,160,0.1,2,2,999.0,999,9,'999999999,0,0.0000,0,88,999.000,0.0,1.0
2056/5/5,03:00,?9?9?9?9E0?9?9?9?9*9?9*9?9?9?9?9?9?9*9*_?9*9*9?9?9,31.4,28.6,85,100279,9999,9999,429,0,0,0,999900,999900,999900,99990,160,0.2,1,1,999.0,999,9,'999999999,0,0.0000,0,88,999.000,0.0,1.0
2056/5/5,04:00,?9?9?9?9E0?9?9?9?9*9?9*9?9?9?9?9?9?9*9*_?9*9*9?9?9,31.1,28.3,85,100279,9999,9999,427,0,0,0,999900,999900,999900,99990,160,0.1,1,1,999.0,999,9,'999999999,0,0.0000,0,88,999.000,0.0,1.0
2056/5/5,05:00,?9?9?9?9E0?9?9?9?9*9?9*9?9?9?9?9?9?9*9*_?9*9*9?9?9,31.1,28.3,85,100279,9999,9999,433,0,0,0,999900,999900,999900,99990,160,0.1,2,2,999.0,999,9,'999999999,0,0.0000,0,88,999.000,0.0,1.0
2056/5/5,06:00,?9?9?9?9E0?9?9?9?9*9?9*9?9?9?9?9?9?9*9*_?9*9*9?9?9,31.1,28.5,86,100379,9999,9999,433,0,0,0,999900,999900,999900,99990,200,0.3,2,2,999.0,999,9,'999999999,0,0.0000,0,88,999.000,0.0,1.0
2056/5/5,07:00,?9?9?9?9E0?9?9?9?9*9?9*9?9?9?9?9?9?9*9*_?9*9*9?9?9,31.9,29.1,85,100379,9999,9999,446,86,155,61,999900,999900,999900,99990,190,0.6,4,4,999.0,999,9,'999999999,0,0.0000,0,88,999.000,0.0,1.0
2056/5/5,08:00,?9?9?9?9E0?9?9?9?9*9?9*9?9?9?9?9?9?9*9*_?9*9*9?9?9,33.4,28.6,76,100479,9999,9999,458,288,353,147,999900,999900,999900,99990,190,1.0,5,5,999.0,999,9,'999999999,0,0.0000,0,88,999.000,0.0,1.0
2056/5/5,09:00,?9?9?9?9E0?9?9?9?9*9?9*9?9?9?9?9?9?9*9*_?9*9*9?9?9,35.5,26.6,60,100479,9999,9999,468,532,578,177,999900,999900,999900,99990,250,1.6,5,5,999.0,999,9,'999999999,0,0.0000,0,88,999.000,0.0,1.0
2056/5/5,10:00,?9?9?9?9E0?9?9?9?9*9?9*9?9?9?9?9?9?9*9*_?9*9*9?9?9,36.7,24.9,51,100479,9999,9999,473,698,598,225,999900,999900,999900,99990,250,1.2,5,5,999.0,999,9,'999999999,0,0.0000,0,88,999.000,0.0,1.0
2056/5/5,11:00,?9?9?9?9E0?9?9?9?9*9?9*9?9?9?9?9?9?9*9*_?9*9*9?9?9,37.9,26.0,51,100379,9999,9999,482,798,566,278,999900,999900,999900,99990,220,1.0,5,5,999.0,999,9,'999999999,0,0.0000,0,88,999.000,0.0,1.0
2056/5/5,12:00,?9?9?9?9E0?9?9?9?9*9?9*9?9?9?9?9?9?9*9*_?9*9*9?9?9,39.3,23.6,41,100379,9999,9999,483,938,685,262,999900,999900,999900,99990,180,0.8,4,4,999.0,999,9,'999999999,0,0.0000,0,88,999.000,0.0,1.0
2056/5/5,13:00,?9?9?9?9E0?9?9?9?9*9?9*9?9?9?9?9?9?9*9*_?9*9*9?9?9,37.7,23.0,43,100279,9999,9999,472,989,763,231,999900,999900,999900,99990,190,1.9,4,4,999.0,999,9,'999999999,0,0.0000,0,88,999.000,0.0,1.0
2056/5/5,14:00,?9?9?9?9E0?9?9?9?9*9?9*9?9?9?9?9?9?9*9*_?9*9*9?9?9,39.1,27.1,51,100179,9999,9999,487,899,728,217,999900,999900,999900,99990,190,2.1,4,4,999.0,999,9,'999999999,0,0.0000,0,88,999.000,0.0,1.0
2056/5/5,15:00,?9?9?9?9E0?9?9?9?9*9?9*9?9?9?9?9?9?9*9*_?9*9*9?9?9,38.5,26.6,51,100079,9999,9999,479,797,760,175,999900,999900,999900,99990,160,1.5,3,3,999.0,999,9,'999999999,0,0.0000,0,88,999.000,0.0,1.0
2056/5/5,16:00,?9?9?9?9E0?9?9?9?9*9?9*9?9?9?9?9?9?9*9*_?9*9*9?9?9,37.0,27.4,58,100079,9999,9999,466,605,701,149,999900,999900,999900,99990,160,1.9,2,2,999.0,999,9,'999999999,0,0.0000,0,88,999.000,0.0,1.0
2056/5/5,17:00,?9?9?9?9E0?9?9?9?9*9?9*9?9?9?9?9?9?9*9*_?9*9*9?9?9,35.7,27.6,63,100079,9999,9999,452,371,552,127,999900,999900,999900,99990,160,1.9,1,1,999.0,999,9,'999999999,0,0.0000,0,88,999.000,0.0,1.0
2056/5/5,18:00,?9?9?9?9E0?9?9?9?9*9?9*9?9?9?9?9?9?9*9*_?9*9*9?9?9,34.1,27.9,70,100079,9999,9999,435,138,277,80,999900,999900,999900,99990,180,1.9,0,0,999.0,999,9,'999999999,0,0.0000,0,88,999.000,0.0,1.0
2056/5/5,19:00,?9?9?9?9E0?9?9?9?9*9?9*9?9?9?9?9?9?9*9*_?9*9*9?9?9,33.4,28.1,74,100179,9999,9999,432,6,0,6,999900,999900,999900,99990,170,1.9,0,0,999.0,999,9,'999999999,0,0.0000,0,88,999.000,0.0,1.0
2056/5/5,20:00,?9?9?9?9E0?9?9?9?9*9?9*9?9?9?9?9?9?9*9*_?9*9*9?9?9,33.1,28.1,75,100179,9999,9999,444,0,0,0,999900,999900,999900,99990,160,1.5,2,2,999.0,999,9,'999999999,0,0.0000,0,88,999.000,0.0,1.0
2056/5/5,21:00,?9?9?9?9E0?9?9?9?9*9?9*9?9?9?9?9?9?9*9*_?9*9*9?9?9,32.7,28.4,78,100279,9999,9999,446,0,0,0,999900,999900,999900,99990,140,0.8,3,3,999.0,999,9,'999999999,0,0.0000,0,88,999.000,0.0,1.0
2056/5/5,22:00,?9?9?9?9E0?9?9?9?9*9?9*9?9?9?9?9?9?9*9*_?9*9*9?9?9,32.7,28.4,78,100279,9999,9999,446,0,0,0,999900,999900,999900,99990,140,0.6,3,3,999.0,999,9,'999999999,0,0.0000,0,88,999.000,0.0,1.0
2056/5/5,23:00,?9?9?9?9E0?9?9?9?9*9?9*9?9?9?9?9?9?9*9*_?9*9*9?9?9,32.5,28.4,79,100379,9999,9999,445,0,0,0,999900,999900,999900,99990,140,0.6,3,3,999.0,999,9,'999999999,0,0.0000,0,88,999.000,0.0,1.0
2056/5/5,24:00,?9?9?9?9E0?9?9?9?9*9?9*9?9?9?9?9?9?9*9*_?9*9*9?9?9,32.1,28.4,81,100379,9999,9999,443,0,0,0,999900,999900,999900,99990,140,0.5,3,3,999.0,999,9,'999999999,0,0.0000,0,88,999.000,0.0,1.0
2056/5/6,01:00,?9?9?9?9E0?9?9?9?9*9?9*9?9?9?9?9?9?9*9*_?9*9*9?9?9,32.1,28.4,81,100279,9999,9999,443,0,0,0,999900,999900,999900,99990,140,0.4,3,3,999.0,999,9,'999999999,0,0.0000,0,88,999.000,0.0,1.0
2056/5/6,02:00,?9?9?9?9E0?9?9?9?9*9?9*9?9?9?9?9?9?9*9*_?9*9*9?9?9,31.9,28.2,81,100279,9999,9999,442,0,0,0,999900,999900,999900,99990,140,0.4,3,3,999.0,999,9,'999999999,0,0.0000,0,88,999.000,0.0,1.0
2056/5/6,03:00,?9?9?9?9E0?9?9?9?9*9?9*9?9?9?9?9?9?9*9*_?9*9*9?9?9,32.4,28.9,82,100279,9999,9999,445,0,0,0,999900,999900,999900,99990,180,0.2,3,3,999.0,999,9,'999999999,0,0.0000,0,88,999.000,0.0,1.0
2056/5/6,04:00,?9?9?9?9E0?9?9?9?9*9?9*9?9?9?9?9?9?9*9*_?9*9*9?9?9,32.4,28.9,82,100279,9999,9999,445,0,0,0,999900,999900,999900,99990,180,0.2,3,3,999.0,999,9,'999999999,0,0.0000,0,88,999.000,0.0,1.0
2056/5/6,05:00,?9?9?9?9E0?9?9?9?9*9?9*9?9?9?9?9?9?9*9*_?9*9*9?9?9,32.4,28.9,82,100379,9999,9999,445,0,0,0,999900,999900,999900,99990,180,0.1,3,3,999.0,999,9,'999999999,0,0.0000,0,88,999.000,0.0,1.0
2056/5/6,06:00,?9?9?9?9E0?9?9?9?9*9?9*9?9?9?9?9?9?9*9*_?9*9*9?9?9,32.3,29.1,83,100379,9999,9999,452,0,0,0,999900,999900,999900,99990,180,0.2,5,5,999.0,999,9,'999999999,0,0.0000,0,88,999.000,0.0,1.0
2056/5/6,07:00,?9?9?9?9E0?9?9?9?9*9?9*9?9?9?9?9?9?9*9*_?9*9*9?9?9,31.8,28.6,83,100479,9999,9999,448,82,131,61,999900,999900,999900,99990,180,0.4,5,5,999.0,999,9,'999999999,0,0.0000,0,88,999.000,0.0,1.0
2056/5/6,08:00,?9?9?9?9E0?9?9?9?9*9?9*9?9?9?9?9?9?9*9*_?9*9*9?9?9,33.6,28.1,73,100479,9999,9999,458,296,371,148,999900,999900,999900,99990,180,1.2,5,5,999.0,999,9,'999999999,0,0.0000,0,88,999.000,0.0,1.0
2056/5/6,09:00,?9?9?9?9E0?9?9?9?9*9?9*9?9?9?9?9?9?9*9*_?9*9*9?9?9,34.7,26.9,64,100579,9999,9999,463,530,565,183,999900,999900,999900,99990,180,1.2,5,5,999.0,999,9,'999999999,0,0.0000,0,88,999.000,0.0,1.0
2056/5/6,10:00,?9?9?9?9E0?9?9?9?9*9?9*9?9?9?9?9?9?9*9*_?9*9*9?9?9,36.0,26.7,59,100579,9999,9999,471,677,549,243,999900,999900,999900,99990,180,0.6,5,5,999.0,999,9,'999999999,0,0.0000,0,88,999.000,0.0,1.0
2056/5/6,11:00,?9?9?9?9E0?9?9?9?9*9?9*9?9?9?9?9?9?9*9*_?9*9*9?9?9,37.0,25.5,52,100579,9999,9999,475,800,556,290,999900,999900,999900,99990,180,0.8,5,5,999.0,999,9,'999999999,0,0.0000,0,88,999.000,0.0,1.0
2056/5/6,12:00,?9?9?9?9E0?9?9?9?9*9?9*9?9?9?9?9?9?9*9*_?9*9*9?9?9,38.2,25.6,49,100579,9999,9999,483,872,571,308,999900,999900,999900,99990,180,0.8,5,5,999.0,999,9,'999999999,0,0.0000,0,88,999.000,0.0,1.0
2056/5/6,13:00,?9?9?9?9E0?9?9?9?9*9?9*9?9?9?9?9?9?9*9*_?9*9*9?9?9,37.7,24.1,46,100479,9999,9999,470,1004,782,228,999900,999900,999900,99990,180,1.9,3,3,999.0,999,9,'999999999,0,0.0000,0,88,999.000,0.0,1.0
2056/5/6,14:00,?9?9?9?9E0?9?9?9?9*9?9*9?9?9?9?9?9?9*9*_?9*9*9?9?9,37.0,25.2,51,100379,9999,9999,468,934,785,199,999900,999900,999900,99990,180,2.1,3,3,999.0,999,9,'999999999,0,0.0000,0,88,999.000,0.0,1.0
2056/5/6,15:00,?9?9?9?9E0?9?9?9?9*9?9*9?9?9?9?9?9?9*9*_?9*9*9?9?9,36.4,24.6,51,100379,9999,9999,467,779,716,192,999900,999900,999900,99990,130,1.7,4,4,999.0,999,9,'999999999,0,0.0000,0,88,999.000,0.0,1.0
2056/5/6,16:00,?9?9?9?9E0?9?9?9?9*9?9*9?9?9?9?9?9?9*9*_?9*9*9?9?9,36.3,26.7,58,100279,9999,9999,473,549,545,194,999900,999900,999900,99990,160,1.2,5,5,999.0,999,9,'999999999,0,0.0000,0,88,999.000,0.0,1.0
2056/5/6,17:00,?9?9?9?9E0?9?9?9?9*9?9*9?9?9?9?9?9?9*9*_?9*9*9?9?9,34.6,27.1,65,100279,9999,9999,463,323,370,159,999900,999900,999900,99990,160,1.9,5,5,999.0,999,9,'999999999,0,0.0000,0,88,999.000,0.0,1.0
2056/5/6,18:00,?9?9?9?9E0?9?9?9?9*9?9*9?9?9?9?9?9?9*9*_?9*9*9?9?9,33.3,27.8,73,100279,9999,9999,449,130,215,85,999900,999900,999900,99990,140,1.7,3,3,999.0,999,9,'999999999,0,0.0000,0,88,999.000,0.0,1.0
2056/5/6,19:00,?9?9?9?9E0?9?9?9?9*9?9*9?9?9?9?9?9?9*9*_?9*9*9?9?9,32.8,27.6,74,100479,9999,9999,449,5,0,5,999900,999900,999900,99990,150,1.0,4,4,999.0,999,9,'999999999,0,0.0000,0,88,999.000,0.0,1.0
2056/5/6,20:00,?9?9?9?9E0?9?9?9?9*9?9*9?9?9?9?9?9?9*9*_?9*9*9?9?9,32.6,27.6,75,100579,9999,9999,452,0,0,0,999900,999900,999900,99990,160,0.8,5,5,999.0,999,9,'999999999,0,0.0000,0,88,999.000,0.0,1.0
2056/5/6,21:00,?9?9?9?9E0?9?9?9?9*9?9*9?9?9?9?9?9?9*9*_?9*9*9?9?9,32.3,28.2,79,100579,9999,9999,447,0,0,0,999900,999900,999900,99990,140,0.6,4,4,999.0,999,9,'999999999,0,0.0000,0,88,999.000,0.0,1.0
2056/5/6,22:00,?9?9?9?9E0?9?9?9?9*9?9*9?9?9?9?9?9?9*9*_?9*9*9?9?9,32.0,27.9,79,100679,9999,9999,442,0,0,0,999900,999900,999900,99990,150,0.6,3,3,999.0,999,9,'999999999,0,0.0000,0,88,999.000,0.0,1.0
2056/5/6,23:00,?9?9?9?9E0?9?9?9?9*9?9*9?9?9?9?9?9?9*9*_?9*9*9?9?9,31.8,27.7,79,100679,9999,9999,440,0,0,0,999900,999900,999900,99990,150,0.4,3,3,999.0,999,9,'999999999,0,0.0000,0,88,999.000,0.0,1.0
2056/5/6,24:00,?9?9?9?9E0?9?9?9?9*9?9*9?9?9?9?9?9?9*9*_?9*9*9?9?9,31.4,28.6,85,100679,9999,9999,429,0,0,0,999900,999900,999900,99990,160,0.4,1,1,999.0,999,9,'999999999,0,0.0000,0,88,999.000,0.0,1.0
2056/5/7,01:00,?9?9?9?9E0?9?9?9?9*9?9*9?9?9?9?9?9?9*9*_?9*9*9?9?9,31.4,28.6,85,100579,9999,9999,435,0,0,0,999900,999900,999900,99990,140,0.2,2,2,999.0,999,9,'999999999,0,0.0000,0,88,999.000,0.0,1.0
2056/5/7,02:00,?9?9?9?9E0?9?9?9?9*9?9*9?9?9?9?9?9?9*9*_?9*9*9?9?9,31.2,28.4,85,100579,9999,9999,438,0,0,0,999900,999900,999900,99990,140,0.3,3,3,999.0,999,9,'999999999,0,0.0000,0,88,999.000,0.0,1.0
2056/5/7,03:00,?9?9?9?9E0?9?9?9?9*9?9*9?9?9?9?9?9?9*9*_?9*9*9?9?9,31.0,28.2,85,100579,9999,9999,436,0,0,0,999900,999900,999900,99990,140,0.3,3,3,999.0,999,9,'999999999,0,0.0000,0,88,999.000,0.0,1.0
2056/5/7,04:00,?9?9?9?9E0?9?9?9?9*9?9*9?9?9?9?9?9?9*9*_?9*9*9?9?9,30.7,27.9,85,100579,9999,9999,434,0,0,0,999900,999900,999900,99990,140,0.1,3,3,999.0,999,9,'999999999,0,0.0000,0,88,999.000,0.0,1.0
2056/5/7,05:00,?9?9?9?9E0?9?9?9?9*9?9*9?9?9?9?9?9?9*9*_?9*9*9?9?9,30.3,27.5,85,100579,9999,9999,435,0,0,0,999900,999900,999900,99990,140,0.0,4,4,999.0,999,9,'999999999,0,0.0000,0,88,999.000,0.0,1.0
2056/5/7,06:00,?9?9?9?9E0?9?9?9?9*9?9*9?9?9?9?9?9?9*9*_?9*9*9?9?9,30.1,27.3,85,100679,9999,9999,441,0,0,0,999900,999900,999900,99990,140,0.0,6,6,999.0,999,9,'999999999,0,0.0000,0,88,999.000,0.0,1.0
2056/5/7,07:00,?9?9?9?9E0?9?9?9?9*9?9*9?9?9?9?9?9?9*9*_?9*9*9?9?9,31.4,28.4,84,100779,9999,9999,455,61,56,52,999900,999900,999900,99990,140,0.0,7,7,999.0,999,9,'999999999,0,0.0000,0,88,999.000,0.0,1.0
2056/5/7,08:00,?9?9?9?9E0?9?9?9?9*9?9*9?9?9?9?9?9?9*9*_?9*9*9?9?9,32.9,27.2,72,100879,9999,9999,457,272,279,160,999900,999900,999900,99990,140,0.6,6,6,999.0,999,9,'999999999,0,0.0000,0,88,999.000,0.0,1.0
2056/5/7,09:00,?9?9?9?9E0?9?9?9?9*9?9*9?9?9?9?9?9?9*9*_?9*9*9?9?9,33.7,27.2,69,100879,9999,9999,458,514,521,194,999900,999900,999900,99990,200,0.8,5,5,999.0,999,9,'999999999,0,0.0000,0,88,999.000,0.0,1.0
2056/5/7,10:00,?9?9?9?9E0?9?9?9?9*9?9*9?9?9?9?9?9?9*9*_?9*9*9?9?9,34.7,25.5,59,100879,9999,9999,461,683,562,239,999900,999900,999900,99990,150,1.2,5,5,999.0,999,9,'999999999,0,0.0000,0,88,999.000,0.0,1.0
2056/5/7,11:00,?9?9?9?9E0?9?9?9?9*9?9*9?9?9?9?9?9?9*9*_?9*9*9?9?9,35.7,25.3,55,100879,9999,9999,467,798,565,280,999900,999900,999900,99990,170,1.7,5,5,999.0,999,9,'999999999,0,0.0000,0,88,999.000,0.0,1.0
2056/5/7,12:00,?9?9?9?9E0?9?9?9?9*9?9*9?9?9?9?9?9?9*9*_?9*9*9?9?9,36.4,23.3,47,100879,9999,9999,461,956,713,252,999900,999900,999900,99990,140,1.2,3,3,999.0,999,9,'999999999,0,0.0000,0,88,999.000,0.0,1.0
2056/5/7,13:00,?9?9?9?9E0?9?9?9?9*9?9*9?9?9?9?9?9?9*9*_?9*9*9?9?9,36.4,24.0,49,100779,9999,9999,466,962,721,246,999900,999900,999900,99990,140,1.5,4,4,999.0,999,9,'999999999,0,0.0000,0,88,999.000,0.0,1.0
2056/5/7,14:00,?9?9?9?9E0?9?9?9?9*9?9*9?9?9?9?9?9?9*9*_?9*9*9?9?9,36.4,23.6,48,100779,9999,9999,466,909,744,213,999900,999900,999900,99990,140,1.7,4,4,999.0,999,9,'999999999,0,0.0000,0,88,999.000,0.0,1.0
2056/5/7,15:00,?9?9?9?9E0?9?9?9?9*9?9*9?9?9?9?9?9?9*9*_?9*9*9?9?9,35.8,23.4,49,100679,9999,9999,458,800,767,172,999900,999900,999900,99990,110,1.2,3,3,999.0,999,9,'999999999,0,0.0000,0,88,999.000,0.0,1.0
2056/5/7,16:00,?9?9?9?9E0?9?9?9?9*9?9*9?9?9?9?9?9?9*9*_?9*9*9?9?9,35.9,23.5,49,100579,9999,9999,459,611,715,146,999900,999900,999900,99990,170,1.2,3,3,999.0,999,9,'999999999,0,0.0000,0,88,999.000,0.0,1.0
2056/5/7,17:00,?9?9?9?9E0?9?9?9?9*9?9*9?9?9?9?9?9?9*9*_?9*9*9?9?9,35.3,24.3,53,100579,9999,9999,456,368,540,129,999900,999900,999900,99990,160,1.2,3,3,999.0,999,9,'999999999,0,0.0000,0,88,999.000,0.0,1.0
2056/5/7,18:00,?9?9?9?9E0?9?9?9?9*9?9*9?9?9?9?9?9?9*9*_?9*9*9?9?9,33.6,24.8,60,100579,9999,9999,447,138,271,82,999900,999900,999900,99990,140,0.6,3,3,999.0,999,9,'999999999,0,0.0000,0,88,999.000,0.0,1.0
2056/5/7,19:00,?9?9?9?9E0?9?9?9?9*9?9*9?9?9?9?9?9?9*9*_?9*9*9?9?9,32.6,26.2,69,100579,9999,9999,443,6,0,6,999900,999900,999900,99990,150,0.8,3,3,999.0,999,9,'999999999,0,0.0000,0,88,999.000,0.0,1.0
2056/5/7,20:00,?9?9?9?9E0?9?9?9?9*9?9*9?9?9?9?9?9?9*9*_?9*9*9?9?9,32.3,26.1,70,100679,9999,9999,441,0,0,0,999900,999900,999900,99990,150,0.4,3,3,999.0,999,9,'999999999,0,0.0000,0,88,999.000,0.0,1.0
2056/5/7,21:00,?9?9?9?9E0?9?9?9?9*9?9*9?9?9?9?9?9?9*9*_?9*9*9?9?9,32.0,26.1,71,100779,9999,9999,439,0,0,0,999900,999900,999900,99990,180,0.3,3,3,999.0,999,9,'999999999,0,0.0000,0,88,999.000,0.0,1.0
2056/5/7,22:00,?9?9?9?9E0?9?9?9?9*9?9*9?9?9?9?9?9?9*9*_?9*9*9?9?9,31.8,26.8,75,100779,9999,9999,439,0,0,0,999900,999900,999900,99990,130,0.3,3,3,999.0,999,9,'999999999,0,0.0000,0,88,999.000,0.0,1.0
2056/5/7,23:00,?9?9?9?9E0?9?9?9?9*9?9*9?9?9?9?9?9?9*9*_?9*9*9?9?9,31.7,27.2,77,100779,9999,9999,439,0,0,0,999900,999900,999900,99990,140,0.1,3,3,999.0,999,9,'999999999,0,0.0000,0,88,999.000,0.0,1.0
2056/5/7,24:00,?9?9?9?9E0?9?9?9?9*9?9*9?9?9?9?9?9?9*9*_?9*9*9?9?9,31.1,27.5,81,100679,9999,9999,432,0,0,0,999900,999900,999900,99990,140,0.2,2,2,999.0,999,9,'999999999,0,0.0000,0,88,999.000,0.0,1.0
2056/5/8,01:00,?9?9?9?9E0?9?9?9?9*9?9*9?9?9?9?9?9?9*9*_?9*9*9?9?9,30.9,27.5,82,100679,9999,9999,425,0,0,0,999900,999900,999900,99990,140,0.1,1,1,999.0,999,9,'999999999,0,0.0000,0,88,999.000,0.0,1.0
2056/5/8,02:00,?9?9?9?9E0?9?9?9?9*9?9*9?9?9?9?9?9?9*9*_?9*9*9?9?9,30.3,27.5,85,100579,9999,9999,422,0,0,0,999900,999900,999900,99990,140,0.0,1,1,999.0,999,9,'999999999,0,0.0000,0,88,999.000,0.0,1.0
2056/5/8,03:00,?9?9?9?9E0?9?9?9?9*9?9*9?9?9?9?9?9?9*9*_?9*9*9?9?9,29.8,27.4,87,100579,9999,9999,411,0,0,0,999900,999900,999900,99990,140,0.0,0,0,999.0,999,9,'999999999,0,0.0000,0,88,999.000,0.0,1.0
2056/5/8,04:00,?9?9?9?9E0?9?9?9?9*9?9*9?9?9?9?9?9?9*9*_?9*9*9?9?9,29.8,27.4,87,100579,9999,9999,411,0,0,0,999900,999900,999900,99990,140,0.0,0,0,999.0,999,9,'999999999,0,0.0000,0,88,999.000,0.0,1.0
2056/5/8,05:00,?9?9?9?9E0?9?9?9?9*9?9*9?9?9?9?9?9?9*9*_?9*9*9?9?9,29.3,26.9,87,100679,9999,9999,407,0,0,0,999900,999900,999900,99990,140,0.1,0,0,999.0,999,9,'999999999,0,0.0000,0,88,999.000,0.0,1.0
2056/5/8,06:00,?9?9?9?9E0?9?9?9?9*9?9*9?9?9?9?9?9?9*9*_?9*9*9?9?9,29.3,26.9,87,100679,9999,9999,425,1,0,1,999900,999900,999900,99990,140,0.1,3,3,999.0,999,9,'999999999,0,0.0000,0,88,999.000,0.0,1.0
2056/5/8,07:00,?9?9?9?9E0?9?9?9?9*9?9*9?9?9?9?9?9?9*9*_?9*9*9?9?9,30.4,27.4,84,100779,9999,9999,439,82,101,65,999900,999900,999900,99990,140,0.1,5,5,999.0,999,9,'999999999,0,0.0000,0,88,999.000,0.0,1.0
2056/5/8,08:00,?9?9?9?9E0?9?9?9?9*9?9*9?9?9?9?9?9?9*9*_?9*9*9?9?9,32.4,27.4,75,100779,9999,9999,450,288,335,153,999900,999900,999900,99990,140,0.4,5,5,999.0,999,9,'999999999,0,0.0000,0,88,999.000,0.0,1.0
2056/5/8,09:00,?9?9?9?9E0?9?9?9?9*9?9*9?9?9?9?9?9?9*9*_?9*9*9?9?9,33.9,26.4,65,100879,9999,9999,458,519,532,192,999900,999900,999900,99990,140,0.5,5,5,999.0,999,9,'999999999,0,0.0000,0,88,999.000,0.0,1.0
2056/5/8,10:00,?9?9?9?9E0?9?9?9?9*9?9*9?9?9?9?9?9?9*9*_?9*9*9?9?9,35.6,25.2,55,100979,9999,9999,466,682,557,242,999900,999900,999900,99990,170,0.3,5,5,999.0,999,9,'999999999,0,0.0000,0,88,999.000,0.0,1.0
2056/5/8,11:00,?9?9?9?9E0?9?9?9?9*9?9*9?9?9?9?9?9?9*9*_?9*9*9?9?9,36.1,24.0,50,100879,9999,9999,468,806,567,286,999900,999900,999900,99990,150,1.0,5,5,999.0,999,9,'999999999,0,0.0000,0,88,999.000,0.0,1.0
2056/5/8,12:00,?9?9?9?9E0?9?9?9?9*9?9*9?9?9?9?9?9?9*9*_?9*9*9?9?9,36.7,24.3,49,100879,9999,9999,472,878,574,312,999900,999900,999900,99990,90,1.2,5,5,999.0,999,9,'999999999,0,0.0000,0,88,999.000,0.0,1.0
2056/5/8,13:00,?9?9?9?9E0?9?9?9?9*9?9*9?9?9?9?9?9?9*9*_?9*9*9?9?9,37.1,24.6,49,100779,9999,9999,475,921,641,285,999900,999900,999900,99990,150,1.2,5,5,999.0,999,9,'999999999,0,0.0000,0,88,999.000,0.0,1.0
2056/5/8,14:00,?9?9?9?9E0?9?9?9?9*9?9*9?9?9?9?9?9?9*9*_?9*9*9?9?9,37.0,23.8,47,100679,9999,9999,469,911,740,219,999900,999900,999900,99990,150,1.7,4,4,999.0,999,9,'999999999,0,0.0000,0,88,999.000,0.0,1.0
2056/5/8,15:00,?9?9?9?9E0?9?9?9?9*9?9*9?9?9?9?9?9?9*9*_?9*9*9?9?9,36.6,24.2,49,100579,9999,9999,464,798,755,180,999900,999900,999900,99990,110,1.5,3,3,999.0,999,9,'999999999,0,0.0000,0,88,999.000,0.0,1.0
2056/5/8,16:00,?9?9?9?9E0?9?9?9?9*9?9*9?9?9?9?9?9?9*9*_?9*9*9?9?9,35.9,26.1,57,100579,9999,9999,466,576,614,176,999900,999900,999900,99990,130,1.0,4,4,999.0,999,9,'999999999,0,0.0000,0,88,999.000,0.0,1.0
2056/5/8,17:00,?9?9?9?9E0?9?9?9?9*9?9*9?9?9?9?9?9?9*9*_?9*9*9?9?9,35.1,26.5,61,100479,9999,9999,465,327,383,157,999900,999900,999900,99990,110,1.0,5,5,999.0,999,9,'999999999,0,0.0000,0,88,999.000,0.0,1.0
2056/5/8,18:00,?9?9?9?9E0?9?9?9?9*9?9*9?9?9?9?9?9?9*9*_?9*9*9?9?9,33.7,27.0,68,100479,9999,9999,454,127,200,85,999900,999900,999900,99990,110,0.8,4,4,999.0,999,9,'999999999,0,0.0000,0,88,999.000,0.0,1.0
2056/5/8,19:00,?9?9?9?9E0?9?9?9?9*9?9*9?9?9?9?9?9?9*9*_?9*9*9?9?9,33.0,26.6,69,100579,9999,9999,449,6,0,6,999900,999900,999900,99990,130,1.0,4,4,999.0,999,9,'999999999,0,0.0000,0,88,999.000,0.0,1.0
2056/5/8,20:00,?9?9?9?9E0?9?9?9?9*9?9*9?9?9?9?9?9?9*9*_?9*9*9?9?9,32.7,27.2,73,100579,9999,9999,452,0,0,0,999900,999900,999900,99990,160,0.4,5,5,999.0,999,9,'999999999,0,0.0000,0,88,999.000,0.0,1.0
2056/5/8,21:00,?9?9?9?9E0?9?9?9?9*9?9*9?9?9?9?9?9?9*9*_?9*9*9?9?9,32.5,27.5,75,100579,9999,9999,451,0,0,0,999900,999900,999900,99990,140,0.4,5,5,999.0,999,9,'999999999,0,0.0000,0,88,999.000,0.0,1.0
2056/5/8,22:00,?9?9?9?9E0?9?9?9?9*9?9*9?9?9?9?9?9?9*9*_?9*9*9?9?9,32.3,27.8,77,100579,9999,9999,450,0,0,0,999900,999900,999900,99990,160,0.3,5,5,999.0,999,9,'999999999,0,0.0000,0,88,999.000,0.0,1.0
2056/5/8,23:00,?9?9?9?9E0?9?9?9?9*9?9*9?9?9?9?9?9?9*9*_?9*9*9?9?9,32.1,27.6,77,100579,9999,9999,442,0,0,0,999900,999900,999900,99990,160,0.1,3,3,999.0,999,9,'999999999,0,0.0000,0,88,999.000,0.0,1.0
2056/5/8,24:00,?9?9?9?9E0?9?9?9?9*9?9*9?9?9?9?9?9?9*9*_?9*9*9?9?9,31.7,27.6,79,100579,9999,9999,429,0,0,0,999900,999900,999900,99990,140,0.2,1,1,999.0,999,9,'999999999,0,0.0000,0,88,999.000,0.0,1.0
2056/5/9,01:00,?9?9?9?9E0?9?9?9?9*9?9*9?9?9?9?9?9?9*9*_?9*9*9?9?9,31.5,27.9,81,100479,9999,9999,434,0,0,0,999900,999900,999900,99990,150,0.0,2,2,999.0,999,9,'999999999,0,0.0000,0,88,999.000,0.0,1.0
2056/5/9,02:00,?9?9?9?9E0?9?9?9?9*9?9*9?9?9?9?9?9?9*9*_?9*9*9?9?9,31.1,28.3,85,100479,9999,9999,433,0,0,0,999900,999900,999900,99990,150,0.0,2,2,999.0,999,9,'999999999,0,0.0000,0,88,999.000,0.0,1.0
2056/5/9,03:00,?9?9?9?9E0?9?9?9?9*9?9*9?9?9?9?9?9?9*9*_?9*9*9?9?9,30.6,28.2,87,100479,9999,9999,424,0,0,0,999900,999900,999900,99990,150,0.1,1,1,999.0,999,9,'999999999,0,0.0000,0,88,999.000,0.0,1.0
2056/5/9,04:00,?9?9?9?9E0?9?9?9?9*9?9*9?9?9?9?9?9?9*9*_?9*9*9?9?9,30.6,28.2,87,100479,9999,9999,430,0,0,0,999900,999900,999900,99990,150,0.1,2,2,999.0,999,9,'999999999,0,0.0000,0,88,999.000,0.0,1.0
2056/5/9,05:00,?9?9?9?9E0?9?9?9?9*9?9*9?9?9?9?9?9?9*9*_?9*9*9?9?9,30.6,28.2,87,100579,9999,9999,434,0,0,0,999900,999900,999900,99990,150,0.1,3,3,999.0,999,9,'999999999,0,0.0000,0,88,999.000,0.0,1.0
2056/5/9,06:00,?9?9?9?9E0?9?9?9?9*9?9*9?9?9?9?9?9?9*9*_?9*9*9?9?9,30.1,27.7,87,100579,9999,9999,434,1,0,1,999900,999900,999900,99990,150,0.0,4,4,999.0,999,9,'999999999,0,0.0000,0,88,999.000,0.0,1.0
2056/5/9,07:00,?9?9?9?9E0?9?9?9?9*9?9*9?9?9?9?9?9?9*9*_?9*9*9?9?9,30.7,28.1,86,100679,9999,9999,441,82,97,66,999900,999900,999900,99990,150,0.0,5,5,999.0,999,9,'999999999,0,0.0000,0,88,999.000,0.0,1.0
2056/5/9,08:00,?9?9?9?9E0?9?9?9?9*9?9*9?9?9?9?9?9?9*9*_?9*9*9?9?9,32.9,28.6,78,100579,9999,9999,455,286,321,157,999900,999900,999900,99990,150,0.1,5,5,999.0,999,9,'999999999,0,0.0000,0,88,999.000,0.0,1.0
2056/5/9,09:00,?9?9?9?9E0?9?9?9?9*9?9*9?9?9?9?9?9?9*9*_?9*9*9?9?9,34.7,27.7,67,100679,9999,9999,464,516,515,199,999900,999900,999900,99990,150,0.8,5,5,999.0,999,9,'999999999,0,0.0000,0,88,999.000,0.0,1.0
2056/5/9,10:00,?9?9?9?9E0?9?9?9?9*9?9*9?9?9?9?9?9?9*9*_?9*9*9?9?9,36.2,26.9,59,100679,9999,9999,472,671,526,255,999900,999900,999900,99990,200,0.6,5,5,999.0,999,9,'999999999,0,0.0000,0,88,999.000,0.0,1.0
2056/5/9,11:00,?9?9?9?9E0?9?9?9?9*9?9*9?9?9?9?9?9?9*9*_?9*9*9?9?9,37.3,25.5,51,100679,9999,9999,477,800,548,297,999900,999900,999900,99990,140,1.5,5,5,999.0,999,9,'999999999,0,0.0000,0,88,999.000,0.0,1.0
2056/5/9,12:00,?9?9?9?9E0?9?9?9?9*9?9*9?9?9?9?9?9?9*9*_?9*9*9?9?9,37.7,25.8,51,100579,9999,9999,480,870,553,325,999900,999900,999900,99990,140,1.2,5,5,999.0,999,9,'999999999,0,0.0000,0,88,999.000,0.0,1.0
2056/5/9,13:00,?9?9?9?9E0?9?9?9?9*9?9*9?9?9?9?9?9?9*9*_?9*9*9?9?9,37.5,25.7,51,100479,9999,9999,479,917,621,301,999900,999900,999900,99990,140,1.7,5,5,999.0,999,9,'999999999,0,0.0000,0,88,999.000,0.0,1.0
2056/5/9,14:00,?9?9?9?9E0?9?9?9?9*9?9*9?9?9?9?9?9?9*9*_?9*9*9?9?9,37.1,26.6,55,100479,9999,9999,477,853,622,272,999900,999900,999900,99990,150,1.7,5,5,999.0,999,9,'999999999,0,0.0000,0,88,999.000,0.0,1.0
2056/5/9,15:00,?9?9?9?9E0?9?9?9?9*9?9*9?9?9?9?9?9?9*9*_?9*9*9?9?9,36.4,27.1,59,100379,9999,9999,474,716,574,246,999900,999900,999900,99990,140,1.0,5,5,999.0,999,9,'999999999,0,0.0000,0,88,999.000,0.0,1.0
2056/5/9,16:00,?9?9?9?9E0?9?9?9?9*9?9*9?9?9?9?9?9?9*9*_?9*9*9?9?9,36.3,27.6,61,100279,9999,9999,474,540,508,209,999900,999900,999900,99990,120,0.8,5,5,999.0,999,9,'999999999,0,0.0000,0,88,999.000,0.0,1.0
2056/5/9,17:00,?9?9?9?9E0?9?9?9?9*9?9*9?9?9?9?9?9?9*9*_?9*9*9?9?9,35.0,26.9,63,100279,9999,9999,465,325,363,164,999900,999900,999900,99990,180,1.5,5,5,999.0,999,9,'999999999,0,0.0000,0,88,999.000,0.0,1.0
2056/5/9,18:00,?9?9?9?9E0?9?9?9?9*9?9*9?9?9?9?9?9?9*9*_?9*9*9?9?9,34.0,28.0,71,100279,9999,9999,457,126,188,87,999900,999900,999900,99990,140,1.5,4,4,999.0,999,9,'999999999,0,0.0000,0,88,999.000,0.0,1.0
2056/5/9,19:00,?9?9?9?9E0?9?9?9?9*9?9*9?9?9?9?9?9?9*9*_?9*9*9?9?9,33.3,28.3,75,100379,9999,9999,453,6,0,6,999900,999900,999900,99990,150,1.5,4,4,999.0,999,9,'999999999,0,0.0000,0,88,999.000,0.0,1.0
2056/5/9,20:00,?9?9?9?9E0?9?9?9?9*9?9*9?9?9?9?9?9?9*9*_?9*9*9?9?9,33.1,28.1,75,100479,9999,9999,452,0,0,0,999900,999900,999900,99990,150,0.7,4,4,999.0,999,9,'999999999,0,0.0000,0,88,999.000,0.0,1.0
2056/5/9,21:00,?9?9?9?9E0?9?9?9?9*9?9*9?9?9?9?9?9?9*9*_?9*9*9?9?9,32.9,28.3,77,100479,9999,9999,448,0,0,0,999900,999900,999900,99990,160,0.8,3,3,999.0,999,9,'999999999,0,0.0000,0,88,999.000,0.0,1.0
2056/5/9,22:00,?9?9?9?9E0?9?9?9?9*9?9*9?9?9?9?9?9?9*9*_?9*9*9?9?9,32.8,29.1,81,100479,9999,9999,452,0,0,0,999900,999900,999900,99990,150,0.6,4,4,999.0,999,9,'999999999,0,0.0000,0,88,999.000,0.0,1.0
2056/5/9,23:00,?9?9?9?9E0?9?9?9?9*9?9*9?9?9?9?9?9?9*9*_?9*9*9?9?9,32.5,28.8,81,100479,9999,9999,453,0,0,0,999900,999900,999900,99990,160,0.5,5,5,999.0,999,9,'999999999,0,0.0000,0,88,999.000,0.0,1.0
2056/5/9,24:00,?9?9?9?9E0?9?9?9?9*9?9*9?9?9?9?9?9?9*9*_?9*9*9?9?9,32.2,29.0,83,100479,9999,9999,451,0,0,0,999900,999900,999900,99990,180,0.2,5,5,999.0,999,9,'999999999,0,0.0000,0,88,999.000,0.0,1.0
2056/5/10,01:00,?9?9?9?9E0?9?9?9?9*9?9*9?9?9?9?9?9?9*9*_?9*9*9?9?9,32.0,28.8,83,100379,9999,9999,450,0,0,0,999900,999900,999900,99990,200,0.1,5,5,999.0,999,9,'999999999,0,0.0000,0,88,999.000,0.0,1.0
2056/5/10,02:00,?9?9?9?9E0?9?9?9?9*9?9*9?9?9?9?9?9?9*9*_?9*9*9?9?9,31.8,29.0,85,100279,9999,9999,449,0,0,0,999900,999900,999900,99990,200,0.1,5,5,999.0,999,9,'999999999,0,0.0000,0,88,999.000,0.0,1.0
2056/5/10,03:00,?9?9?9?9E0?9?9?9?9*9?9*9?9?9?9?9?9?9*9*_?9*9*9?9?9,31.5,29.1,87,100279,9999,9999,447,0,0,0,999900,999900,999900,99990,200,0.1,5,5,999.0,999,9,'999999999,0,0.0000,0,88,999.000,0.0,1.0
2056/5/10,04:00,?9?9?9?9E0?9?9?9?9*9?9*9?9?9?9?9?9?9*9*_?9*9*9?9?9,31.4,29.0,87,100279,9999,9999,447,0,0,0,999900,999900,999900,99990,200,0.1,5,5,999.0,999,9,'999999999,0,0.0000,0,88,999.000,0.0,1.0
2056/5/10,05:00,?9?9?9?9E0?9?9?9?9*9?9*9?9?9?9?9?9?9*9*_?9*9*9?9?9,31.2,28.8,87,100279,9999,9999,449,0,0,0,999900,999900,999900,99990,200,0.1,6,6,999.0,999,9,'999999999,0,0.0000,0,88,999.000,0.0,1.0
2056/5/10,06:00,?9?9?9?9E0?9?9?9?9*9?9*9?9?9?9?9?9?9*9*_?9*9*9?9?9,31.1,28.7,87,100379,9999,9999,454,1,0,1,999900,999900,999900,99990,200,0.8,7,7,999.0,999,9,'999999999,0,0.0000,0,88,999.000,0.0,1.0
2056/5/10,07:00,?9?9?9?9E0?9?9?9?9*9?9*9?9?9?9?9?9?9*9*_?9*9*9?9?9,31.5,28.9,86,100379,9999,9999,463,50,20,47,999900,999900,999900,99990,250,0.8,8,8,999.0,999,9,'999999999,0,0.0000,0,88,999.000,0.0,1.0
2056/5/10,08:00,?9?9?9?9E0?9?9?9?9*9?9*9?9?9?9?9?9?9*9*_?9*9*9?9?9,32.5,29.0,82,100479,9999,9999,480,172,53,151,999900,999900,999900,99990,250,0.8,9,9,999.0,999,9,'999999999,0,0.0000,0,88,999.000,0.0,1.0
2056/5/10,09:00,?9?9?9?9E0?9?9?9?9*9?9*9?9?9?9?9?9?9*9*_?9*9*9?9?9,33.9,27.9,71,100579,9999,9999,487,340,127,262,999900,999900,999900,99990,200,0.2,9,9,999.0,999,9,'999999999,0,0.0000,0,88,999.000,0.0,1.0
2056/5/10,10:00,?9?9?9?9E0?9?9?9?9*9?9*9?9?9?9?9?9?9*9*_?9*9*9?9?9,35.0,27.2,64,100579,9999,9999,466,667,467,297,999900,999900,999900,99990,200,0.8,5,5,999.0,999,9,'999999999,0,0.0000,0,88,999.000,0.0,1.0
2056/5/10,11:00,?9?9?9?9E0?9?9?9?9*9?9*9?9?9?9?9?9?9*9*_?9*9*9?9?9,37.5,25.3,50,100579,9999,9999,478,796,521,318,999900,999900,999900,99990,240,0.5,5,5,999.0,999,9,'999999999,0,0.0000,0,88,999.000,0.0,1.0
2056/5/10,12:00,?9?9?9?9E0?9?9?9?9*9?9*9?9?9?9?9?9?9*9*_?9*9*9?9?9,38.1,23.7,44,100479,9999,9999,480,883,553,337,999900,999900,999900,99990,200,0.6,5,5,999.0,999,9,'999999999,0,0.0000,0,88,999.000,0.0,1.0
2056/5/10,13:00,?9?9?9?9E0?9?9?9?9*9?9*9?9?9?9?9?9?9*9*_?9*9*9?9?9,37.7,25.5,50,100479,9999,9999,480,912,591,325,999900,999900,999900,99990,200,1.7,5,5,999.0,999,9,'999999999,0,0.0000,0,88,999.000,0.0,1.0
2056/5/10,14:00,?9?9?9?9E0?9?9?9?9*9?9*9?9?9?9?9?9?9*9*_?9*9*9?9?9,37.8,23.8,45,100379,9999,9999,482,832,557,312,999900,999900,999900,99990,200,1.5,6,6,999.0,999,9,'999999999,0,0.0000,0,88,999.000,0.0,1.0
2056/5/10,15:00,?9?9?9?9E0?9?9?9?9*9?9*9?9?9?9?9?9?9*9*_?9*9*9?9?9,37.5,23.6,45,100279,9999,9999,485,659,427,310,999900,999900,999900,99990,110,1.5,7,7,999.0,999,9,'999999999,0,0.0000,0,88,999.000,0.0,1.0
2056/5/10,16:00,?9?9?9?9E0?9?9?9?9*9?9*9?9?9?9?9?9?9*9*_?9*9*9?9?9,36.8,23.3,46,100179,9999,9999,488,449,268,275,999900,999900,999900,99990,110,1.5,8,8,999.0,999,9,'999999999,0,0.0000,0,88,999.000,0.0,1.0
2056/5/10,17:00,?9?9?9?9E0?9?9?9?9*9?9*9?9?9?9?9?9?9*9*_?9*9*9?9?9,35.0,24.9,56,100279,9999,9999,479,252,136,192,999900,999900,999900,99990,130,1.5,8,8,999.0,999,9,'999999999,0,0.0000,0,88,999.000,0.0,1.0
2056/5/10,18:00,?9?9?9?9E0?9?9?9?9*9?9*9?9?9?9?9?9?9*9*_?9*9*9?9?9,33.9,27.2,68,100179,9999,9999,486,62,21,58,999900,999900,999900,99990,110,1.7,9,9,999.0,999,9,'999999999,0,0.0000,0,88,999.000,0.0,1.0
2056/5/10,19:00,?9?9?9?9E0?9?9?9?9*9?9*9?9?9?9?9?9?9*9*_?9*9*9?9?9,33.2,27.7,73,100179,9999,9999,482,2,0,2,999900,999900,999900,99990,140,0.8,9,9,999.0,999,9,'999999999,0,0.0000,0,88,999.000,0.0,1.0
2056/5/10,20:00,?9?9?9?9E0?9?9?9?9*9?9*9?9?9?9?9?9?9*9*_?9*9*9?9?9,32.9,28.6,78,100279,9999,9999,448,0,0,0,999900,999900,999900,99990,150,1.5,3,3,999.0,999,9,'999999999,0,0.0000,0,88,999.000,0.0,1.0
2056/5/10,21:00,?9?9?9?9E0?9?9?9?9*9?9*9?9?9?9?9?9?9*9*_?9*9*9?9?9,32.8,28.5,78,100379,9999,9999,451,0,0,0,999900,999900,999900,99990,160,0.7,4,4,999.0,999,9,'999999999,0,0.0000,0,88,999.000,0.0,1.0
2056/5/10,22:00,?9?9?9?9E0?9?9?9?9*9?9*9?9?9?9?9?9?9*9*_?9*9*9?9?9,32.7,28.4,78,100479,9999,9999,453,0,0,0,999900,999900,999900,99990,150,0.8,5,5,999.0,999,9,'999999999,0,0.0000,0,88,999.000,0.0,1.0
2056/5/10,23:00,?9?9?9?9E0?9?9?9?9*9?9*9?9?9?9?9?9?9*9*_?9*9*9?9?9,32.4,28.1,78,100479,9999,9999,451,0,0,0,999900,999900,999900,99990,160,0.6,5,5,999.0,999,9,'999999999,0,0.0000,0,88,999.000,0.0,1.0
2056/5/10,24:00,?9?9?9?9E0?9?9?9?9*9?9*9?9?9?9?9?9?9*9*_?9*9*9?9?9,32.0,28.6,82,100479,9999,9999,449,0,0,0,999900,999900,999900,99990,160,0.6,5,5,999.0,999,9,'999999999,0,0.0000,0,88,999.000,0.0,1.0
2056/5/11,01:00,?9?9?9?9E0?9?9?9?9*9?9*9?9?9?9?9?9?9*9*_?9*9*9?9?9,31.9,28.7,83,100379,9999,9999,449,0,0,0,999900,999900,999900,99990,160,0.2,5,5,999.0,999,9,'999999999,0,0.0000,0,88,999.000,0.0,1.0
2056/5/11,02:00,?9?9?9?9E0?9?9?9?9*9?9*9?9?9?9?9?9?9*9*_?9*9*9?9?9,31.6,28.4,83,100279,9999,9999,447,0,0,0,999900,999900,999900,99990,160,0.6,5,5,999.0,999,9,'999999999,0,0.0000,0,88,999.000,0.0,1.0
2056/5/11,03:00,?9?9?9?9E0?9?9?9?9*9?9*9?9?9?9?9?9?9*9*_?9*9*9?9?9,31.1,28.1,84,100279,9999,9999,444,0,0,0,999900,999900,999900,99990,160,0.1,5,5,999.0,999,9,'999999999,0,0.0000,0,88,999.000,0.0,1.0
2056/5/11,04:00,?9?9?9?9E0?9?9?9?9*9?9*9?9?9?9?9?9?9*9*_?9*9*9?9?9,31.0,28.0,84,100379,9999,9999,459,0,0,0,999900,999900,999900,99990,160,0.1,8,8,999.0,999,9,'999999999,0,0.0000,0,88,999.000,0.0,1.0
2056/5/11,05:00,?9?9?9?9E0?9?9?9?9*9?9*9?9?9?9?9?9?9*9*_?9*9*9?9?9,31.2,28.2,84,100379,9999,9999,444,0,0,0,999900,999900,999900,99990,160,0.1,5,5,999.0,999,9,'999999999,0,0.0000,0,88,999.000,0.0,1.0
2056/5/11,06:00,?9?9?9?9E0?9?9?9?9*9?9*9?9?9?9?9?9?9*9*_?9*9*9?9?9,30.8,28.2,86,100379,9999,9999,442,1,0,1,999900,999900,999900,99990,160,0.0,5,5,999.0,999,9,'999999999,0,0.0000,0,88,999.000,0.0,1.0
2056/5/11,07:00,?9?9?9?9E0?9?9?9?9*9?9*9?9?9?9?9?9?9*9*_?9*9*9?9?9,31.5,28.7,85,100479,9999,9999,447,84,91,69,999900,999900,999900,99990,160,0.0,5,5,999.0,999,9,'999999999,0,0.0000,0,88,999.000,0.0,1.0
2056/5/11,08:00,?9?9?9?9E0?9?9?9?9*9?9*9?9?9?9?9?9?9*9*_?9*9*9?9?9,33.4,28.8,77,100479,9999,9999,458,289,309,164,999900,999900,999900,99990,160,0.4,5,5,999.0,999,9,'999999999,0,0.0000,0,88,999.000,0.0,1.0
2056/5/11,09:00,?9?9?9?9E0?9?9?9?9*9?9*9?9?9?9?9?9?9*9*_?9*9*9?9?9,34.1,27.4,68,100679,9999,9999,460,518,496,213,999900,999900,999900,99990,200,0.4,5,5,999.0,999,9,'999999999,0,0.0000,0,88,999.000,0.0,1.0
2056/5/11,10:00,?9?9?9?9E0?9?9?9?9*9?9*9?9?9?9?9?9?9*9*_?9*9*9?9?9,35.2,27.4,64,100679,9999,9999,467,665,489,278,999900,999900,999900,99990,170,0.6,5,5,999.0,999,9,'999999999,0,0.0000,0,88,999.000,0.0,1.0
2056/5/11,11:00,?9?9?9?9E0?9?9?9?9*9?9*9?9?9?9?9?9?9*9*_?9*9*9?9?9,36.8,27.5,59,100679,9999,9999,477,778,484,334,999900,999900,999900,99990,110,0.8,5,5,999.0,999,9,'999999999,0,0.0000,0,88,999.000,0.0,1.0
2056/5/11,12:00,?9?9?9?9E0?9?9?9?9*9?9*9?9?9?9?9?9?9*9*_?9*9*9?9?9,37.2,27.0,56,100579,9999,9999,479,853,491,369,999900,999900,999900,99990,140,1.5,5,5,999.0,999,9,'999999999,0,0.0000,0,88,999.000,0.0,1.0
2056/5/11,13:00,?9?9?9?9E0?9?9?9?9*9?9*9?9?9?9?9?9?9*9*_?9*9*9?9?9,36.7,27.1,58,100579,9999,9999,480,838,452,390,999900,999900,999900,99990,140,1.5,6,6,999.0,999,9,'999999999,0,0.0000,0,88,999.000,0.0,1.0
2056/5/11,14:00,?9?9?9?9E0?9?9?9?9*9?9*9?9?9?9?9?9?9*9*_?9*9*9?9?9,36.7,27.1,58,100479,9999,9999,486,732,367,390,999900,999900,999900,99990,140,1.7,7,7,999.0,999,9,'999999999,0,0.0000,0,88,999.000,0.0,1.0
2056/5/11,15:00,?9?9?9?9E0?9?9?9?9*9?9*9?9?9?9?9?9?9*9*_?9*9*9?9?9,36.0,27.0,60,100379,9999,9999,489,557,243,358,999900,999900,999900,99990,140,1.5,8,8,999.0,999,9,'999999999,0,0.0000,0,88,999.000,0.0,1.0
2056/5/11,16:00,?9?9?9?9E0?9?9?9?9*9?9*9?9?9?9?9?9?9*9*_?9*9*9?9?9,35.7,26.7,60,100379,9999,9999,486,416,193,291,999900,999900,999900,99990,140,1.2,8,8,999.0,999,9,'999999999,0,0.0000,0,88,999.000,0.0,1.0
2056/5/11,17:00,?9?9?9?9E0?9?9?9?9*9?9*9?9?9?9?9?9?9*9*_?9*9*9?9?9,35.0,27.2,64,100379,9999,9999,493,198,63,170,999900,999900,999900,99990,140,1.7,9,9,999.0,999,9,'999999999,0,0.0000,0,88,999.000,0.0,1.0
2056/5/11,18:00,?9?9?9?9E0?9?9?9?9*9?9*9?9?9?9?9?9?9*9*_?9*9*9?9?9,33.7,27.0,68,100379,9999,9999,485,60,18,56,999900,999900,999900,99990,140,1.2,9,9,999.0,999,9,'999999999,0,0.0000,0,88,999.000,0.0,1.0
2056/5/11,19:00,?9?9?9?9E0?9?9?9?9*9?9*9?9?9?9?9?9?9*9*_?9*9*9?9?9,33.1,27.4,72,100479,9999,9999,481,2,0,2,999900,999900,999900,99990,140,1.0,9,9,999.0,999,9,'999999999,0,0.0000,0,88,999.000,0.0,1.0
2056/5/11,20:00,?9?9?9?9E0?9?9?9?9*9?9*9?9?9?9?9?9?9*9*_?9*9*9?9?9,33.0,27.5,73,100479,9999,9999,447,0,0,0,999900,999900,999900,99990,140,0.6,3,3,999.0,999,9,'999999999,0,0.0000,0,88,999.000,0.0,1.0
2056/5/11,21:00,?9?9?9?9E0?9?9?9?9*9?9*9?9?9?9?9?9?9*9*_?9*9*9?9?9,32.7,28.4,78,100579,9999,9999,450,0,0,0,999900,999900,999900,99990,140,0.8,4,4,999.0,999,9,'999999999,0,0.0000,0,88,999.000,0.0,1.0
2056/5/11,22:00,?9?9?9?9E0?9?9?9?9*9?9*9?9?9?9?9?9?9*9*_?9*9*9?9?9,32.7,28.4,78,100579,9999,9999,446,0,0,0,999900,999900,999900,99990,140,0.2,3,3,999.0,999,9,'999999999,0,0.0000,0,88,999.000,0.0,1.0
2056/5/11,23:00,?9?9?9?9E0?9?9?9?9*9?9*9?9?9?9?9?9?9*9*_?9*9*9?9?9,32.7,28.4,78,100579,9999,9999,446,0,0,0,999900,999900,999900,99990,140,0.1,3,3,999.0,999,9,'999999999,0,0.0000,0,88,999.000,0.0,1.0
2056/5/11,24:00,?9?9?9?9E0?9?9?9?9*9?9*9?9?9?9?9?9?9*9*_?9*9*9?9?9,32.4,28.1,78,100579,9999,9999,448,0,0,0,999900,999900,999900,99990,140,0.1,4,4,999.0,999,9,'999999999,0,0.0000,0,88,999.000,0.0,1.0
2056/5/12,01:00,?9?9?9?9E0?9?9?9?9*9?9*9?9?9?9?9?9?9*9*_?9*9*9?9?9,32.4,28.1,78,100479,9999,9999,448,0,0,0,999900,999900,999900,99990,140,0.1,4,4,999.0,999,9,'999999999,0,0.0000,0,88,999.000,0.0,1.0
2056/5/12,02:00,?9?9?9?9E0?9?9?9?9*9?9*9?9?9?9?9?9?9*9*_?9*9*9?9?9,32.4,28.1,78,100479,9999,9999,468,0,0,0,999900,999900,999900,99990,140,0.1,8,8,999.0,999,9,'999999999,0,0.0000,0,88,999.000,0.0,1.0
2056/5/12,03:00,?9?9?9?9E0?9?9?9?9*9?9*9?9?9?9?9?9?9*9*_?9*9*9?9?9,32.1,28.0,79,100379,9999,9999,476,0,0,0,999900,999900,999900,99990,140,0.0,9,9,999.0,999,9,'999999999,0,0.0000,0,88,999.000,0.0,1.0
2056/5/12,04:00,?9?9?9?9E0?9?9?9?9*9?9*9?9?9?9?9?9?9*9*_?9*9*9?9?9,31.9,28.2,81,100379,9999,9999,475,0,0,0,999900,999900,999900,99990,140,0.0,9,9,999.0,999,9,'999999999,0,0.0000,0,88,999.000,0.0,1.0
2056/5/12,05:00,?9?9?9?9E0?9?9?9?9*9?9*9?9?9?9?9?9?9*9*_?9*9*9?9?9,31.7,28.0,81,100379,9999,9999,464,0,0,0,999900,999900,999900,99990,140,0.0,8,8,999.0,999,9,'999999999,0,0.0000,0,88,999.000,0.0,1.0
2056/5/12,06:00,?9?9?9?9E0?9?9?9?9*9?9*9?9?9?9?9?9?9*9*_?9*9*9?9?9,31.3,27.7,81,100479,9999,9999,461,1,0,1,999900,999900,999900,99990,140,0.0,8,8,999.0,999,9,'999999999,0,0.0000,0,88,999.000,0.0,1.0
2056/5/12,07:00,?9?9?9?9E0?9?9?9?9*9?9*9?9?9?9?9?9?9*9*_?9*9*9?9?9,31.9,28.2,81,100579,9999,9999,465,54,24,50,999900,999900,999900,99990,140,0.1,8,8,999.0,999,9,'999999999,0,0.0000,0,88,999.000,0.0,1.0
2056/5/12,08:00,?9?9?9?9E0?9?9?9?9*9?9*9?9?9?9?9?9?9*9*_?9*9*9?9?9,32.8,28.2,77,100579,9999,9999,471,214,102,173,999900,999900,999900,99990,140,0.1,8,8,999.0,999,9,'999999999,0,0.0000,0,88,999.000,0.0,1.0
2056/5/12,09:00,?9?9?9?9E0?9?9?9?9*9?9*9?9?9?9?9?9?9*9*_?9*9*9?9?9,34.0,28.5,73,100679,9999,9999,478,390,197,268,999900,999900,999900,99990,140,0.1,8,8,999.0,999,9,'999999999,0,0.0000,0,88,999.000,0.0,1.0
2056/5/12,10:00,?9?9?9?9E0?9?9?9?9*9?9*9?9?9?9?9?9?9*9*_?9*9*9?9?9,35.2,26.6,61,100679,9999,9999,466,674,487,288,999900,999900,999900,99990,140,0.2,5,5,999.0,999,9,'999999999,0,0.0000,0,88,999.000,0.0,1.0
2056/5/12,11:00,?9?9?9?9E0?9?9?9?9*9?9*9?9?9?9?9?9?9*9*_?9*9*9?9?9,36.3,26.7,58,100579,9999,9999,466,844,607,287,999900,999900,999900,99990,150,0.6,3,3,999.0,999,9,'999999999,0,0.0000,0,88,999.000,0.0,1.0
2056/5/12,12:00,?9?9?9?9E0?9?9?9?9*9?9*9?9?9?9?9?9?9*9*_?9*9*9?9?9,36.8,25.0,51,100579,9999,9999,466,938,651,297,999900,999900,999900,99990,110,0.8,3,3,999.0,999,9,'999999999,0,0.0000,0,88,999.000,0.0,1.0
2056/5/12,13:00,?9?9?9?9E0?9?9?9?9*9?9*9?9?9?9?9?9?9*9*_?9*9*9?9?9,37.5,25.7,51,100479,9999,9999,475,947,635,318,999900,999900,999900,99990,100,1.0,4,4,999.0,999,9,'999999999,0,0.0000,0,88,999.000,0.0,1.0
2056/5/12,14:00,?9?9?9?9E0?9?9?9?9*9?9*9?9?9?9?9?9?9*9*_?9*9*9?9?9,36.4,24.6,51,100479,9999,9999,488,681,290,410,999900,999900,999900,99990,130,1.0,8,8,999.0,999,9,'999999999,0,0.0000,0,88,999.000,0.0,1.0
2056/5/12,15:00,?9?9?9?9E0?9?9?9?9*9?9*9?9?9?9?9?9?9*9*_?9*9*9?9?9,35.5,26.8,61,100379,9999,9999,496,483,143,366,999900,999900,999900,99990,110,1.2,9,9,999.0,999,9,'999999999,0,0.0000,0,88,999.000,0.0,1.0
2056/5/12,16:00,?9?9?9?9E0?9?9?9?9*9?9*9?9?9?9?9?9?9*9*_?9*9*9?9?9,34.9,27.9,67,100379,9999,9999,493,350,104,282,999900,999900,999900,99990,110,1.2,9,9,999.0,999,9,'999999999,0,0.0000,0,88,999.000,0.0,1.0
2056/5/12,17:00,?9?9?9?9E0?9?9?9?9*9?9*9?9?9?9?9?9?9*9*_?9*9*9?9?9,34.1,28.1,71,100379,9999,9999,489,187,49,165,999900,999900,999900,99990,120,0.6,9,9,999.0,999,9,'999999999,0,0.0000,0,88,999.000,0.0,1.0
2056/5/12,18:00,?9?9?9?9E0?9?9?9?9*9?9*9?9?9?9?9?9?9*9*_?9*9*9?9?9,33.6,28.3,74,100379,9999,9999,486,55,14,52,999900,999900,999900,99990,140,0.8,9,9,999.0,999,9,'999999999,0,0.0000,0,88,999.000,0.0,1.0
2056/5/12,19:00,?9?9?9?9E0?9?9?9?9*9?9*9?9?9?9?9?9?9*9*_?9*9*9?9?9,33.1,28.1,75,100479,9999,9999,472,2,0,2,999900,999900,999900,99990,140,0.6,8,8,999.0,999,9,'999999999,0,0.0000,0,88,999.000,0.0,1.0
2056/5/12,20:00,?9?9?9?9E0?9?9?9?9*9?9*9?9?9?9?9?9?9*9*_?9*9*9?9?9,32.9,27.9,75,100479,9999,9999,471,0,0,0,999900,999900,999900,99990,140,0.5,8,8,999.0,999,9,'999999999,0,0.0000,0,88,999.000,0.0,1.0
2056/5/12,21:00,?9?9?9?9E0?9?9?9?9*9?9*9?9?9?9?9?9?9*9*_?9*9*9?9?9,32.9,27.9,75,100579,9999,9999,471,0,0,0,999900,999900,999900,99990,140,0.2,8,8,999.0,999,9,'999999999,0,0.0000,0,88,999.000,0.0,1.0
2056/5/12,22:00,?9?9?9?9E0?9?9?9?9*9?9*9?9?9?9?9?9?9*9*_?9*9*9?9?9,32.7,28.6,79,100579,9999,9999,454,0,0,0,999900,999900,999900,99990,160,0.1,5,5,999.0,999,9,'999999999,0,0.0000,0,88,999.000,0.0,1.0
2056/5/12,23:00,?9?9?9?9E0?9?9?9?9*9?9*9?9?9?9?9?9?9*9*_?9*9*9?9?9,32.5,28.4,79,100579,9999,9999,452,0,0,0,999900,999900,999900,99990,160,0.1,5,5,999.0,999,9,'999999999,0,0.0000,0,88,999.000,0.0,1.0
2056/5/12,24:00,?9?9?9?9E0?9?9?9?9*9?9*9?9?9?9?9?9?9*9*_?9*9*9?9?9,32.0,28.1,80,100579,9999,9999,449,0,0,0,999900,999900,999900,99990,140,0.0,5,5,999.0,999,9,'999999999,0,0.0000,0,88,999.000,0.0,1.0
2056/5/13,01:00,?9?9?9?9E0?9?9?9?9*9?9*9?9?9?9?9?9?9*9*_?9*9*9?9?9,31.6,28.4,83,100479,9999,9999,447,0,0,0,999900,999900,999900,99990,140,0.0,5,5,999.0,999,9,'999999999,0,0.0000,0,88,999.000,0.0,1.0
2056/5/13,02:00,?9?9?9?9E0?9?9?9?9*9?9*9?9?9?9?9?9?9*9*_?9*9*9?9?9,31.5,28.3,83,100379,9999,9999,446,0,0,0,999900,999900,999900,99990,140,0.0,5,5,999.0,999,9,'999999999,0,0.0000,0,88,999.000,0.0,1.0
2056/5/13,03:00,?9?9?9?9E0?9?9?9?9*9?9*9?9?9?9?9?9?9*9*_?9*9*9?9?9,31.4,28.4,84,100379,9999,9999,446,0,0,0,999900,999900,999900,99990,140,0.0,5,5,999.0,999,9,'999999999,0,0.0000,0,88,999.000,0.0,1.0
2056/5/13,04:00,?9?9?9?9E0?9?9?9?9*9?9*9?9?9?9?9?9?9*9*_?9*9*9?9?9,31.4,28.6,85,100379,9999,9999,446,0,0,0,999900,999900,999900,99990,140,0.1,5,5,999.0,999,9,'999999999,0,0.0000,0,88,999.000,0.0,1.0
2056/5/13,05:00,?9?9?9?9E0?9?9?9?9*9?9*9?9?9?9?9?9?9*9*_?9*9*9?9?9,31.1,28.3,85,100379,9999,9999,448,0,0,0,999900,999900,999900,99990,140,0.1,6,6,999.0,999,9,'999999999,0,0.0000,0,88,999.000,0.0,1.0
2056/5/13,06:00,?9?9?9?9E0?9?9?9?9*9?9*9?9?9?9?9?9?9*9*_?9*9*9?9?9,30.9,28.1,85,100479,9999,9999,452,1,0,1,999900,999900,999900,99990,140,0.0,7,7,999.0,999,9,'999999999,0,0.0000,0,88,999.000,0.0,1.0
2056/5/13,07:00,?9?9?9?9E0?9?9?9?9*9?9*9?9?9?9?9?9?9*9*_?9*9*9?9?9,31.1,28.3,85,100479,9999,9999,460,52,21,48,999900,999900,999900,99990,140,0.1,8,8,999.0,999,9,'999999999,0,0.0000,0,88,999.000,0.0,1.0
2056/5/13,08:00,?9?9?9?9E0?9?9?9?9*9?9*9?9?9?9?9?9?9*9*_?9*9*9?9?9,32.7,28.8,80,100579,9999,9999,463,239,150,178,999900,999900,999900,99990,140,0.1,7,7,999.0,999,9,'999999999,0,0.0000,0,88,999.000,0.0,1.0
2056/5/13,09:00,?9?9?9?9E0?9?9?9?9*9?9*9?9?9?9?9?9?9*9*_?9*9*9?9?9,35.1,26.2,60,100579,9999,9999,469,498,419,240,999900,999900,999900,99990,140,0.1,6,6,999.0,999,9,'999999999,0,0.0000,0,88,999.000,0.0,1.0
2056/5/13,10:00,?9?9?9?9E0?9?9?9?9*9?9*9?9?9?9?9?9?9*9*_?9*9*9?9?9,36.6,26.7,57,100679,9999,9999,475,676,498,282,999900,999900,999900,99990,140,0.5,5,5,999.0,999,9,'999999999,0,0.0000,0,88,999.000,0.0,1.0
2056/5/13,11:00,?9?9?9?9E0?9?9?9?9*9?9*9?9?9?9?9?9?9*9*_?9*9*9?9?9,37.2,23.7,46,100679,9999,9999,474,812,522,333,999900,999900,999900,99990,140,0.6,5,5,999.0,999,9,'999999999,0,0.0000,0,88,999.000,0.0,1.0
2056/5/13,12:00,?9?9?9?9E0?9?9?9?9*9?9*9?9?9?9?9?9?9*9*_?9*9*9?9?9,37.2,25.4,51,100579,9999,9999,486,756,316,445,999900,999900,999900,99990,110,0.6,7,7,999.0,999,9,'999999999,0,0.0000,0,88,999.000,0.0,1.0
2056/5/13,13:00,?9?9?9?9E0?9?9?9?9*9?9*9?9?9?9?9?9?9*9*_?9*9*9?9?9,37.1,25.0,50,100579,9999,9999,503,642,171,472,999900,999900,999900,99990,110,0.8,9,9,999.0,999,9,'999999999,0,0.0000,0,88,999.000,0.0,1.0
2056/5/13,14:00,?9?9?9?9E0?9?9?9?9*9?9*9?9?9?9?9?9?9*9*_?9*9*9?9?9,37.1,25.3,51,100479,9999,9999,504,600,169,442,999900,999900,999900,99990,110,1.0,9,9,999.0,999,9,'999999999,0,0.0000,0,88,999.000,0.0,1.0
2056/5/13,15:00,?9?9?9?9E0?9?9?9?9*9?9*9?9?9?9?9?9?9*9*_?9*9*9?9?9,35.9,26.4,58,100479,9999,9999,498,492,143,375,999900,999900,999900,99990,140,1.7,9,9,999.0,999,9,'999999999,0,0.0000,0,88,999.000,0.0,1.0
2056/5/13,16:00,?9?9?9?9E0?9?9?9?9*9?9*9?9?9?9?9?9?9*9*_?9*9*9?9?9,35.1,27.0,63,100479,9999,9999,493,357,124,276,999900,999900,999900,99990,120,1.5,9,9,999.0,999,9,'999999999,0,0.0000,0,88,999.000,0.0,1.0
2056/5/13,17:00,?9?9?9?9E0?9?9?9?9*9?9*9?9?9?9?9?9?9*9*_?9*9*9?9?9,33.3,26.9,69,100379,9999,9999,448,352,373,186,999900,999900,999900,99990,140,1.5,3,3,999.0,999,9,'999999999,0,0.0000,0,88,999.000,0.0,1.0
2056/5/13,18:00,?9?9?9?9E0?9?9?9?9*9?9*9?9?9?9?9?9?9*9*_?9*9*9?9?9,32.6,26.9,72,100379,9999,9999,460,94,62,81,999900,999900,999900,99990,140,0.6,7,7,999.0,999,9,'999999999,0,0.0000,0,88,999.000,0.0,1.0
2056/5/13,19:00,?9?9?9?9E0?9?9?9?9*9?9*9?9?9?9?9?9?9*9*_?9*9*9?9?9,32.1,27.1,75,100479,9999,9999,475,2,0,2,999900,999900,999900,99990,140,0.8,9,9,999.0,999,9,'999999999,0,0.0000,0,88,999.000,0.0,1.0
2056/5/13,20:00,?9?9?9?9E0?9?9?9?9*9?9*9?9?9?9?9?9?9*9*_?9*9*9?9?9,32.1,27.1,75,100479,9999,9999,475,0,0,0,999900,999900,999900,99990,160,0.2,9,9,999.0,999,9,'999999999,0,0.0000,0,88,999.000,0.0,1.0
2056/5/13,21:00,?9?9?9?9E0?9?9?9?9*9?9*9?9?9?9?9?9?9*9*_?9*9*9?9?9,31.8,27.5,78,100579,9999,9999,451,0,0,0,999900,999900,999900,99990,160,0.1,6,6,999.0,999,9,'999999999,0,0.0000,0,88,999.000,0.0,1.0
2056/5/13,22:00,?9?9?9?9E0?9?9?9?9*9?9*9?9?9?9?9?9?9*9*_?9*9*9?9?9,31.6,27.3,78,100579,9999,9999,462,0,0,0,999900,999900,999900,99990,160,0.0,8,8,999.0,999,9,'999999999,0,0.0000,0,88,999.000,0.0,1.0
2056/5/13,23:00,?9?9?9?9E0?9?9?9?9*9?9*9?9?9?9?9?9?9*9*_?9*9*9?9?9,31.6,27.3,78,100579,9999,9999,472,0,0,0,999900,999900,999900,99990,160,0.0,9,9,999.0,999,9,'999999999,0,0.0000,0,88,999.000,0.0,1.0
2056/5/13,24:00,?9?9?9?9E0?9?9?9?9*9?9*9?9?9?9?9?9?9*9*_?9*9*9?9?9,31.6,27.5,79,100579,9999,9999,472,0,0,0,999900,999900,999900,99990,160,0.0,9,9,999.0,999,9,'999999999,0,0.0000,0,88,999.000,0.0,1.0
2056/5/14,01:00,?9?9?9?9E0?9?9?9?9*9?9*9?9?9?9?9?9?9*9*_?9*9*9?9?9,31.6,27.5,79,100579,9999,9999,472,0,0,0,999900,999900,999900,99990,160,0.0,9,9,999.0,999,9,'999999999,0,0.0000,0,88,999.000,0.0,1.0
2056/5/14,02:00,?9?9?9?9E0?9?9?9?9*9?9*9?9?9?9?9?9?9*9*_?9*9*9?9?9,31.6,27.5,79,100479,9999,9999,472,0,0,0,999900,999900,999900,99990,160,0.1,9,9,999.0,999,9,'999999999,0,0.0000,0,88,999.000,0.0,1.0
2056/5/14,03:00,?9?9?9?9E0?9?9?9?9*9?9*9?9?9?9?9?9?9*9*_?9*9*9?9?9,31.4,27.5,80,100479,9999,9999,471,0,0,0,999900,999900,999900,99990,160,0.1,9,9,999.0,999,9,'999999999,0,0.0000,0,88,999.000,0.0,1.0
2056/5/14,04:00,?9?9?9?9E0?9?9?9?9*9?9*9?9?9?9?9?9?9*9*_?9*9*9?9?9,31.4,27.5,80,100379,9999,9999,471,0,0,0,999900,999900,999900,99990,160,0.1,9,9,999.0,999,9,'999999999,0,0.0000,0,88,999.000,0.0,1.0
2056/5/14,05:00,?9?9?9?9E0?9?9?9?9*9?9*9?9?9?9?9?9?9*9*_?9*9*9?9?9,31.2,27.4,80,100379,9999,9999,469,0,0,0,999900,999900,999900,99990,160,0.1,9,9,999.0,999,9,'999999999,0,0.0000,0,88,999.000,0.0,1.0
2056/5/14,06:00,?9?9?9?9E0?9?9?9?9*9?9*9?9?9?9?9?9?9*9*_?9*9*9?9?9,31.1,27.3,80,100379,9999,9999,469,1,0,1,999900,999900,999900,99990,160,0.1,9,9,999.0,999,9,'999999999,0,0.0000,0,88,999.000,0.0,1.0
2056/5/14,07:00,?9?9?9?9E0?9?9?9?9*9?9*9?9?9?9?9?9?9*9*_?9*9*9?9?9,32.0,27.9,79,100479,9999,9999,475,40,12,38,999900,999900,999900,99990,160,0.2,9,9,999.0,999,9,'999999999,0,0.0000,0,88,999.000,0.0,1.0
2056/5/14,08:00,?9?9?9?9E0?9?9?9?9*9?9*9?9?9?9?9?9?9*9*_?9*9*9?9?9,33.0,28.2,76,100479,9999,9999,482,179,57,156,999900,999900,999900,99990,160,0.1,9,9,999.0,999,9,'999999999,0,0.0000,0,88,999.000,0.0,1.0
2056/5/14,09:00,?9?9?9?9E0?9?9?9?9*9?9*9?9?9?9?9?9?9*9*_?9*9*9?9?9,34.8,27.5,66,100579,9999,9999,492,349,128,270,999900,999900,999900,99990,90,0.5,9,9,999.0,999,9,'999999999,0,0.0000,0,88,999.000,0.0,1.0
2056/5/14,10:00,?9?9?9?9E0?9?9?9?9*9?9*9?9?9?9?9?9?9*9*_?9*9*9?9?9,35.9,27.5,62,100579,9999,9999,489,517,205,355,999900,999900,999900,99990,90,0.4,8,8,999.0,999,9,'999999999,0,0.0000,0,88,999.000,0.0,1.0
2056/5/14,11:00,?9?9?9?9E0?9?9?9?9*9?9*9?9?9?9?9?9?9*9*_?9*9*9?9?9,35.9,27.5,62,100579,9999,9999,481,664,286,402,999900,999900,999900,99990,90,1.0,7,7,999.0,999,9,'999999999,0,0.0000,0,88,999.000,0.0,1.0
2056/5/14,12:00,?9?9?9?9E0?9?9?9?9*9?9*9?9?9?9?9?9?9*9*_?9*9*9?9?9,36.8,25.3,52,100479,9999,9999,478,820,438,389,999900,999900,999900,99990,90,1.5,6,6,999.0,999,9,'999999999,0,0.0000,0,88,999.000,0.0,1.0
2056/5/14,13:00,?9?9?9?9E0?9?9?9?9*9?9*9?9?9?9?9?9?9*9*_?9*9*9?9?9,37.0,25.8,53,100479,9999,9999,476,908,582,331,999900,999900,999900,99990,110,1.5,5,5,999.0,999,9,'999999999,0,0.0000,0,88,999.000,0.0,1.0
2056/5/14,14:00,?9?9?9?9E0?9?9?9?9*9?9*9?9?9?9?9?9?9*9*_?9*9*9?9?9,36.4,26.8,58,100479,9999,9999,474,833,570,301,999900,999900,999900,99990,110,0.6,5,5,999.0,999,9,'999999999,0,0.0000,0,88,999.000,0.0,1.0
2056/5/14,15:00,?9?9?9?9E0?9?9?9?9*9?9*9?9?9?9?9?9?9*9*_?9*9*9?9?9,36.6,25.8,54,100379,9999,9999,473,724,573,256,999900,999900,999900,99990,110,1.0,5,5,999.0,999,9,'999999999,0,0.0000,0,88,999.000,0.0,1.0
2056/5/14,16:00,?9?9?9?9E0?9?9?9?9*9?9*9?9?9?9?9?9?9*9*_?9*9*9?9?9,35.9,26.1,57,100379,9999,9999,469,550,514,215,999900,999900,999900,99990,110,1.5,5,5,999.0,999,9,'999999999,0,0.0000,0,88,999.000,0.0,1.0
2056/5/14,17:00,?9?9?9?9E0?9?9?9?9*9?9*9?9?9?9?9?9?9*9*_?9*9*9?9?9,34.8,26.5,62,100379,9999,9999,463,326,345,173,999900,999900,999900,99990,110,1.0,5,5,999.0,999,9,'999999999,0,0.0000,0,88,999.000,0.0,1.0
2056/5/14,18:00,?9?9?9?9E0?9?9?9?9*9?9*9?9?9?9?9?9?9*9*_?9*9*9?9?9,33.9,26.9,67,100379,9999,9999,459,123,154,90,999900,999900,999900,99990,90,1.0,5,5,999.0,999,9,'999999999,0,0.0000,0,88,999.000,0.0,1.0
2056/5/14,19:00,?9?9?9?9E0?9?9?9?9*9?9*9?9?9?9?9?9?9*9*_?9*9*9?9?9,33.3,27.6,72,100479,9999,9999,460,6,0,6,999900,999900,999900,99990,90,0.4,6,6,999.0,999,9,'999999999,0,0.0000,0,88,999.000,0.0,1.0
2056/5/14,20:00,?9?9?9?9E0?9?9?9?9*9?9*9?9?9?9?9?9?9*9*_?9*9*9?9?9,33.1,27.4,72,100479,9999,9999,471,0,0,0,999900,999900,999900,99990,70,0.2,8,8,999.0,999,9,'999999999,0,0.0000,0,88,999.000,0.0,1.0
2056/5/14,21:00,?9?9?9?9E0?9?9?9?9*9?9*9?9?9?9?9?9?9*9*_?9*9*9?9?9,32.8,28.0,76,100479,9999,9999,458,0,0,0,999900,999900,999900,99990,90,0.2,6,6,999.0,999,9,'999999999,0,0.0000,0,88,999.000,0.0,1.0
2056/5/14,22:00,?9?9?9?9E0?9?9?9?9*9?9*9?9?9?9?9?9?9*9*_?9*9*9?9?9,32.8,27.1,72,100579,9999,9999,452,0,0,0,999900,999900,999900,99990,70,0.1,5,5,999.0,999,9,'999999999,0,0.0000,0,88,999.000,0.0,1.0
2056/5/14,23:00,?9?9?9?9E0?9?9?9?9*9?9*9?9?9?9?9?9?9*9*_?9*9*9?9?9,32.7,27.5,74,100579,9999,9999,469,0,0,0,999900,999900,999900,99990,70,0.2,8,8,999.0,999,9,'999999999,0,0.0000,0,88,999.000,0.0,1.0
2056/5/14,24:00,?9?9?9?9E0?9?9?9?9*9?9*9?9?9?9?9?9?9*9*_?9*9*9?9?9,32.4,27.9,77,100479,9999,9999,478,0,0,0,999900,999900,999900,99990,70,0.1,9,9,999.0,999,9,'999999999,0,0.0000,0,88,999.000,0.0,1.0
2056/5/15,01:00,?9?9?9?9E0?9?9?9?9*9?9*9?9?9?9?9?9?9*9*_?9*9*9?9?9,32.3,27.8,77,100479,9999,9999,477,0,0,0,999900,999900,999900,99990,70,0.1,9,9,999.0,999,9,'999999999,0,0.0000,0,88,999.000,0.0,1.0
2056/5/15,02:00,?9?9?9?9E0?9?9?9?9*9?9*9?9?9?9?9?9?9*9*_?9*9*9?9?9,32.4,27.9,77,100379,9999,9999,478,0,0,0,999900,999900,999900,99990,70,0.1,9,9,999.0,999,9,'999999999,0,0.0000,0,88,999.000,0.0,1.0
2056/5/15,03:00,?9?9?9?9E0?9?9?9?9*9?9*9?9?9?9?9?9?9*9*_?9*9*9?9?9,32.4,27.9,77,100379,9999,9999,455,0,0,0,999900,999900,999900,99990,70,0.1,6,6,999.0,999,9,'999999999,0,0.0000,0,88,999.000,0.0,1.0
2056/5/15,04:00,?9?9?9?9E0?9?9?9?9*9?9*9?9?9?9?9?9?9*9*_?9*9*9?9?9,30.7,26.7,79,100379,9999,9999,439,0,0,0,999900,999900,999900,99990,70,1.0,5,5,999.0,999,9,'999999999,0,0.0000,0,88,999.000,0.1,1.0
2056/5/15,05:00,?9?9?9?9E0?9?9?9?9*9?9*9?9?9?9?9?9?9*9*_?9*9*9?9?9,30.0,27.8,88,100279,9999,9999,437,0,0,0,999900,999900,999900,99990,130,0.0,5,5,999.0,999,9,'999999999,0,0.0000,0,88,999.000,1.6,1.0
2056/5/15,06:00,?9?9?9?9E0?9?9?9?9*9?9*9?9?9?9?9?9?9*9*_?9*9*9?9?9,30.2,27.8,87,100279,9999,9999,447,1,0,1,999900,999900,999900,99990,130,0.0,7,7,999.0,999,9,'999999999,0,0.0000,0,88,999.000,0.0,1.0
2056/5/15,07:00,?9?9?9?9E0?9?9?9?9*9?9*9?9?9?9?9?9?9*9*_?9*9*9?9?9,30.9,28.1,85,100279,9999,9999,469,38,9,36,999900,999900,999900,99990,130,0.4,9,9,999.0,999,9,'999999999,0,0.0000,0,88,999.000,0.0,1.0
2056/5/15,08:00,?9?9?9?9E0?9?9?9?9*9?9*9?9?9?9?9?9?9*9*_?9*9*9?9?9,32.2,28.7,82,100379,9999,9999,478,170,44,152,999900,999900,999900,99990,130,0.4,9,9,999.0,999,9,'999999999,0,0.0000,0,88,999.000,0.0,1.0
2056/5/15,09:00,?9?9?9?9E0?9?9?9?9*9?9*9?9?9?9?9?9?9*9*_?9*9*9?9?9,31.9,29.3,86,100479,9999,9999,476,313,90,257,999900,999900,999900,99990,130,0.1,9,9,999.0,999,9,'999999999,0,0.0000,0,88,999.000,6.2,1.0
2056/5/15,10:00,?9?9?9?9E0?9?9?9?9*9?9*9?9?9?9?9?9?9*9*_?9*9*9?9?9,33.9,28.1,72,100379,9999,9999,457,679,467,310,999900,999900,999900,99990,130,0.4,4,4,999.0,999,9,'999999999,0,0.0000,0,88,999.000,0.0,1.0
2056/5/15,11:00,?9?9?9?9E0?9?9?9?9*9?9*9?9?9?9?9?9?9*9*_?9*9*9?9?9,34.9,28.1,68,100379,9999,9999,463,791,484,347,999900,999900,999900,99990,130,1.5,4,4,999.0,999,9,'999999999,0,0.0000,0,88,999.000,0.0,1.0
2056/5/15,12:00,?9?9?9?9E0?9?9?9?9*9?9*9?9?9?9?9?9?9*9*_?9*9*9?9?9,35.6,26.9,61,100379,9999,9999,473,780,348,437,999900,999900,999900,99990,70,1.7,6,6,999.0,999,9,'999999999,0,0.0000,0,88,999.000,0.0,1.0
2056/5/15,13:00,?9?9?9?9E0?9?9?9?9*9?9*9?9?9?9?9?9?9*9*_?9*9*9?9?9,35.6,27.5,63,100279,9999,9999,487,681,210,473,999900,999900,999900,99990,70,1.7,8,8,999.0,999,9,'999999999,0,0.0000,0,88,999.000,0.0,1.0
2056/5/15,14:00,?9?9?9?9E0?9?9?9?9*9?9*9?9?9?9?9?9?9*9*_?9*9*9?9?9,34.3,28.3,71,100279,9999,9999,480,617,186,443,999900,999900,999900,99990,70,0.6,8,8,999.0,999,9,'999999999,0,0.0000,0,88,999.000,0.0,1.0
2056/5/15,15:00,?9?9?9?9E0?9?9?9?9*9?9*9?9?9?9?9?9?9*9*_?9*9*9?9?9,32.2,29.0,83,100279,9999,9999,468,497,155,370,999900,999900,999900,99990,110,0.4,8,8,999.0,999,9,'999999999,0,0.0000,0,88,999.000,0.2,1.0
2056/5/15,16:00,?9?9?9?9E0?9?9?9?9*9?9*9?9?9?9?9?9?9*9*_?9*9*9?9?9,32.2,25.8,69,100179,9999,9999,456,452,250,289,999900,999900,999900,99990,110,0.1,7,7,999.0,999,9,'999999999,0,0.0000,0,88,999.000,0.1,1.0
2056/5/15,17:00,?9?9?9?9E0?9?9?9?9*9?9*9?9?9?9?9?9?9*9*_?9*9*9?9?9,32.7,27.7,75,100179,9999,9999,452,304,237,199,999900,999900,999900,99990,120,0.3,5,5,999.0,999,9,'999999999,0,0.0000,0,88,999.000,0.0,1.0
2056/5/15,18:00,?9?9?9?9E0?9?9?9?9*9?9*9?9?9?9?9?9?9*9*_?9*9*9?9?9,32.6,28.1,77,100279,9999,9999,462,86,49,76,999900,999900,999900,99990,120,0.4,7,7,999.0,999,9,'999999999,0,0.0000,0,88,999.000,0.0,1.0
2056/5/15,19:00,?9?9?9?9E0?9?9?9?9*9?9*9?9?9?9?9?9?9*9*_?9*9*9?9?9,32.6,28.1,77,100279,9999,9999,449,7,0,7,999900,999900,999900,99990,90,0.1,4,4,999.0,999,9,'999999999,0,0.0000,0,88,999.000,0.0,1.0
2056/5/15,20:00,?9?9?9?9E0?9?9?9?9*9?9*9?9?9?9?9?9?9*9*_?9*9*9?9?9,30.5,28.3,88,100379,9999,9999,434,0,0,0,999900,999900,999900,99990,90,0.3,3,3,999.0,999,9,'999999999,0,0.0000,0,88,999.000,0.7,1.0
2056/5/15,21:00,?9?9?9?9E0?9?9?9?9*9?9*9?9?9?9?9?9?9*9*_?9*9*9?9?9,29.3,27.3,89,100379,9999,9999,426,0,0,0,999900,999900,999900,99990,190,0.1,3,3,999.0,999,9,'999999999,0,0.0000,0,88,999.000,1.7,1.0
2056/5/15,22:00,?9?9?9?9E0?9?9?9?9*9?9*9?9?9?9?9?9?9*9*_?9*9*9?9?9,29.3,27.3,89,100379,9999,9999,426,0,0,0,999900,999900,999900,99990,190,0.0,3,3,999.0,999,9,'999999999,0,0.0000,0,88,999.000,0.0,1.0
2056/5/15,23:00,?9?9?9?9E0?9?9?9?9*9?9*9?9?9?9?9?9?9*9*_?9*9*9?9?9,29.3,27.3,89,100379,9999,9999,426,0,0,0,999900,999900,999900,99990,190,0.2,3,3,999.0,999,9,'999999999,0,0.0000,0,88,999.000,0.5,1.0
2056/5/15,24:00,?9?9?9?9E0?9?9?9?9*9?9*9?9?9?9?9?9?9*9*_?9*9*9?9?9,29.3,27.5,90,100379,9999,9999,436,0,0,0,999900,999900,999900,99990,180,0.1,6,6,999.0,999,9,'999999999,0,0.0000,0,88,999.000,0.2,1.0
2056/5/16,01:00,?9?9?9?9E0?9?9?9?9*9?9*9?9?9?9?9?9?9*9*_?9*9*9?9?9,29.1,27.3,90,100279,9999,9999,457,0,0,0,999900,999900,999900,99990,180,0.4,9,9,999.0,999,9,'999999999,0,0.0000,0,88,999.000,0.2,1.0
2056/5/16,02:00,?9?9?9?9E0?9?9?9?9*9?9*9?9?9?9?9?9?9*9*_?9*9*9?9?9,29.0,27.2,90,100179,9999,9999,456,0,0,0,999900,999900,999900,99990,180,0.2,9,9,999.0,999,9,'999999999,0,0.0000,0,88,999.000,0.0,1.0
2056/5/16,03:00,?9?9?9?9E0?9?9?9?9*9?9*9?9?9?9?9?9?9*9*_?9*9*9?9?9,29.0,27.2,90,100079,9999,9999,456,0,0,0,999900,999900,999900,99990,180,0.5,9,9,999.0,999,9,'999999999,0,0.0000,0,88,999.000,0.0,1.0
2056/5/16,04:00,?9?9?9?9E0?9?9?9?9*9?9*9?9?9?9?9?9?9*9*_?9*9*9?9?9,28.7,26.7,89,100079,9999,9999,453,0,0,0,999900,999900,999900,99990,180,0.2,9,9,999.0,999,9,'999999999,0,0.0000,0,88,999.000,0.0,1.0
2056/5/16,05:00,?9?9?9?9E0?9?9?9?9*9?9*9?9?9?9?9?9?9*9*_?9*9*9?9?9,28.7,26.7,89,100079,9999,9999,453,0,0,0,999900,999900,999900,99990,180,0.1,9,9,999.0,999,9,'999999999,0,0.0000,0,88,999.000,0.0,1.0
2056/5/16,06:00,?9?9?9?9E0?9?9?9?9*9?9*9?9?9?9?9?9?9*9*_?9*9*9?9?9,29.0,27.0,89,100179,9999,9999,456,1,0,1,999900,999900,999900,99990,180,0.1,9,9,999.0,999,9,'999999999,0,0.0000,0,88,999.000,0.0,1.0
2056/5/16,07:00,?9?9?9?9E0?9?9?9?9*9?9*9?9?9?9?9?9?9*9*_?9*9*9?9?9,29.5,27.5,89,100179,9999,9999,430,91,90,75,999900,999900,999900,99990,180,0.1,4,4,999.0,999,9,'999999999,0,0.0000,0,88,999.000,0.0,1.0
2056/5/16,08:00,?9?9?9?9E0?9?9?9?9*9?9*9?9?9?9?9?9?9*9*_?9*9*9?9?9,31.7,28.3,82,100279,9999,9999,444,300,285,184,999900,999900,999900,99990,180,1.0,4,4,999.0,999,9,'999999999,0,0.0000,0,88,999.000,0.0,1.0
2056/5/16,09:00,?9?9?9?9E0?9?9?9?9*9?9*9?9?9?9?9?9?9*9*_?9*9*9?9?9,32.7,27.5,74,100379,9999,9999,469,388,168,284,999900,999900,999900,99990,360,1.2,8,8,999.0,999,9,'999999999,0,0.0000,0,88,999.000,0.0,1.0
2056/5/16,10:00,?9?9?9?9E0?9?9?9?9*9?9*9?9?9?9?9?9?9*9*_?9*9*9?9?9,33.0,27.8,74,100379,9999,9999,471,486,147,370,999900,999900,999900,99990,360,0.6,8,8,999.0,999,9,'999999999,0,0.0000,0,88,999.000,0.0,1.0
2056/5/16,11:00,?9?9?9?9E0?9?9?9?9*9?9*9?9?9?9?9?9?9*9*_?9*9*9?9?9,32.8,27.6,74,100279,9999,9999,457,690,282,432,999900,999900,999900,99990,360,0.1,6,6,999.0,999,9,'999999999,0,0.0000,0,88,999.000,0.0,1.0
2056/5/16,12:00,?9?9?9?9E0?9?9?9?9*9?9*9?9?9?9?9?9?9*9*_?9*9*9?9?9,29.3,27.1,88,100379,9999,9999,425,845,385,466,999900,999900,999900,99990,320,0.4,3,3,999.0,999,9,'999999999,0,0.0000,0,88,999.000,0.0,1.0
2056/5/16,13:00,?9?9?9?9E0?9?9?9?9*9?9*9?9?9?9?9?9?9*9*_?9*9*9?9?9,28.0,25.8,88,100279,9999,9999,461,447,45,403,999900,999900,999900,99990,320,0.8,10,10,999.0,999,9,'999999999,0,0.0000,0,88,999.000,0.4,1.0
2056/5/16,14:00,?9?9?9?9E0?9?9?9?9*9?9*9?9?9?9?9?9?9*9*_?9*9*9?9?9,27.7,25.7,89,100179,9999,9999,459,411,37,377,999900,999900,999900,99990,320,0.6,10,10,999.0,999,9,'999999999,0,0.0000,0,88,999.000,9.9,1.0
2056/5/16,15:00,?9?9?9?9E0?9?9?9?9*9?9*9?9?9?9?9?9?9*9*_?9*9*9?9?9,27.9,26.1,90,100179,9999,9999,460,315,28,292,999900,999900,999900,99990,140,0.0,10,10,999.0,999,9,'999999999,0,0.0000,0,88,999.000,1.5,1.0
2056/5/16,16:00,?9?9?9?9E0?9?9?9?9*9?9*9?9?9?9?9?9?9*9*_?9*9*9?9?9,28.2,26.4,90,100079,9999,9999,450,284,48,253,999900,999900,999900,99990,170,0.0,9,9,999.0,999,9,'999999999,0,0.0000,0,88,999.000,0.7,1.0
2056/5/16,17:00,?9?9?9?9E0?9?9?9?9*9?9*9?9?9?9?9?9?9*9*_?9*9*9?9?9,28.2,26.4,90,100079,9999,9999,418,308,210,215,999900,999900,999900,99990,170,0.4,3,3,999.0,999,9,'999999999,0,0.0000,0,88,999.000,0.1,1.0
2056/5/16,18:00,?9?9?9?9E0?9?9?9?9*9?9*9?9?9?9?9?9?9*9*_?9*9*9?9?9,28.4,26.6,90,100079,9999,9999,430,90,44,81,999900,999900,999900,99990,290,0.0,6,6,999.0,999,9,'999999999,0,0.0000,0,88,999.000,0.0,1.0
2056/5/16,19:00,?9?9?9?9E0?9?9?9?9*9?9*9?9?9?9?9?9?9*9*_?9*9*9?9?9,28.5,26.7,90,100079,9999,9999,443,2,0,2,999900,999900,999900,99990,290,0.1,8,8,999.0,999,9,'999999999,0,0.0000,0,88,999.000,0.0,1.0
2056/5/16,20:00,?9?9?9?9E0?9?9?9?9*9?9*9?9?9?9?9?9?9*9*_?9*9*9?9?9,28.5,26.7,90,100179,9999,9999,427,0,0,0,999900,999900,999900,99990,290,0.0,5,5,999.0,999,9,'999999999,0,0.0000,0,88,999.000,0.0,1.0
2056/5/16,21:00,?9?9?9?9E0?9?9?9?9*9?9*9?9?9?9?9?9?9*9*_?9*9*9?9?9,28.5,26.7,90,100279,9999,9999,443,0,0,0,999900,999900,999900,99990,290,0.0,8,8,999.0,999,9,'999999999,0,0.0000,0,88,999.000,0.0,1.0
2056/5/16,22:00,?9?9?9?9E0?9?9?9?9*9?9*9?9?9?9?9?9?9*9*_?9*9*9?9?9,28.5,26.7,90,100379,9999,9999,431,0,0,0,999900,999900,999900,99990,290,0.1,6,6,999.0,999,9,'999999999,0,0.0000,0,88,999.000,0.0,1.0
2056/5/16,23:00,?9?9?9?9E0?9?9?9?9*9?9*9?9?9?9?9?9?9*9*_?9*9*9?9?9,28.4,26.6,90,100379,9999,9999,420,0,0,0,999900,999900,999900,99990,290,0.1,3,3,999.0,999,9,'999999999,0,0.0000,0,88,999.000,0.0,1.0
2056/5/16,24:00,?9?9?9?9E0?9?9?9?9*9?9*9?9?9?9?9?9?9*9*_?9*9*9?9?9,28.5,26.7,90,100279,9999,9999,436,0,0,0,999900,999900,999900,99990,270,0.8,7,7,999.0,999,9,'999999999,0,0.0000,0,88,999.000,0.0,1.0
2056/5/17,01:00,?9?9?9?9E0?9?9?9?9*9?9*9?9?9?9?9?9?9*9*_?9*9*9?9?9,28.6,26.8,90,100279,9999,9999,453,0,0,0,999900,999900,999900,99990,260,0.6,9,9,999.0,999,9,'999999999,0,0.0000,0,88,999.000,0.0,1.0
2056/5/17,02:00,?9?9?9?9E0?9?9?9?9*9?9*9?9?9?9?9?9?9*9*_?9*9*9?9?9,28.5,26.7,90,100179,9999,9999,452,0,0,0,999900,999900,999900,99990,260,0.6,9,9,999.0,999,9,'999999999,0,0.0000,0,88,999.000,0.0,1.0
2056/5/17,03:00,?9?9?9?9E0?9?9?9?9*9?9*9?9?9?9?9?9?9*9*_?9*9*9?9?9,28.5,26.7,90,100179,9999,9999,452,0,0,0,999900,999900,999900,99990,270,0.2,9,9,999.0,999,9,'999999999,0,0.0000,0,88,999.000,0.0,1.0
2056/5/17,04:00,?9?9?9?9E0?9?9?9?9*9?9*9?9?9?9?9?9?9*9*_?9*9*9?9?9,28.5,26.7,90,100179,9999,9999,452,0,0,0,999900,999900,999900,99990,260,0.6,9,9,999.0,999,9,'999999999,0,0.0000,0,88,999.000,0.0,1.0
2056/5/17,05:00,?9?9?9?9E0?9?9?9?9*9?9*9?9?9?9?9?9?9*9*_?9*9*9?9?9,28.5,26.7,90,100179,9999,9999,452,0,0,0,999900,999900,999900,99990,260,0.2,9,9,999.0,999,9,'999999999,0,0.0000,0,88,999.000,0.0,1.0
2056/5/17,06:00,?9?9?9?9E0?9?9?9?9*9?9*9?9?9?9?9?9?9*9*_?9*9*9?9?9,28.4,26.6,90,100179,9999,9999,451,1,0,1,999900,999900,999900,99990,230,0.2,9,9,999.0,999,9,'999999999,0,0.0000,0,88,999.000,0.0,1.0
2056/5/17,07:00,?9?9?9?9E0?9?9?9?9*9?9*9?9?9?9?9?9?9*9*_?9*9*9?9?9,28.7,26.9,90,100179,9999,9999,425,92,87,77,999900,999900,999900,99990,240,0.6,4,4,999.0,999,9,'999999999,0,0.0000,0,88,999.000,0.0,1.0
2056/5/17,08:00,?9?9?9?9E0?9?9?9?9*9?9*9?9?9?9?9?9?9*9*_?9*9*9?9?9,29.3,27.5,90,100279,9999,9999,432,276,210,191,999900,999900,999900,99990,240,0.2,5,5,999.0,999,9,'999999999,0,0.0000,0,88,999.000,0.0,1.0
2056/5/17,09:00,?9?9?9?9E0?9?9?9?9*9?9*9?9?9?9?9?9?9*9*_?9*9*9?9?9,29.8,27.2,86,100279,9999,9999,451,369,143,281,999900,999900,999900,99990,250,0.6,8,8,999.0,999,9,'999999999,0,0.0000,0,88,999.000,0.0,1.0
2056/5/17,10:00,?9?9?9?9E0?9?9?9?9*9?9*9?9?9?9?9?9?9*9*_?9*9*9?9?9,30.4,27.6,85,100279,9999,9999,443,574,258,370,999900,999900,999900,99990,270,0.4,6,6,999.0,999,9,'999999999,0,0.0000,0,88,999.000,0.0,1.0
2056/5/17,11:00,?9?9?9?9E0?9?9?9?9*9?9*9?9?9?9?9?9?9*9*_?9*9*9?9?9,31.3,27.9,82,100279,9999,9999,438,772,410,397,999900,999900,999900,99990,270,0.1,3,3,999.0,999,9,'999999999,0,0.0000,0,88,999.000,0.0,1.0
2056/5/17,12:00,?9?9?9?9E0?9?9?9?9*9?9*9?9?9?9?9?9?9*9*_?9*9*9?9?9,31.8,28.6,83,100279,9999,9999,445,798,319,484,999900,999900,999900,99990,290,0.1,4,4,999.0,999,9,'999999999,0,0.0000,0,88,999.000,0.0,1.0
2056/5/17,13:00,?9?9?9?9E0?9?9?9?9*9?9*9?9?9?9?9?9?9*9*_?9*9*9?9?9,31.9,28.5,82,100179,9999,9999,489,424,37,388,999900,999900,999900,99990,290,0.0,10,10,999.0,999,9,'999999999,0,0.0000,0,88,999.000,0.0,1.0
2056/5/17,14:00,?9?9?9?9E0?9?9?9?9*9?9*9?9?9?9?9?9?9*9*_?9*9*9?9?9,32.7,28.4,78,100079,9999,9999,494,408,36,375,999900,999900,999900,99990,290,0.1,10,10,999.0,999,9,'999999999,0,0.0000,0,88,999.000,0.0,1.0
2056/5/17,15:00,?9?9?9?9E0?9?9?9?9*9?9*9?9?9?9?9?9?9*9*_?9*9*9?9?9,33.1,27.9,74,100079,9999,9999,496,347,36,318,999900,999900,999900,99990,200,0.2,10,10,999.0,999,9,'999999999,0,0.0000,0,88,999.000,0.0,1.0
2056/5/17,16:00,?9?9?9?9E0?9?9?9?9*9?9*9?9?9?9?9?9?9*9*_?9*9*9?9?9,33.2,27.0,70,100079,9999,9999,495,262,32,241,999900,999900,999900,99990,200,0.3,10,10,999.0,999,9,'999999999,0,0.0000,0,88,999.000,0.0,1.0
2056/5/17,17:00,?9?9?9?9E0?9?9?9?9*9?9*9?9?9?9?9?9?9*9*_?9*9*9?9?9,33.1,26.9,70,100079,9999,9999,494,138,16,131,999900,999900,999900,99990,170,0.3,10,10,999.0,999,9,'999999999,0,0.0000,0,88,999.000,0.0,1.0
2056/5/17,18:00,?9?9?9?9E0?9?9?9?9*9?9*9?9?9?9?9?9?9*9*_?9*9*9?9?9,32.6,26.9,72,100079,9999,9999,491,35,4,34,999900,999900,999900,99990,140,0.1,10,10,999.0,999,9,'999999999,0,0.0000,0,88,999.000,0.0,1.0
2056/5/17,19:00,?9?9?9?9E0?9?9?9?9*9?9*9?9?9?9?9?9?9*9*_?9*9*9?9?9,31.7,27.8,80,100179,9999,9999,487,2,0,2,999900,999900,999900,99990,120,0.1,10,10,999.0,999,9,'999999999,0,0.0000,0,88,999.000,0.0,1.0
2056/5/17,20:00,?9?9?9?9E0?9?9?9?9*9?9*9?9?9?9?9?9?9*9*_?9*9*9?9?9,31.4,28.4,84,100179,9999,9999,485,0,0,0,999900,999900,999900,99990,180,0.1,10,10,999.0,999,9,'999999999,0,0.0000,0,88,999.000,0.0,1.0
2056/5/17,21:00,?9?9?9?9E0?9?9?9?9*9?9*9?9?9?9?9?9?9*9*_?9*9*9?9?9,30.9,28.7,88,100179,9999,9999,483,0,0,0,999900,999900,999900,99990,180,0.2,10,10,999.0,999,9,'999999999,0,0.0000,0,88,999.000,0.0,1.0
2056/5/17,22:00,?9?9?9?9E0?9?9?9?9*9?9*9?9?9?9?9?9?9*9*_?9*9*9?9?9,30.9,28.7,88,100179,9999,9999,483,0,0,0,999900,999900,999900,99990,180,0.2,10,10,999.0,999,9,'999999999,0,0.0000,0,88,999.000,0.0,1.0
2056/5/17,23:00,?9?9?9?9E0?9?9?9?9*9?9*9?9?9?9?9?9?9*9*_?9*9*9?9?9,30.9,28.7,88,100179,9999,9999,483,0,0,0,999900,999900,999900,99990,180,0.2,10,10,999.0,999,9,'999999999,0,0.0000,0,88,999.000,0.0,1.0
2056/5/17,24:00,?9?9?9?9E0?9?9?9?9*9?9*9?9?9?9?9?9?9*9*_?9*9*9?9?9,30.5,28.5,89,99979,9999,9999,467,0,0,0,999900,999900,999900,99990,180,0.2,9,9,999.0,999,9,'999999999,0,0.0000,0,88,999.000,0.0,1.0
2056/5/18,01:00,?9?9?9?9E0?9?9?9?9*9?9*9?9?9?9?9?9?9*9*_?9*9*9?9?9,30.5,28.5,89,100179,9999,9999,467,0,0,0,999900,999900,999900,99990,180,0.2,9,9,999.0,999,9,'999999999,0,0.0000,0,88,999.000,0.0,1.0
2056/5/18,02:00,?9?9?9?9E0?9?9?9?9*9?9*9?9?9?9?9?9?9*9*_?9*9*9?9?9,30.5,28.5,89,100079,9999,9999,457,0,0,0,999900,999900,999900,99990,180,0.3,8,8,999.0,999,9,'999999999,0,0.0000,0,88,999.000,0.0,1.0
2056/5/18,03:00,?9?9?9?9E0?9?9?9?9*9?9*9?9?9?9?9?9?9*9*_?9*9*9?9?9,30.0,28.0,89,100079,9999,9999,453,0,0,0,999900,999900,999900,99990,180,0.1,8,8,999.0,999,9,'999999999,0,0.0000,0,88,999.000,0.0,1.0
2056/5/18,04:00,?9?9?9?9E0?9?9?9?9*9?9*9?9?9?9?9?9?9*9*_?9*9*9?9?9,29.6,27.6,89,100079,9999,9999,450,0,0,0,999900,999900,999900,99990,180,0.2,8,8,999.0,999,9,'999999999,0,0.0000,0,88,999.000,0.0,1.0
2056/5/18,05:00,?9?9?9?9E0?9?9?9?9*9?9*9?9?9?9?9?9?9*9*_?9*9*9?9?9,29.8,27.8,89,100079,9999,9999,452,0,0,0,999900,999900,999900,99990,220,0.4,8,8,999.0,999,9,'999999999,0,0.0000,0,88,999.000,0.0,1.0
2056/5/18,06:00,?9?9?9?9E0?9?9?9?9*9?9*9?9?9?9?9?9?9*9*_?9*9*9?9?9,29.6,27.6,89,100179,9999,9999,460,1,0,1,999900,999900,999900,99990,230,0.1,9,9,999.0,999,9,'999999999,0,0.0000,0,88,999.000,0.0,1.0
2056/5/18,07:00,?9?9?9?9E0?9?9?9?9*9?9*9?9?9?9?9?9?9*9*_?9*9*9?9?9,30.2,27.6,86,100179,9999,9999,464,38,11,36,999900,999900,999900,99990,230,0.5,9,9,999.0,999,9,'999999999,0,0.0000,0,88,999.000,0.0,1.0
2056/5/18,08:00,?9?9?9?9E0?9?9?9?9*9?9*9?9?9?9?9?9?9*9*_?9*9*9?9?9,32.4,27.6,76,100279,9999,9999,477,180,64,154,999900,999900,999900,99990,240,1.0,9,9,999.0,999,9,'999999999,0,0.0000,0,88,999.000,0.0,1.0
2056/5/18,09:00,?9?9?9?9E0?9?9?9?9*9?9*9?9?9?9?9?9?9*9*_?9*9*9?9?9,33.7,26.0,64,100279,9999,9999,483,351,157,254,999900,999900,999900,99990,320,0.4,9,9,999.0,999,9,'999999999,0,0.0000,0,88,999.000,0.0,1.0
2056/5/18,10:00,?9?9?9?9E0?9?9?9?9*9?9*9?9?9?9?9?9?9*9*_?9*9*9?9?9,36.4,23.3,47,100279,9999,9999,469,701,574,248,999900,999900,999900,99990,300,0.8,5,5,999.0,999,9,'999999999,0,0.0000,0,88,999.000,0.0,1.0
2056/5/18,11:00,?9?9?9?9E0?9?9?9?9*9?9*9?9?9?9?9?9?9*9*_?9*9*9?9?9,37.4,21.5,40,100279,9999,9999,472,828,617,263,999900,999900,999900,99990,310,0.8,5,5,999.0,999,9,'999999999,0,0.0000,0,88,999.000,0.0,1.0
2056/5/18,12:00,?9?9?9?9E0?9?9?9?9*9?9*9?9?9?9?9?9?9*9*_?9*9*9?9?9,38.9,22.0,38,100179,9999,9999,482,894,616,289,999900,999900,999900,99990,320,0.3,5,5,999.0,999,9,'999999999,0,0.0000,0,88,999.000,0.0,1.0
2056/5/18,13:00,?9?9?9?9E0?9?9?9?9*9?9*9?9?9?9?9?9?9*9*_?9*9*9?9?9,40.1,20.8,33,100079,9999,9999,488,955,712,251,999900,999900,999900,99990,250,0.4,5,5,999.0,999,9,'999999999,0,0.0000,0,88,999.000,0.0,1.0
2056/5/18,14:00,?9?9?9?9E0?9?9?9?9*9?9*9?9?9?9?9?9?9*9*_?9*9*9?9?9,41.3,21.8,33,99979,9999,9999,493,930,784,200,999900,999900,999900,99990,250,0.2,4,4,999.0,999,9,'999999999,0,0.0000,0,88,999.000,0.0,1.0
2056/5/18,15:00,?9?9?9?9E0?9?9?9?9*9?9*9?9?9?9?9?9?9*9*_?9*9*9?9?9,38.4,26.8,52,99879,9999,9999,478,790,751,177,999900,999900,999900,99990,110,1.5,3,3,999.0,999,9,'999999999,0,0.0000,0,88,999.000,0.0,1.0
2056/5/18,16:00,?9?9?9?9E0?9?9?9?9*9?9*9?9?9?9?9?9?9*9*_?9*9*9?9?9,37.6,26.1,52,99779,9999,9999,473,614,714,149,999900,999900,999900,99990,130,1.6,3,3,999.0,999,9,'999999999,0,0.0000,0,88,999.000,0.0,1.0
2056/5/18,17:00,?9?9?9?9E0?9?9?9?9*9?9*9?9?9?9?9?9?9*9*_?9*9*9?9?9,36.6,27.3,59,99779,9999,9999,472,359,494,139,999900,999900,999900,99990,140,1.2,4,4,999.0,999,9,'999999999,0,0.0000,0,88,999.000,0.0,1.0
2056/5/18,18:00,?9?9?9?9E0?9?9?9?9*9?9*9?9?9?9?9?9?9*9*_?9*9*9?9?9,35.8,27.7,63,99879,9999,9999,464,144,280,84,999900,999900,999900,99990,140,1.2,3,3,999.0,999,9,'999999999,0,0.0000,0,88,999.000,0.0,1.0
2056/5/18,19:00,?9?9?9?9E0?9?9?9?9*9?9*9?9?9?9?9?9?9*9*_?9*9*9?9?9,34.9,28.9,71,99879,9999,9999,460,10,0,10,999900,999900,999900,99990,140,0.7,3,3,999.0,999,9,'999999999,0,0.0000,0,88,999.000,0.0,1.0
2056/5/18,20:00,?9?9?9?9E0?9?9?9?9*9?9*9?9?9?9?9?9?9*9*_?9*9*9?9?9,34.4,29.3,75,99979,9999,9999,458,0,0,0,999900,999900,999900,99990,140,0.3,3,3,999.0,999,9,'999999999,0,0.0000,0,88,999.000,0.0,1.0
2056/5/18,21:00,?9?9?9?9E0?9?9?9?9*9?9*9?9?9?9?9?9?9*9*_?9*9*9?9?9,33.7,30.4,83,99979,9999,9999,455,0,0,0,999900,999900,999900,99990,160,0.6,3,3,999.0,999,9,'999999999,0,0.0000,0,88,999.000,0.0,1.0
2056/5/18,22:00,?9?9?9?9E0?9?9?9?9*9?9*9?9?9?9?9?9?9*9*_?9*9*9?9?9,33.4,30.1,83,100079,9999,9999,456,0,0,0,999900,999900,999900,99990,150,0.5,4,4,999.0,999,9,'999999999,0,0.0000,0,88,999.000,0.0,1.0
2056/5/18,23:00,?9?9?9?9E0?9?9?9?9*9?9*9?9?9?9?9?9?9*9*_?9*9*9?9?9,33.2,29.9,83,100079,9999,9999,451,0,0,0,999900,999900,999900,99990,150,0.5,3,3,999.0,999,9,'999999999,0,0.0000,0,88,999.000,0.0,1.0
2056/5/18,24:00,?9?9?9?9E0?9?9?9?9*9?9*9?9?9?9?9?9?9*9*_?9*9*9?9?9,32.9,30.1,85,99979,9999,9999,439,0,0,0,999900,999900,999900,99990,160,0.2,1,1,999.0,999,9,'999999999,0,0.0000,0,88,999.000,0.0,1.0
2056/5/19,01:00,?9?9?9?9E0?9?9?9?9*9?9*9?9?9?9?9?9?9*9*_?9*9*9?9?9,32.5,29.7,85,99879,9999,9999,428,0,0,0,999900,999900,999900,99990,160,0.2,0,0,999.0,999,9,'999999999,0,0.0000,0,88,999.000,0.0,1.0
2056/5/19,02:00,?9?9?9?9E0?9?9?9?9*9?9*9?9?9?9?9?9?9*9*_?9*9*9?9?9,32.1,29.3,85,99879,9999,9999,434,0,0,0,999900,999900,999900,99990,160,0.1,1,1,999.0,999,9,'999999999,0,0.0000,0,88,999.000,0.0,1.0
2056/5/19,03:00,?9?9?9?9E0?9?9?9?9*9?9*9?9?9?9?9?9?9*9*_?9*9*9?9?9,31.7,29.1,86,99879,9999,9999,437,0,0,0,999900,999900,999900,99990,160,0.1,2,2,999.0,999,9,'999999999,0,0.0000,0,88,999.000,0.0,1.0
2056/5/19,04:00,?9?9?9?9E0?9?9?9?9*9?9*9?9?9?9?9?9?9*9*_?9*9*9?9?9,31.7,29.1,86,99879,9999,9999,445,0,0,0,999900,999900,999900,99990,220,0.4,4,4,999.0,999,9,'999999999,0,0.0000,0,88,999.000,0.0,1.0
2056/5/19,05:00,?9?9?9?9E0?9?9?9?9*9?9*9?9?9?9?9?9?9*9*_?9*9*9?9?9,32.0,27.0,75,99979,9999,9999,447,0,0,0,999900,999900,999900,99990,220,1.2,5,5,999.0,999,9,'999999999,0,0.0000,0,88,999.000,0.0,1.0
2056/5/19,06:00,?9?9?9?9E0?9?9?9?9*9?9*9?9?9?9?9?9?9*9*_?9*9*9?9?9,32.0,27.0,75,99979,9999,9999,447,1,0,1,999900,999900,999900,99990,250,1.2,5,5,999.0,999,9,'999999999,0,0.0000,0,88,999.000,0.0,1.0
2056/5/19,07:00,?9?9?9?9E0?9?9?9?9*9?9*9?9?9?9?9?9?9*9*_?9*9*9?9?9,32.8,24.6,62,100079,9999,9999,449,103,191,70,999900,999900,999900,99990,260,1.2,5,5,999.0,999,9,'999999999,0,0.0000,0,88,999.000,0.0,1.0
2056/5/19,08:00,?9?9?9?9E0?9?9?9?9*9?9*9?9?9?9?9?9?9*9*_?9*9*9?9?9,34.4,24.1,55,100079,9999,9999,451,355,615,105,999900,999900,999900,99990,260,2.5,3,3,999.0,999,9,'999999999,0,0.0000,0,88,999.000,0.0,1.0
2056/5/19,09:00,?9?9?9?9E0?9?9?9?9*9?9*9?9?9?9?9?9?9*9*_?9*9*9?9?9,36.5,23.4,47,100079,9999,9999,462,609,806,112,999900,999900,999900,99990,290,2.6,3,3,999.0,999,9,'999999999,0,0.0000,0,88,999.000,0.0,1.0
2056/5/19,10:00,?9?9?9?9E0?9?9?9?9*9?9*9?9?9?9?9?9?9*9*_?9*9*9?9?9,38.1,23.3,43,100079,9999,9999,472,775,791,150,999900,999900,999900,99990,290,1.7,3,3,999.0,999,9,'999999999,0,0.0000,0,88,999.000,0.0,1.0
2056/5/19,11:00,?9?9?9?9E0?9?9?9?9*9?9*9?9?9?9?9?9?9*9*_?9*9*9?9?9,39.3,22.8,39,99979,9999,9999,478,895,774,187,999900,999900,999900,99990,290,0.6,3,3,999.0,999,9,'999999999,0,0.0000,0,88,999.000,0.0,1.0
2056/5/19,12:00,?9?9?9?9E0?9?9?9?9*9?9*9?9?9?9?9?9?9*9*_?9*9*9?9?9,40.6,21.2,33,99979,9999,9999,484,986,804,196,999900,999900,999900,99990,250,0.3,3,3,999.0,999,9,'999999999,0,0.0000,0,88,999.000,0.0,1.0
2056/5/19,13:00,?9?9?9?9E0?9?9?9?9*9?9*9?9?9?9?9?9?9*9*_?9*9*9?9?9,42.0,20.8,30,99879,9999,9999,492,1034,870,174,999900,999900,999900,99990,250,0.5,3,3,999.0,999,9,'999999999,0,0.0000,0,88,999.000,0.0,1.0
2056/5/19,14:00,?9?9?9?9E0?9?9?9?9*9?9*9?9?9?9?9?9?9*9*_?9*9*9?9?9,42.8,21.0,29,99779,9999,9999,501,945,836,167,999900,999900,999900,99990,250,0.4,4,4,999.0,999,9,'999999999,0,0.0000,0,88,999.000,0.0,1.0
2056/5/19,15:00,?9?9?9?9E0?9?9?9?9*9?9*9?9?9?9?9?9?9*9*_?9*9*9?9?9,43.4,19.1,25,99679,9999,9999,502,822,824,149,999900,999900,999900,99990,250,0.3,4,4,999.0,999,9,'999999999,0,0.0000,0,88,999.000,0.0,1.0
2056/5/19,16:00,?9?9?9?9E0?9?9?9?9*9?9*9?9?9?9?9?9?9*9*_?9*9*9?9?9,41.3,25.4,41,99679,9999,9999,507,549,555,187,999900,999900,999900,99990,280,0.7,6,6,999.0,999,9,'999999999,0,0.0000,0,88,999.000,0.0,1.0
2056/5/19,17:00,?9?9?9?9E0?9?9?9?9*9?9*9?9?9?9?9?9?9*9*_?9*9*9?9?9,38.2,26.9,53,99679,9999,9999,503,262,192,176,999900,999900,999900,99990,180,0.7,8,8,999.0,999,9,'999999999,0,0.0000,0,88,999.000,0.0,1.0
2056/5/19,18:00,?9?9?9?9E0?9?9?9?9*9?9*9?9?9?9?9?9?9*9*_?9*9*9?9?9,36.8,26.9,57,99779,9999,9999,504,77,42,68,999900,999900,999900,99990,180,0.6,9,9,999.0,999,9,'999999999,0,0.0000,0,88,999.000,0.0,1.0
2056/5/19,19:00,?9?9?9?9E0?9?9?9?9*9?9*9?9?9?9?9?9?9*9*_?9*9*9?9?9,35.6,29.8,72,99879,9999,9999,501,3,0,3,999900,999900,999900,99990,160,0.6,9,9,999.0,999,9,'999999999,0,0.0000,0,88,999.000,0.0,1.0
2056/5/19,20:00,?9?9?9?9E0?9?9?9?9*9?9*9?9?9?9?9?9?9*9*_?9*9*9?9?9,35.0,29.9,75,99879,9999,9999,497,0,0,0,999900,999900,999900,99990,170,0.2,9,9,999.0,999,9,'999999999,0,0.0000,0,88,999.000,0.0,1.0
2056/5/19,21:00,?9?9?9?9E0?9?9?9?9*9?9*9?9?9?9?9?9?9*9*_?9*9*9?9?9,34.5,30.6,80,99979,9999,9999,477,0,0,0,999900,999900,999900,99990,160,0.8,7,7,999.0,999,9,'999999999,0,0.0000,0,88,999.000,0.0,1.0
2056/5/19,22:00,?9?9?9?9E0?9?9?9?9*9?9*9?9?9?9?9?9?9*9*_?9*9*9?9?9,34.2,30.7,82,100079,9999,9999,465,0,0,0,999900,999900,999900,99990,160,0.2,5,5,999.0,999,9,'999999999,0,0.0000,0,88,999.000,0.0,1.0
2056/5/19,23:00,?9?9?9?9E0?9?9?9?9*9?9*9?9?9?9?9?9?9*9*_?9*9*9?9?9,34.1,30.4,81,99979,9999,9999,457,0,0,0,999900,999900,999900,99990,190,0.1,3,3,999.0,999,9,'999999999,0,0.0000,0,88,999.000,0.0,1.0
2056/5/19,24:00,?9?9?9?9E0?9?9?9?9*9?9*9?9?9?9?9?9?9*9*_?9*9*9?9?9,33.7,20.8,47,100079,9999,9999,446,0,0,0,999900,999900,999900,99990,200,0.4,4,4,999.0,999,9,'999999999,0,0.0000,0,88,999.000,0.0,1.0
2056/5/20,01:00,?9?9?9?9E0?9?9?9?9*9?9*9?9?9?9?9?9?9*9*_?9*9*9?9?9,29.5,22.7,67,99879,9999,9999,431,0,0,0,999900,999900,999900,99990,200,1.7,6,6,999.0,999,9,'999999999,0,0.0000,0,88,999.000,0.9,1.0
2056/5/20,02:00,?9?9?9?9E0?9?9?9?9*9?9*9?9?9?9?9?9?9*9*_?9*9*9?9?9,32.0,23.3,60,99879,9999,9999,446,0,0,0,999900,999900,999900,99990,230,1.6,6,6,999.0,999,9,'999999999,0,0.0000,0,88,999.000,0.0,1.0
2056/5/20,03:00,?9?9?9?9E0?9?9?9?9*9?9*9?9?9?9?9?9?9*9*_?9*9*9?9?9,31.9,22.9,59,99879,9999,9999,445,0,0,0,999900,999900,999900,99990,320,1.6,6,6,999.0,999,9,'999999999,0,0.0000,0,88,999.000,0.0,1.0
2056/5/20,04:00,?9?9?9?9E0?9?9?9?9*9?9*9?9?9?9?9?9?9*9*_?9*9*9?9?9,32.2,21.7,54,99979,9999,9999,435,0,0,0,999900,999900,999900,99990,280,1.6,3,3,999.0,999,9,'999999999,0,0.0000,0,88,999.000,0.0,1.0
2056/5/20,05:00,?9?9?9?9E0?9?9?9?9*9?9*9?9?9?9?9?9?9*9*_?9*9*9?9?9,31.7,20.7,52,99979,9999,9999,430,0,0,0,999900,999900,999900,99990,280,1.2,3,3,999.0,999,9,'999999999,0,0.0000,0,88,999.000,0.0,1.0
2056/5/20,06:00,?9?9?9?9E0?9?9?9?9*9?9*9?9?9?9?9?9?9*9*_?9*9*9?9?9,31.0,21.8,58,99979,9999,9999,431,1,0,1,999900,999900,999900,99990,320,0.8,4,4,999.0,999,9,'999999999,0,0.0000,0,88,999.000,0.0,1.0
2056/5/20,07:00,?9?9?9?9E0?9?9?9?9*9?9*9?9?9?9?9?9?9*9*_?9*9*9?9?9,31.2,22.2,59,99979,9999,9999,436,107,193,73,999900,999900,999900,99990,280,0.4,5,5,999.0,999,9,'999999999,0,0.0000,0,88,999.000,0.0,1.0
2056/5/20,08:00,?9?9?9?9E0?9?9?9?9*9?9*9?9?9?9?9?9?9*9*_?9*9*9?9?9,33.5,22.6,53,100079,9999,9999,450,327,471,136,999900,999900,999900,99990,280,0.4,5,5,999.0,999,9,'999999999,0,0.0000,0,88,999.000,0.0,1.0
2056/5/20,09:00,?9?9?9?9E0?9?9?9?9*9?9*9?9?9?9?9?9?9*9*_?9*9*9?9?9,36.5,21.5,42,100179,9999,9999,476,495,463,209,999900,999900,999900,99990,320,0.8,7,7,999.0,999,9,'999999999,0,0.0000,0,88,999.000,0.0,1.0
2056/5/20,10:00,?9?9?9?9E0?9?9?9?9*9?9*9?9?9?9?9?9?9*9*_?9*9*9?9?9,38.0,21.2,38,100179,9999,9999,493,571,341,301,999900,999900,999900,99990,290,1.0,8,8,999.0,999,9,'999999999,0,0.0000,0,88,999.000,0.0,1.0
2056/5/20,11:00,?9?9?9?9E0?9?9?9?9*9?9*9?9?9?9?9?9?9*9*_?9*9*9?9?9,39.8,21.9,36,100179,9999,9999,492,792,541,298,999900,999900,999900,99990,280,2.7,6,6,999.0,999,9,'999999999,0,0.0000,0,88,999.000,0.0,1.0
2056/5/20,12:00,?9?9?9?9E0?9?9?9?9*9?9*9?9?9?9?9?9?9*9*_?9*9*9?9?9,41.2,21.7,33,100179,9999,9999,496,915,652,275,999900,999900,999900,99990,320,0.8,5,5,999.0,999,9,'999999999,0,0.0000,0,88,999.000,0.0,1.0
2056/5/20,13:00,?9?9?9?9E0?9?9?9?9*9?9*9?9?9?9?9?9?9*9*_?9*9*9?9?9,42.6,20.8,29,100079,9999,9999,503,963,727,245,999900,999900,999900,99990,300,0.5,5,5,999.0,999,9,'999999999,0,0.0000,0,88,999.000,0.0,1.0
2056/5/20,14:00,?9?9?9?9E0?9?9?9?9*9?9*9?9?9?9?9?9?9*9*_?9*9*9?9?9,40.1,24.7,42,99979,9999,9999,494,885,703,230,999900,999900,999900,99990,20,0.8,5,5,999.0,999,9,'999999999,0,0.0000,0,88,999.000,0.0,1.0
2056/5/20,15:00,?9?9?9?9E0?9?9?9?9*9?9*9?9?9?9?9?9?9*9*_?9*9*9?9?9,38.3,25.7,49,99979,9999,9999,484,753,671,205,999900,999900,999900,99990,110,1.5,5,5,999.0,999,9,'999999999,0,0.0000,0,88,999.000,0.0,1.0
2056/5/20,16:00,?9?9?9?9E0?9?9?9?9*9?9*9?9?9?9?9?9?9*9*_?9*9*9?9?9,38.1,25.2,48,99879,9999,9999,482,585,631,174,999900,999900,999900,99990,140,1.5,5,5,999.0,999,9,'999999999,0,0.0000,0,88,999.000,0.0,1.0
2056/5/20,17:00,?9?9?9?9E0?9?9?9?9*9?9*9?9?9?9?9?9?9*9*_?9*9*9?9?9,37.3,26.1,53,99879,9999,9999,482,324,348,168,999900,999900,999900,99990,140,2.1,6,6,999.0,999,9,'999999999,0,0.0000,0,88,999.000,0.0,1.0
2056/5/20,18:00,?9?9?9?9E0?9?9?9?9*9?9*9?9?9?9?9?9?9*9*_?9*9*9?9?9,36.1,27.1,60,99979,9999,9999,490,89,59,76,999900,999900,999900,99990,160,1.2,8,8,999.0,999,9,'999999999,0,0.0000,0,88,999.000,0.0,1.0
2056/5/20,19:00,?9?9?9?9E0?9?9?9?9*9?9*9?9?9?9?9?9?9*9*_?9*9*9?9?9,35.0,28.5,69,99979,9999,9999,495,3,0,3,999900,999900,999900,99990,160,1.5,9,9,999.0,999,9,'999999999,0,0.0000,0,88,999.000,0.0,1.0
2056/5/20,20:00,?9?9?9?9E0?9?9?9?9*9?9*9?9?9?9?9?9?9*9*_?9*9*9?9?9,34.5,29.4,75,100079,9999,9999,493,0,0,0,999900,999900,999900,99990,160,1.2,9,9,999.0,999,9,'999999999,0,0.0000,0,88,999.000,0.0,1.0
2056/5/20,21:00,?9?9?9?9E0?9?9?9?9*9?9*9?9?9?9?9?9?9*9*_?9*9*9?9?9,34.1,30.0,79,100079,9999,9999,491,0,0,0,999900,999900,999900,99990,180,1.5,9,9,999.0,999,9,'999999999,0,0.0000,0,88,999.000,0.0,1.0
2056/5/20,22:00,?9?9?9?9E0?9?9?9?9*9?9*9?9?9?9?9?9?9*9*_?9*9*9?9?9,33.8,29.9,80,100179,9999,9999,489,0,0,0,999900,999900,999900,99990,180,1.0,9,9,999.0,999,9,'999999999,0,0.0000,0,88,999.000,0.0,1.0
2056/5/20,23:00,?9?9?9?9E0?9?9?9?9*9?9*9?9?9?9?9?9?9*9*_?9*9*9?9?9,33.5,29.6,80,100179,9999,9999,487,0,0,0,999900,999900,999900,99990,190,0.8,9,9,999.0,999,9,'999999999,0,0.0000,0,88,999.000,0.0,1.0
2056/5/20,24:00,?9?9?9?9E0?9?9?9?9*9?9*9?9?9?9?9?9?9*9*_?9*9*9?9?9,33.0,29.5,82,100079,9999,9999,466,0,0,0,999900,999900,999900,99990,200,0.3,7,7,999.0,999,9,'999999999,0,0.0000,0,88,999.000,0.0,1.0
2056/5/21,01:00,?9?9?9?9E0?9?9?9?9*9?9*9?9?9?9?9?9?9*9*_?9*9*9?9?9,33.0,29.7,83,100079,9999,9999,457,0,0,0,999900,999900,999900,99990,200,0.1,5,5,999.0,999,9,'999999999,0,0.0000,0,88,999.000,0.0,1.0
2056/5/21,02:00,?9?9?9?9E0?9?9?9?9*9?9*9?9?9?9?9?9?9*9*_?9*9*9?9?9,32.6,29.3,83,99979,9999,9999,451,0,0,0,999900,999900,999900,99990,200,0.2,4,4,999.0,999,9,'999999999,0,0.0000,0,88,999.000,0.0,1.0
2056/5/21,03:00,?9?9?9?9E0?9?9?9?9*9?9*9?9?9?9?9?9?9*9*_?9*9*9?9?9,32.5,28.4,79,99979,9999,9999,445,0,0,0,999900,999900,999900,99990,200,0.8,3,3,999.0,999,9,'999999999,0,0.0000,0,88,999.000,0.0,1.0
2056/5/21,04:00,?9?9?9?9E0?9?9?9?9*9?9*9?9?9?9?9?9?9*9*_?9*9*9?9?9,32.1,28.0,79,100079,9999,9999,442,0,0,0,999900,999900,999900,99990,200,0.8,3,3,999.0,999,9,'999999999,0,0.0000,0,88,999.000,0.0,1.0
2056/5/21,05:00,?9?9?9?9E0?9?9?9?9*9?9*9?9?9?9?9?9?9*9*_?9*9*9?9?9,32.0,27.9,79,100079,9999,9999,445,0,0,0,999900,999900,999900,99990,200,1.0,4,4,999.0,999,9,'999999999,0,0.0000,0,88,999.000,0.0,1.0
2056/5/21,06:00,?9?9?9?9E0?9?9?9?9*9?9*9?9?9?9?9?9?9*9*_?9*9*9?9?9,32.0,28.3,81,100179,9999,9999,446,2,0,2,999900,999900,999900,99990,230,0.6,4,4,999.0,999,9,'999999999,0,0.0000,0,88,999.000,0.0,1.0
2056/5/21,07:00,?9?9?9?9E0?9?9?9?9*9?9*9?9?9?9?9?9?9*9*_?9*9*9?9?9,32.6,28.3,78,100279,9999,9999,453,94,121,73,999900,999900,999900,99990,240,1.0,5,5,999.0,999,9,'999999999,0,0.0000,0,88,999.000,0.0,1.0
2056/5/21,08:00,?9?9?9?9E0?9?9?9?9*9?9*9?9?9?9?9?9?9*9*_?9*9*9?9?9,34.4,27.9,69,100379,9999,9999,467,283,288,166,999900,999900,999900,99990,240,1.7,6,6,999.0,999,9,'999999999,0,0.0000,0,88,999.000,0.0,1.0
2056/5/21,09:00,?9?9?9?9E0?9?9?9?9*9?9*9?9?9?9?9?9?9*9*_?9*9*9?9?9,36.5,25.1,52,100379,9999,9999,481,482,407,231,999900,999900,999900,99990,290,2.1,7,7,999.0,999,9,'999999999,0,0.0000,0,88,999.000,0.0,1.0
2056/5/21,10:00,?9?9?9?9E0?9?9?9?9*9?9*9?9?9?9?9?9?9*9*_?9*9*9?9?9,38.5,23.7,43,100379,9999,9999,492,624,422,291,999900,999900,999900,99990,290,1.7,7,7,999.0,999,9,'999999999,0,0.0000,0,88,999.000,0.0,1.0
2056/5/21,11:00,?9?9?9?9E0?9?9?9?9*9?9*9?9?9?9?9?9?9*9*_?9*9*9?9?9,39.2,23.1,40,100379,9999,9999,485,827,585,292,999900,999900,999900,99990,300,0.8,5,5,999.0,999,9,'999999999,0,0.0000,0,88,999.000,0.0,1.0
2056/5/21,12:00,?9?9?9?9E0?9?9?9?9*9?9*9?9?9?9?9?9?9*9*_?9*9*9?9?9,40.5,22.5,36,100279,9999,9999,497,858,519,349,999900,999900,999900,99990,290,1.0,6,6,999.0,999,9,'999999999,0,0.0000,0,88,999.000,0.0,1.0
2056/5/21,13:00,?9?9?9?9E0?9?9?9?9*9?9*9?9?9?9?9?9?9*9*_?9*9*9?9?9,41.8,21.7,32,100279,9999,9999,518,772,370,407,999900,999900,999900,99990,290,0.8,8,8,999.0,999,9,'999999999,0,0.0000,0,88,999.000,0.0,1.0
2056/5/21,14:00,?9?9?9?9E0?9?9?9?9*9?9*9?9?9?9?9?9?9*9*_?9*9*9?9?9,42.5,21.3,30,100179,9999,9999,522,730,377,379,999900,999900,999900,99990,290,1.5,8,8,999.0,999,9,'999999999,0,0.0000,0,88,999.000,0.0,1.0
2056/5/21,15:00,?9?9?9?9E0?9?9?9?9*9?9*9?9?9?9?9?9?9*9*_?9*9*9?9?9,42.0,24.8,38,100079,9999,9999,524,602,332,331,999900,999900,999900,99990,320,0.5,8,8,999.0,999,9,'999999999,0,0.0000,0,88,999.000,0.0,1.0
2056/5/21,16:00,?9?9?9?9E0?9?9?9?9*9?9*9?9?9?9?9?9?9*9*_?9*9*9?9?9,39.5,27.8,52,100079,9999,9999,504,489,354,259,999900,999900,999900,99990,320,1.0,7,7,999.0,999,9,'999999999,0,0.0000,0,88,999.000,0.0,1.0
2056/5/21,17:00,?9?9?9?9E0?9?9?9?9*9?9*9?9?9?9?9?9?9*9*_?9*9*9?9?9,38.2,29.1,60,100079,9999,9999,498,286,224,186,999900,999900,999900,99990,320,1.0,7,7,999.0,999,9,'999999999,0,0.0000,0,88,999.000,0.0,1.0
2056/5/21,18:00,?9?9?9?9E0?9?9?9?9*9?9*9?9?9?9?9?9?9*9*_?9*9*9?9?9,36.6,29.0,65,100079,9999,9999,482,120,137,90,999900,999900,999900,99990,160,0.6,6,6,999.0,999,9,'999999999,0,0.0000,0,88,999.000,0.0,1.0
2056/5/21,19:00,?9?9?9?9E0?9?9?9?9*9?9*9?9?9?9?9?9?9*9*_?9*9*9?9?9,35.5,29.2,70,100079,9999,9999,471,9,0,9,999900,999900,999900,99990,160,0.8,5,5,999.0,999,9,'999999999,0,0.0000,0,88,999.000,0.0,1.0
2056/5/21,20:00,?9?9?9?9E0?9?9?9?9*9?9*9?9?9?9?9?9?9*9*_?9*9*9?9?9,35.0,29.4,73,100179,9999,9999,469,0,0,0,999900,999900,999900,99990,180,0.6,5,5,999.0,999,9,'999999999,0,0.0000,0,88,999.000,0.0,1.0
2056/5/21,21:00,?9?9?9?9E0?9?9?9?9*9?9*9?9?9?9?9?9?9*9*_?9*9*9?9?9,34.6,30.2,78,100179,9999,9999,467,0,0,0,999900,999900,999900,99990,160,0.7,5,5,999.0,999,9,'999999999,0,0.0000,0,88,999.000,0.0,1.0
2056/5/21,22:00,?9?9?9?9E0?9?9?9?9*9?9*9?9?9?9?9?9?9*9*_?9*9*9?9?9,34.0,29.9,79,100279,9999,9999,463,0,0,0,999900,999900,999900,99990,200,1.2,5,5,999.0,999,9,'999999999,0,0.0000,0,88,999.000,0.0,1.0
2056/5/21,23:00,?9?9?9?9E0?9?9?9?9*9?9*9?9?9?9?9?9?9*9*_?9*9*9?9?9,33.7,29.8,80,100279,9999,9999,454,0,0,0,999900,999900,999900,99990,210,0.5,3,3,999.0,999,9,'999999999,0,0.0000,0,88,999.000,0.0,1.0
2056/5/21,24:00,?9?9?9?9E0?9?9?9?9*9?9*9?9?9?9?9?9?9*9*_?9*9*9?9?9,33.5,30.4,84,100279,9999,9999,454,0,0,0,999900,999900,999900,99990,200,0.4,3,3,999.0,999,9,'999999999,0,0.0000,0,88,999.000,0.0,1.0
2056/5/22,01:00,?9?9?9?9E0?9?9?9?9*9?9*9?9?9?9?9?9?9*9*_?9*9*9?9?9,33.4,30.3,84,100179,9999,9999,453,0,0,0,999900,999900,999900,99990,220,0.8,3,3,999.0,999,9,'999999999,0,0.0000,0,88,999.000,0.0,1.0
2056/5/22,02:00,?9?9?9?9E0?9?9?9?9*9?9*9?9?9?9?9?9?9*9*_?9*9*9?9?9,33.0,30.0,84,100179,9999,9999,450,0,0,0,999900,999900,999900,99990,220,1.0,3,3,999.0,999,9,'999999999,0,0.0000,0,88,999.000,0.0,1.0
2056/5/22,03:00,?9?9?9?9E0?9?9?9?9*9?9*9?9?9?9?9?9?9*9*_?9*9*9?9?9,32.8,29.8,84,100179,9999,9999,449,0,0,0,999900,999900,999900,99990,180,1.0,3,3,999.0,999,9,'999999999,0,0.0000,0,88,999.000,0.0,1.0
2056/5/22,04:00,?9?9?9?9E0?9?9?9?9*9?9*9?9?9?9?9?9?9*9*_?9*9*9?9?9,32.5,29.5,84,100079,9999,9999,447,0,0,0,999900,999900,999900,99990,200,0.8,3,3,999.0,999,9,'999999999,0,0.0000,0,88,999.000,0.0,1.0
2056/5/22,05:00,?9?9?9?9E0?9?9?9?9*9?9*9?9?9?9?9?9?9*9*_?9*9*9?9?9,32.3,29.3,84,100179,9999,9999,445,0,0,0,999900,999900,999900,99990,220,1.2,3,3,999.0,999,9,'999999999,0,0.0000,0,88,999.000,0.0,1.0
2056/5/22,06:00,?9?9?9?9E0?9?9?9?9*9?9*9?9?9?9?9?9?9*9*_?9*9*9?9?9,32.1,29.3,85,100279,9999,9999,444,2,0,2,999900,999900,999900,99990,180,0.2,3,3,999.0,999,9,'999999999,0,0.0000,0,88,999.000,0.0,1.0
2056/5/22,07:00,?9?9?9?9E0?9?9?9?9*9?9*9?9?9?9?9?9?9*9*_?9*9*9?9?9,32.5,29.7,85,100379,9999,9999,450,98,159,70,999900,999900,999900,99990,240,1.2,4,4,999.0,999,9,'999999999,0,0.0000,0,88,999.000,0.0,1.0
2056/5/22,08:00,?9?9?9?9E0?9?9?9?9*9?9*9?9?9?9?9?9?9*9*_?9*9*9?9?9,34.1,30.0,79,100379,9999,9999,460,308,416,139,999900,999900,999900,99990,240,1.2,4,4,999.0,999,9,'999999999,0,0.0000,0,88,999.000,0.0,1.0
2056/5/22,09:00,?9?9?9?9E0?9?9?9?9*9?9*9?9?9?9?9?9?9*9*_?9*9*9?9?9,36.1,29.8,70,100479,9999,9999,472,539,608,164,999900,999900,999900,99990,200,1.2,4,4,999.0,999,9,'999999999,0,0.0000,0,88,999.000,0.0,1.0
2056/5/22,10:00,?9?9?9?9E0?9?9?9?9*9?9*9?9?9?9?9?9?9*9*_?9*9*9?9?9,38.3,26.1,50,100479,9999,9999,481,726,677,192,999900,999900,999900,99990,280,1.0,4,4,999.0,999,9,'999999999,0,0.0000,0,88,999.000,0.0,1.0
2056/5/22,11:00,?9?9?9?9E0?9?9?9?9*9?9*9?9?9?9?9?9?9*9*_?9*9*9?9?9,40.3,25.7,44,100379,9999,9999,492,849,681,227,999900,999900,999900,99990,300,1.9,4,4,999.0,999,9,'999999999,0,0.0000,0,88,999.000,0.0,1.0
2056/5/22,12:00,?9?9?9?9E0?9?9?9?9*9?9*9?9?9?9?9?9?9*9*_?9*9*9?9?9,41.4,25.5,41,100379,9999,9999,499,923,693,243,999900,999900,999900,99990,320,0.6,4,4,999.0,999,9,'999999999,0,0.0000,0,88,999.000,0.0,1.0
2056/5/22,13:00,?9?9?9?9E0?9?9?9?9*9?9*9?9?9?9?9?9?9*9*_?9*9*9?9?9,42.4,24.2,36,100279,9999,9999,500,1011,827,194,999900,999900,999900,99990,270,0.6,3,3,999.0,999,9,'999999999,0,0.0000,0,88,999.000,0.0,1.0
2056/5/22,14:00,?9?9?9?9E0?9?9?9?9*9?9*9?9?9?9?9?9?9*9*_?9*9*9?9?9,42.2,27.0,43,100179,9999,9999,503,936,816,176,999900,999900,999900,99990,320,0.5,3,3,999.0,999,9,'999999999,0,0.0000,0,88,999.000,0.0,1.0
2056/5/22,15:00,?9?9?9?9E0?9?9?9?9*9?9*9?9?9?9?9?9?9*9*_?9*9*9?9?9,40.0,27.6,50,100079,9999,9999,489,800,784,160,999900,999900,999900,99990,300,1.5,3,3,999.0,999,9,'999999999,0,0.0000,0,88,999.000,0.0,1.0
2056/5/22,16:00,?9?9?9?9E0?9?9?9?9*9?9*9?9?9?9?9?9?9*9*_?9*9*9?9?9,39.0,28.6,56,100079,9999,9999,489,590,665,156,999900,999900,999900,99990,110,1.7,4,4,999.0,999,9,'999999999,0,0.0000,0,88,999.000,0.0,1.0
2056/5/22,17:00,?9?9?9?9E0?9?9?9?9*9?9*9?9?9?9?9?9?9*9*_?9*9*9?9?9,38.0,28.6,59,100079,9999,9999,486,340,428,148,999900,999900,999900,99990,150,0.8,5,5,999.0,999,9,'999999999,0,0.0000,0,88,999.000,0.0,1.0
2056/5/22,18:00,?9?9?9?9E0?9?9?9?9*9?9*9?9?9?9?9?9?9*9*_?9*9*9?9?9,36.2,29.6,69,100079,9999,9999,476,128,199,84,999900,999900,999900,99990,160,1.5,5,5,999.0,999,9,'999999999,0,0.0000,0,88,999.000,0.0,1.0
2056/5/22,19:00,?9?9?9?9E0?9?9?9?9*9?9*9?9?9?9?9?9?9*9*_?9*9*9?9?9,35.0,30.6,78,100079,9999,9999,463,11,0,11,999900,999900,999900,99990,160,0.8,3,3,999.0,999,9,'999999999,0,0.0000,0,88,999.000,0.0,1.0
2056/5/22,20:00,?9?9?9?9E0?9?9?9?9*9?9*9?9?9?9?9?9?9*9*_?9*9*9?9?9,34.8,30.6,79,100279,9999,9999,462,0,0,0,999900,999900,999900,99990,160,0.6,3,3,999.0,999,9,'999999999,0,0.0000,0,88,999.000,0.0,1.0
2056/5/22,21:00,?9?9?9?9E0?9?9?9?9*9?9*9?9?9?9?9?9?9*9*_?9*9*9?9?9,34.4,31.3,84,100279,9999,9999,472,0,0,0,999900,999900,999900,99990,180,0.3,6,6,999.0,999,9,'999999999,0,0.0000,0,88,999.000,0.0,1.0
2056/5/22,22:00,?9?9?9?9E0?9?9?9?9*9?9*9?9?9?9?9?9?9*9*_?9*9*9?9?9,34.4,31.3,84,100279,9999,9999,485,0,0,0,999900,999900,999900,99990,180,0.5,8,8,999.0,999,9,'999999999,0,0.0000,0,88,999.000,0.0,1.0
2056/5/22,23:00,?9?9?9?9E0?9?9?9?9*9?9*9?9?9?9?9?9?9*9*_?9*9*9?9?9,34.2,31.1,84,100279,9999,9999,483,0,0,0,999900,999900,999900,99990,180,0.7,8,8,999.0,999,9,'999999999,0,0.0000,0,88,999.000,0.0,1.0
2056/5/22,24:00,?9?9?9?9E0?9?9?9?9*9?9*9?9?9?9?9?9?9*9*_?9*9*9?9?9,33.9,30.8,84,100279,9999,9999,481,0,0,0,999900,999900,999900,99990,180,0.6,8,8,999.0,999,9,'999999999,0,0.0000,0,88,999.000,0.0,1.0
2056/5/23,01:00,?9?9?9?9E0?9?9?9?9*9?9*9?9?9?9?9?9?9*9*_?9*9*9?9?9,33.9,31.0,85,100179,9999,9999,492,0,0,0,999900,999900,999900,99990,220,0.4,9,9,999.0,999,9,'999999999,0,0.0000,0,88,999.000,0.0,1.0
2056/5/23,02:00,?9?9?9?9E0?9?9?9?9*9?9*9?9?9?9?9?9?9*9*_?9*9*9?9?9,33.9,31.0,85,100079,9999,9999,492,0,0,0,999900,999900,999900,99990,220,0.4,9,9,999.0,999,9,'999999999,0,0.0000,0,88,999.000,0.0,1.0
2056/5/23,03:00,?9?9?9?9E0?9?9?9?9*9?9*9?9?9?9?9?9?9*9*_?9*9*9?9?9,33.1,26.4,68,100079,9999,9999,480,0,0,0,999900,999900,999900,99990,230,1.0,9,9,999.0,999,9,'999999999,0,0.0000,0,88,999.000,0.0,1.0
2056/5/23,04:00,?9?9?9?9E0?9?9?9?9*9?9*9?9?9?9?9?9?9*9*_?9*9*9?9?9,32.7,25.0,64,100179,9999,9999,475,0,0,0,999900,999900,999900,99990,250,0.8,9,9,999.0,999,9,'999999999,0,0.0000,0,88,999.000,0.0,1.0
2056/5/23,05:00,?9?9?9?9E0?9?9?9?9*9?9*9?9?9?9?9?9?9*9*_?9*9*9?9?9,32.6,25.2,65,100179,9999,9999,475,0,0,0,999900,999900,999900,99990,250,1.0,9,9,999.0,999,9,'999999999,0,0.0000,0,88,999.000,0.0,1.0
2056/5/23,06:00,?9?9?9?9E0?9?9?9?9*9?9*9?9?9?9?9?9?9*9*_?9*9*9?9?9,32.3,24.9,65,100179,9999,9999,473,2,0,2,999900,999900,999900,99990,230,0.4,9,9,999.0,999,9,'999999999,0,0.0000,0,88,999.000,0.0,1.0
2056/5/23,07:00,?9?9?9?9E0?9?9?9?9*9?9*9?9?9?9?9?9?9*9*_?9*9*9?9?9,32.5,25.3,66,100379,9999,9999,475,52,17,49,999900,999900,999900,99990,250,0.4,9,9,999.0,999,9,'999999999,0,0.0000,0,88,999.000,0.0,1.0
2056/5/23,08:00,?9?9?9?9E0?9?9?9?9*9?9*9?9?9?9?9?9?9*9*_?9*9*9?9?9,33.2,26.0,66,100479,9999,9999,480,197,64,171,999900,999900,999900,99990,350,0.2,9,9,999.0,999,9,'999999999,0,0.0000,0,88,999.000,0.0,1.0
2056/5/23,09:00,?9?9?9?9E0?9?9?9?9*9?9*9?9?9?9?9?9?9*9*_?9*9*9?9?9,33.9,25.9,63,100479,9999,9999,484,362,118,289,999900,999900,999900,99990,350,0.2,9,9,999.0,999,9,'999999999,0,0.0000,0,88,999.000,0.0,1.0
2056/5/23,10:00,?9?9?9?9E0?9?9?9?9*9?9*9?9?9?9?9?9?9*9*_?9*9*9?9?9,34.8,29.0,72,100479,9999,9999,494,430,90,359,999900,999900,999900,99990,350,1.2,9,9,999.0,999,9,'999999999,0,0.0000,0,88,999.000,0.0,1.0
2056/5/23,11:00,?9?9?9?9E0?9?9?9?9*9?9*9?9?9?9?9?9?9*9*_?9*9*9?9?9,36.3,28.1,63,100479,9999,9999,503,507,88,426,999900,999900,999900,99990,350,0.6,9,9,999.0,999,9,'999999999,0,0.0000,0,88,999.000,0.0,1.0
2056/5/23,12:00,?9?9?9?9E0?9?9?9?9*9?9*9?9?9?9?9?9?9*9*_?9*9*9?9?9,37.8,25.6,50,100379,9999,9999,509,587,108,481,999900,999900,999900,99990,350,0.8,9,9,999.0,999,9,'999999999,0,0.0000,0,88,999.000,0.0,1.0
2056/5/23,13:00,?9?9?9?9E0?9?9?9?9*9?9*9?9?9?9?9?9?9*9*_?9*9*9?9?9,38.9,25.9,48,100279,9999,9999,517,627,136,493,999900,999900,999900,99990,290,1.0,9,9,999.0,999,9,'999999999,0,0.0000,0,88,999.000,0.0,1.0
2056/5/23,14:00,?9?9?9?9E0?9?9?9?9*9?9*9?9?9?9?9?9?9*9*_?9*9*9?9?9,39.9,25.7,45,100179,9999,9999,523,599,153,457,999900,999900,999900,99990,250,1.5,9,9,999.0,999,9,'999999999,0,0.0000,0,88,999.000,0.0,1.0
2056/5/23,15:00,?9?9?9?9E0?9?9?9?9*9?9*9?9?9?9?9?9?9*9*_?9*9*9?9?9,40.8,26.2,44,100079,9999,9999,530,509,147,389,999900,999900,999900,99990,290,1.5,9,9,999.0,999,9,'999999999,0,0.0000,0,88,999.000,0.0,1.0
2056/5/23,16:00,?9?9?9?9E0?9?9?9?9*9?9*9?9?9?9?9?9?9*9*_?9*9*9?9?9,41.1,25.2,41,99979,9999,9999,530,392,135,304,999900,999900,999900,99990,290,1.2,9,9,999.0,999,9,'999999999,0,0.0000,0,88,999.000,0.0,1.0
2056/5/23,17:00,?9?9?9?9E0?9?9?9?9*9?9*9?9?9?9?9?9?9*9*_?9*9*9?9?9,40.7,24.9,41,99979,9999,9999,527,229,81,193,999900,999900,999900,99990,290,0.8,9,9,999.0,999,9,'999999999,0,0.0000,0,88,999.000,0.0,1.0
2056/5/23,18:00,?9?9?9?9E0?9?9?9?9*9?9*9?9?9?9?9?9?9*9*_?9*9*9?9?9,39.8,21.5,35,99979,9999,9999,516,88,37,80,999900,999900,999900,99990,290,0.1,9,9,999.0,999,9,'999999999,0,0.0000,0,88,999.000,0.0,1.0
2056/5/23,19:00,?9?9?9?9E0?9?9?9?9*9?9*9?9?9?9?9?9?9*9*_?9*9*9?9?9,37.3,28.2,60,100079,9999,9999,510,4,0,4,999900,999900,999900,99990,290,0.3,9,9,999.0,999,9,'999999999,0,0.0000,0,88,999.000,0.0,1.0
2056/5/23,20:00,?9?9?9?9E0?9?9?9?9*9?9*9?9?9?9?9?9?9*9*_?9*9*9?9?9,34.4,28.4,71,100079,9999,9999,473,0,0,0,999900,999900,999900,99990,290,0.5,7,7,999.0,999,9,'999999999,0,0.0000,0,88,999.000,0.0,1.0
2056/5/23,21:00,?9?9?9?9E0?9?9?9?9*9?9*9?9?9?9?9?9?9*9*_?9*9*9?9?9,34.2,28.9,74,100179,9999,9999,463,0,0,0,999900,999900,999900,99990,160,0.4,5,5,999.0,999,9,'999999999,0,0.0000,0,88,999.000,0.0,1.0
2056/5/23,22:00,?9?9?9?9E0?9?9?9?9*9?9*9?9?9?9?9?9?9*9*_?9*9*9?9?9,34.0,28.9,75,100179,9999,9999,458,0,0,0,999900,999900,999900,99990,190,0.3,4,4,999.0,999,9,'999999999,0,0.0000,0,88,999.000,0.0,1.0
2056/5/23,23:00,?9?9?9?9E0?9?9?9?9*9?9*9?9?9?9?9?9?9*9*_?9*9*9?9?9,33.8,28.8,75,100179,9999,9999,460,0,0,0,999900,999900,999900,99990,170,0.6,5,5,999.0,999,9,'999999999,0,0.0000,0,88,999.000,0.0,1.0
2056/5/23,24:00,?9?9?9?9E0?9?9?9?9*9?9*9?9?9?9?9?9?9*9*_?9*9*9?9?9,33.6,28.1,73,100079,9999,9999,458,0,0,0,999900,999900,999900,99990,180,0.8,5,5,999.0,999,9,'999999999,0,0.0000,0,88,999.000,0.0,1.0
2056/5/24,01:00,?9?9?9?9E0?9?9?9?9*9?9*9?9?9?9?9?9?9*9*_?9*9*9?9?9,33.6,28.1,73,100079,9999,9999,458,0,0,0,999900,999900,999900,99990,180,0.2,5,5,999.0,999,9,'999999999,0,0.0000,0,88,999.000,0.0,1.0
2056/5/24,02:00,?9?9?9?9E0?9?9?9?9*9?9*9?9?9?9?9?9?9*9*_?9*9*9?9?9,33.1,28.3,76,99979,9999,9999,456,0,0,0,999900,999900,999900,99990,210,0.4,5,5,999.0,999,9,'999999999,0,0.0000,0,88,999.000,0.0,1.0
2056/5/24,03:00,?9?9?9?9E0?9?9?9?9*9?9*9?9?9?9?9?9?9*9*_?9*9*9?9?9,32.8,28.7,79,99979,9999,9999,437,0,0,0,999900,999900,999900,99990,180,0.4,1,1,999.0,999,9,'999999999,0,0.0000,0,88,999.000,0.0,1.0
2056/5/24,04:00,?9?9?9?9E0?9?9?9?9*9?9*9?9?9?9?9?9?9*9*_?9*9*9?9?9,32.6,28.5,79,99979,9999,9999,428,0,0,0,999900,999900,999900,99990,180,0.6,0,0,999.0,999,9,'999999999,0,0.0000,0,88,999.000,0.0,1.0
2056/5/24,05:00,?9?9?9?9E0?9?9?9?9*9?9*9?9?9?9?9?9?9*9*_?9*9*9?9?9,32.3,28.2,79,100079,9999,9999,434,0,0,0,999900,999900,999900,99990,180,0.5,1,1,999.0,999,9,'999999999,0,0.0000,0,88,999.000,0.0,1.0
2056/5/24,06:00,?9?9?9?9E0?9?9?9?9*9?9*9?9?9?9?9?9?9*9*_?9*9*9?9?9,32.1,29.5,86,100079,9999,9999,440,2,0,2,999900,999900,999900,99990,230,0.6,2,2,999.0,999,9,'999999999,0,0.0000,0,88,999.000,0.0,1.0
2056/5/24,07:00,?9?9?9?9E0?9?9?9?9*9?9*9?9?9?9?9?9?9*9*_?9*9*9?9?9,32.6,28.7,80,100179,9999,9999,442,110,230,70,999900,999900,999900,99990,230,0.5,2,2,999.0,999,9,'999999999,0,0.0000,0,88,999.000,0.0,1.0
2056/5/24,08:00,?9?9?9?9E0?9?9?9?9*9?9*9?9?9?9?9?9?9*9*_?9*9*9?9?9,34.5,28.5,71,100179,9999,9999,438,338,550,114,999900,999900,999900,99990,230,1.0,0,0,999.0,999,9,'999999999,0,0.0000,0,88,999.000,0.0,1.0
2056/5/24,09:00,?9?9?9?9E0?9?9?9?9*9?9*9?9?9?9?9?9?9*9*_?9*9*9?9?9,36.9,26.7,56,100279,9999,9999,450,597,778,118,999900,999900,999900,99990,270,1.6,0,0,999.0,999,9,'999999999,0,0.0000,0,88,999.000,0.0,1.0
2056/5/24,10:00,?9?9?9?9E0?9?9?9?9*9?9*9?9?9?9?9?9?9*9*_?9*9*9?9?9,39.4,22.9,39,100379,9999,9999,468,796,833,139,999900,999900,999900,99990,270,1.5,1,1,999.0,999,9,'999999999,0,0.0000,0,88,999.000,0.0,1.0
2056/5/24,11:00,?9?9?9?9E0?9?9?9?9*9?9*9?9?9?9?9?9?9*9*_?9*9*9?9?9,40.5,23.4,38,100279,9999,9999,490,864,727,200,999900,999900,999900,99990,290,1.0,4,4,999.0,999,9,'999999999,0,0.0000,0,88,999.000,0.0,1.0
2056/5/24,12:00,?9?9?9?9E0?9?9?9?9*9?9*9?9?9?9?9?9?9*9*_?9*9*9?9?9,42.0,21.4,31,100279,9999,9999,493,990,811,195,999900,999900,999900,99990,270,1.5,3,3,999.0,999,9,'999999999,0,0.0000,0,88,999.000,0.0,1.0
2056/5/24,13:00,?9?9?9?9E0?9?9?9?9*9?9*9?9?9?9?9?9?9*9*_?9*9*9?9?9,43.4,21.5,29,100179,9999,9999,506,1007,830,188,999900,999900,999900,99990,260,0.7,4,4,999.0,999,9,'999999999,0,0.0000,0,88,999.000,0.0,1.0
2056/5/24,14:00,?9?9?9?9E0?9?9?9?9*9?9*9?9?9?9?9?9?9*9*_?9*9*9?9?9,44.4,20.6,26,100079,9999,9999,515,917,788,184,999900,999900,999900,99990,310,1.0,5,5,999.0,999,9,'999999999,0,0.0000,0,88,999.000,0.0,1.0
2056/5/24,15:00,?9?9?9?9E0?9?9?9?9*9?9*9?9?9?9?9?9?9*9*_?9*9*9?9?9,40.2,28.5,52,100079,9999,9999,492,796,765,172,999900,999900,999900,99990,140,1.5,3,3,999.0,999,9,'999999999,0,0.0000,0,88,999.000,0.0,1.0
2056/5/24,16:00,?9?9?9?9E0?9?9?9?9*9?9*9?9?9?9?9?9?9*9*_?9*9*9?9?9,38.3,28.9,59,99979,9999,9999,498,486,418,213,999900,999900,999900,99990,110,1.5,7,7,999.0,999,9,'999999999,0,0.0000,0,88,999.000,0.0,1.0
2056/5/24,17:00,?9?9?9?9E0?9?9?9?9*9?9*9?9?9?9?9?9?9*9*_?9*9*9?9?9,37.5,28.7,61,99979,9999,9999,483,346,432,152,999900,999900,999900,99990,160,1.2,5,5,999.0,999,9,'999999999,0,0.0000,0,88,999.000,0.0,1.0
2056/5/24,18:00,?9?9?9?9E0?9?9?9?9*9?9*9?9?9?9?9?9?9*9*_?9*9*9?9?9,36.7,28.5,63,99979,9999,9999,482,122,160,87,999900,999900,999900,99990,160,1.5,6,6,999.0,999,9,'999999999,0,0.0000,0,88,999.000,0.0,1.0
2056/5/24,19:00,?9?9?9?9E0?9?9?9?9*9?9*9?9?9?9?9?9?9*9*_?9*9*9?9?9,35.9,29.8,71,99979,9999,9999,492,6,0,6,999900,999900,999900,99990,160,1.2,8,8,999.0,999,9,'999999999,0,0.0000,0,88,999.000,0.0,1.0
2056/5/24,20:00,?9?9?9?9E0?9?9?9?9*9?9*9?9?9?9?9?9?9*9*_?9*9*9?9?9,34.8,30.4,78,100179,9999,9999,486,0,0,0,999900,999900,999900,99990,170,1.2,8,8,999.0,999,9,'999999999,0,0.0000,0,88,999.000,0.0,1.0
2056/5/24,21:00,?9?9?9?9E0?9?9?9?9*9?9*9?9?9?9?9?9?9*9*_?9*9*9?9?9,34.3,30.1,79,100179,9999,9999,475,0,0,0,999900,999900,999900,99990,170,1.5,7,7,999.0,999,9,'999999999,0,0.0000,0,88,999.000,0.0,1.0
2056/5/24,22:00,?9?9?9?9E0?9?9?9?9*9?9*9?9?9?9?9?9?9*9*_?9*9*9?9?9,34.2,30.3,80,100179,9999,9999,465,0,0,0,999900,999900,999900,99990,160,1.2,5,5,999.0,999,9,'999999999,0,0.0000,0,88,999.000,0.0,1.0
2056/5/24,23:00,?9?9?9?9E0?9?9?9?9*9?9*9?9?9?9?9?9?9*9*_?9*9*9?9?9,34.0,30.1,80,100179,9999,9999,463,0,0,0,999900,999900,999900,99990,160,0.8,5,5,999.0,999,9,'999999999,0,0.0000,0,88,999.000,0.0,1.0
2056/5/24,24:00,?9?9?9?9E0?9?9?9?9*9?9*9?9?9?9?9?9?9*9*_?9*9*9?9?9,33.8,29.9,80,100179,9999,9999,462,0,0,0,999900,999900,999900,99990,180,0.6,5,5,999.0,999,9,'999999999,0,0.0000,0,88,999.000,0.0,1.0
2056/5/25,01:00,?9?9?9?9E0?9?9?9?9*9?9*9?9?9?9?9?9?9*9*_?9*9*9?9?9,33.8,29.9,80,100079,9999,9999,462,0,0,0,999900,999900,999900,99990,200,1.0,5,5,999.0,999,9,'999999999,0,0.0000,0,88,999.000,0.0,1.0
2056/5/25,02:00,?9?9?9?9E0?9?9?9?9*9?9*9?9?9?9?9?9?9*9*_?9*9*9?9?9,33.6,29.7,80,100079,9999,9999,460,0,0,0,999900,999900,999900,99990,210,0.8,5,5,999.0,999,9,'999999999,0,0.0000,0,88,999.000,0.0,1.0
2056/5/25,03:00,?9?9?9?9E0?9?9?9?9*9?9*9?9?9?9?9?9?9*9*_?9*9*9?9?9,33.4,29.5,80,100079,9999,9999,468,0,0,0,999900,999900,999900,99990,200,0.4,7,7,999.0,999,9,'999999999,0,0.0000,0,88,999.000,0.0,1.0
2056/5/25,04:00,?9?9?9?9E0?9?9?9?9*9?9*9?9?9?9?9?9?9*9*_?9*9*9?9?9,33.4,29.0,78,100079,9999,9999,458,0,0,0,999900,999900,999900,99990,230,0.8,5,5,999.0,999,9,'999999999,0,0.0000,0,88,999.000,0.0,1.0
2056/5/25,05:00,?9?9?9?9E0?9?9?9?9*9?9*9?9?9?9?9?9?9*9*_?9*9*9?9?9,33.1,28.8,78,100079,9999,9999,473,0,0,0,999900,999900,999900,99990,250,0.6,8,8,999.0,999,9,'999999999,0,0.0000,0,88,999.000,0.0,1.0
2056/5/25,06:00,?9?9?9?9E0?9?9?9?9*9?9*9?9?9?9?9?9?9*9*_?9*9*9?9?9,32.9,27.4,73,100079,9999,9999,480,2,0,2,999900,999900,999900,99990,230,0.5,9,9,999.0,999,9,'999999999,0,0.0000,0,88,999.000,0.0,1.0
2056/5/25,07:00,?9?9?9?9E0?9?9?9?9*9?9*9?9?9?9?9?9?9*9*_?9*9*9?9?9,33.8,25.8,63,100179,9999,9999,483,54,31,49,999900,999900,999900,99990,230,1.0,9,9,999.0,999,9,'999999999,0,0.0000,0,88,999.000,0.0,1.0
2056/5/25,08:00,?9?9?9?9E0?9?9?9?9*9?9*9?9?9?9?9?9?9*9*_?9*9*9?9?9,40.7,28.6,51,100279,9999,9999,513,269,272,158,999900,999900,999900,99990,230,1.2,7,7,999.0,999,9,'999999999,0,0.0000,0,88,999.000,0.0,1.0
2056/5/25,09:00,?9?9?9?9E0?9?9?9?9*9?9*9?9?9?9?9?9?9*9*_?9*9*9?9?9,38.1,24.5,46,100279,9999,9999,481,562,669,150,999900,999900,999900,99990,290,2.1,5,5,999.0,999,9,'999999999,0,0.0000,0,88,999.000,0.0,1.0
2056/5/25,10:00,?9?9?9?9E0?9?9?9?9*9?9*9?9?9?9?9?9?9*9*_?9*9*9?9?9,39.1,25.0,45,100379,9999,9999,484,745,732,168,999900,999900,999900,99990,290,1.9,4,4,999.0,999,9,'999999999,0,0.0000,0,88,999.000,0.0,1.0
2056/5/25,11:00,?9?9?9?9E0?9?9?9?9*9?9*9?9?9?9?9?9?9*9*_?9*9*9?9?9,40.2,24.8,42,100379,9999,9999,487,916,814,173,999900,999900,999900,99990,270,1.5,3,3,999.0,999,9,'999999999,0,0.0000,0,88,999.000,0.0,1.0
2056/5/25,12:00,?9?9?9?9E0?9?9?9?9*9?9*9?9?9?9?9?9?9*9*_?9*9*9?9?9,42.0,24.8,38,100279,9999,9999,498,972,789,199,999900,999900,999900,99990,270,1.2,3,3,999.0,999,9,'999999999,0,0.0000,0,88,999.000,0.0,1.0
2056/5/25,13:00,?9?9?9?9E0?9?9?9?9*9?9*9?9?9?9?9?9?9*9*_?9*9*9?9?9,43.0,23.8,34,100179,9999,9999,503,1017,849,180,999900,999900,999900,99990,330,0.5,3,3,999.0,999,9,'999999999,0,0.0000,0,88,999.000,0.0,1.0
2056/5/25,14:00,?9?9?9?9E0?9?9?9?9*9?9*9?9?9?9?9?9?9*9*_?9*9*9?9?9,41.1,25.6,42,100179,9999,9999,494,949,845,163,999900,999900,999900,99990,330,1.5,3,3,999.0,999,9,'999999999,0,0.0000,0,88,999.000,0.0,1.0
2056/5/25,15:00,?9?9?9?9E0?9?9?9?9*9?9*9?9?9?9?9?9?9*9*_?9*9*9?9?9,39.1,26.1,48,100079,9999,9999,482,812,814,147,999900,999900,999900,99990,110,1.0,3,3,999.0,999,9,'999999999,0,0.0000,0,88,999.000,0.0,1.0
2056/5/25,16:00,?9?9?9?9E0?9?9?9?9*9?9*9?9?9?9?9?9?9*9*_?9*9*9?9?9,39.1,26.1,48,99979,9999,9999,486,609,722,138,999900,999900,999900,99990,110,0.8,4,4,999.0,999,9,'999999999,0,0.0000,0,88,999.000,0.0,1.0
2056/5/25,17:00,?9?9?9?9E0?9?9?9?9*9?9*9?9?9?9?9?9?9*9*_?9*9*9?9?9,39.1,26.1,48,99979,9999,9999,486,371,529,133,999900,999900,999900,99990,140,0.5,4,4,999.0,999,9,'999999999,0,0.0000,0,88,999.000,0.0,1.0
2056/5/25,18:00,?9?9?9?9E0?9?9?9?9*9?9*9?9?9?9?9?9?9*9*_?9*9*9?9?9,38.2,28.5,58,99979,9999,9999,497,108,113,83,999900,999900,999900,99990,160,0.4,7,7,999.0,999,9,'999999999,0,0.0000,0,88,999.000,0.0,1.0
2056/5/25,19:00,?9?9?9?9E0?9?9?9?9*9?9*9?9?9?9?9?9?9*9*_?9*9*9?9?9,37.1,30.0,67,99979,9999,9999,500,6,0,6,999900,999900,999900,99990,160,0.5,8,8,999.0,999,9,'999999999,0,0.0000,0,88,999.000,0.0,1.0
2056/5/25,20:00,?9?9?9?9E0?9?9?9?9*9?9*9?9?9?9?9?9?9*9*_?9*9*9?9?9,36.1,30.3,72,100079,9999,9999,481,0,0,0,999900,999900,999900,99990,160,0.4,6,6,999.0,999,9,'999999999,0,0.0000,0,88,999.000,0.0,1.0
2056/5/25,21:00,?9?9?9?9E0?9?9?9?9*9?9*9?9?9?9?9?9?9*9*_?9*9*9?9?9,35.8,30.7,75,100179,9999,9999,472,0,0,0,999900,999900,999900,99990,160,0.6,4,4,999.0,999,9,'999999999,0,0.0000,0,88,999.000,0.0,1.0
2056/5/25,22:00,?9?9?9?9E0?9?9?9?9*9?9*9?9?9?9?9?9?9*9*_?9*9*9?9?9,35.6,30.7,76,100179,9999,9999,470,0,0,0,999900,999900,999900,99990,190,0.7,4,4,999.0,999,9,'999999999,0,0.0000,0,88,999.000,0.0,1.0
2056/5/25,23:00,?9?9?9?9E0?9?9?9?9*9?9*9?9?9?9?9?9?9*9*_?9*9*9?9?9,35.6,26.4,59,100179,9999,9999,468,0,0,0,999900,999900,999900,99990,210,1.0,5,5,999.0,999,9,'999999999,0,0.0000,0,88,999.000,0.0,1.0
2056/5/25,24:00,?9?9?9?9E0?9?9?9?9*9?9*9?9?9?9?9?9?9*9*_?9*9*9?9?9,35.1,24.7,55,100179,9999,9999,467,0,0,0,999900,999900,999900,99990,230,1.2,6,6,999.0,999,9,'999999999,0,0.0000,0,88,999.000,0.0,1.0
2056/5/26,01:00,?9?9?9?9E0?9?9?9?9*9?9*9?9?9?9?9?9?9*9*_?9*9*9?9?9,35.0,24.9,56,100079,9999,9999,472,0,0,0,999900,999900,999900,99990,230,0.6,7,7,999.0,999,9,'999999999,0,0.0000,0,88,999.000,0.0,1.0
2056/5/26,02:00,?9?9?9?9E0?9?9?9?9*9?9*9?9?9?9?9?9?9*9*_?9*9*9?9?9,34.2,24.8,58,100079,9999,9999,457,0,0,0,999900,999900,999900,99990,220,0.6,5,5,999.0,999,9,'999999999,0,0.0000,0,88,999.000,0.0,1.0
2056/5/26,03:00,?9?9?9?9E0?9?9?9?9*9?9*9?9?9?9?9?9?9*9*_?9*9*9?9?9,33.6,24.8,60,100079,9999,9999,454,0,0,0,999900,999900,999900,99990,240,1.0,5,5,999.0,999,9,'999999999,0,0.0000,0,88,999.000,0.0,1.0
2056/5/26,04:00,?9?9?9?9E0?9?9?9?9*9?9*9?9?9?9?9?9?9*9*_?9*9*9?9?9,33.0,25.3,64,100079,9999,9999,451,0,0,0,999900,999900,999900,99990,240,0.5,5,5,999.0,999,9,'999999999,0,0.0000,0,88,999.000,0.0,1.0
2056/5/26,05:00,?9?9?9?9E0?9?9?9?9*9?9*9?9?9?9?9?9?9*9*_?9*9*9?9?9,32.7,25.0,64,100079,9999,9999,449,0,0,0,999900,999900,999900,99990,250,0.8,5,5,999.0,999,9,'999999999,0,0.0000,0,88,999.000,0.0,1.0
2056/5/26,06:00,?9?9?9?9E0?9?9?9?9*9?9*9?9?9?9?9?9?9*9*_?9*9*9?9?9,33.0,25.3,64,100079,9999,9999,451,2,0,2,999900,999900,999900,99990,250,2.1,5,5,999.0,999,9,'999999999,0,0.0000,0,88,999.000,0.0,1.0
2056/5/26,07:00,?9?9?9?9E0?9?9?9?9*9?9*9?9?9?9?9?9?9*9*_?9*9*9?9?9,34.0,24.9,59,100179,9999,9999,456,107,218,69,999900,999900,999900,99990,250,1.7,5,5,999.0,999,9,'999999999,0,0.0000,0,88,999.000,0.0,1.0
2056/5/26,08:00,?9?9?9?9E0?9?9?9?9*9?9*9?9?9?9?9?9?9*9*_?9*9*9?9?9,36.2,25.4,54,100179,9999,9999,470,327,519,116,999900,999900,999900,99990,270,3.1,5,5,999.0,999,9,'999999999,0,0.0000,0,88,999.000,0.0,1.0
2056/5/26,09:00,?9?9?9?9E0?9?9?9?9*9?9*9?9?9?9?9?9?9*9*_?9*9*9?9?9,37.7,23.7,45,100279,9999,9999,470,614,828,105,999900,999900,999900,99990,270,3.3,3,3,999.0,999,9,'999999999,0,0.0000,0,88,999.000,0.0,1.0
2056/5/26,10:00,?9?9?9?9E0?9?9?9?9*9?9*9?9?9?9?9?9?9*9*_?9*9*9?9?9,39.1,23.4,41,100279,9999,9999,478,778,813,137,999900,999900,999900,99990,270,1.5,3,3,999.0,999,9,'999999999,0,0.0000,0,88,999.000,0.0,1.0
2056/5/26,11:00,?9?9?9?9E0?9?9?9?9*9?9*9?9?9?9?9?9?9*9*_?9*9*9?9?9,40.2,23.6,39,100279,9999,9999,485,899,799,171,999900,999900,999900,99990,270,1.2,3,3,999.0,999,9,'999999999,0,0.0000,0,88,999.000,0.0,1.0
2056/5/26,12:00,?9?9?9?9E0?9?9?9?9*9?9*9?9?9?9?9?9?9*9*_?9*9*9?9?9,42.0,22.9,34,100179,9999,9999,495,986,822,181,999900,999900,999900,99990,320,1.9,3,3,999.0,999,9,'999999999,0,0.0000,0,88,999.000,0.0,1.0
2056/5/26,13:00,?9?9?9?9E0?9?9?9?9*9?9*9?9?9?9?9?9?9*9*_?9*9*9?9?9,43.4,23.1,32,100079,9999,9999,504,1028,878,163,999900,999900,999900,99990,300,1.9,3,3,999.0,999,9,'999999999,0,0.0000,0,88,999.000,0.0,1.0
2056/5/26,14:00,?9?9?9?9E0?9?9?9?9*9?9*9?9?9?9?9?9?9*9*_?9*9*9?9?9,44.8,24.3,32,99979,9999,9999,515,961,876,147,999900,999900,999900,99990,300,1.7,3,3,999.0,999,9,'999999999,0,0.0000,0,88,999.000,0.0,1.0
2056/5/26,15:00,?9?9?9?9E0?9?9?9?9*9?9*9?9?9?9?9?9?9*9*_?9*9*9?9?9,45.1,24.6,32,99979,9999,9999,517,828,855,130,999900,999900,999900,99990,290,1.0,3,3,999.0,999,9,'999999999,0,0.0000,0,88,999.000,0.0,1.0
2056/5/26,16:00,?9?9?9?9E0?9?9?9?9*9?9*9?9?9?9?9?9?9*9*_?9*9*9?9?9,40.9,27.0,46,99979,9999,9999,494,630,786,117,999900,999900,999900,99990,240,1.7,3,3,999.0,999,9,'999999999,0,0.0000,0,88,999.000,0.0,1.0
2056/5/26,17:00,?9?9?9?9E0?9?9?9?9*9?9*9?9?9?9?9?9?9*9*_?9*9*9?9?9,39.4,27.1,50,99979,9999,9999,485,393,639,105,999900,999900,999900,99990,150,1.5,3,3,999.0,999,9,'999999999,0,0.0000,0,88,999.000,0.0,1.0
2056/5/26,18:00,?9?9?9?9E0?9?9?9?9*9?9*9?9?9?9?9?9?9*9*_?9*9*9?9?9,37.6,26.7,54,99979,9999,9999,477,158,371,75,999900,999900,999900,99990,160,1.9,4,4,999.0,999,9,'999999999,0,0.0000,0,88,999.000,0.0,1.0
2056/5/26,19:00,?9?9?9?9E0?9?9?9?9*9?9*9?9?9?9?9?9?9*9*_?9*9*9?9?9,36.4,28.0,62,99979,9999,9999,479,11,0,11,999900,999900,999900,99990,160,2.3,6,6,999.0,999,9,'999999999,0,0.0000,0,88,999.000,0.0,1.0
2056/5/26,20:00,?9?9?9?9E0?9?9?9?9*9?9*9?9?9?9?9?9?9*9*_?9*9*9?9?9,35.2,29.4,72,100079,9999,9999,487,0,0,0,999900,999900,999900,99990,180,2.1,8,8,999.0,999,9,'999999999,0,0.0000,0,88,999.000,0.0,1.0
2056/5/26,21:00,?9?9?9?9E0?9?9?9?9*9?9*9?9?9?9?9?9?9*9*_?9*9*9?9?9,34.9,29.3,73,100079,9999,9999,468,0,0,0,999900,999900,999900,99990,160,1.2,5,5,999.0,999,9,'999999999,0,0.0000,0,88,999.000,0.0,1.0
2056/5/26,22:00,?9?9?9?9E0?9?9?9?9*9?9*9?9?9?9?9?9?9*9*_?9*9*9?9?9,34.9,29.3,73,100179,9999,9999,461,0,0,0,999900,999900,999900,99990,160,0.6,3,3,999.0,999,9,'999999999,0,0.0000,0,88,999.000,0.0,1.0
2056/5/26,23:00,?9?9?9?9E0?9?9?9?9*9?9*9?9?9?9?9?9?9*9*_?9*9*9?9?9,34.9,29.3,73,100179,9999,9999,464,0,0,0,999900,999900,999900,99990,200,1.7,4,4,999.0,999,9,'999999999,0,0.0000,0,88,999.000,0.0,1.0
2056/5/26,24:00,?9?9?9?9E0?9?9?9?9*9?9*9?9?9?9?9?9?9*9*_?9*9*9?9?9,34.6,28.8,72,100079,9999,9999,465,0,0,0,999900,999900,999900,99990,200,1.0,5,5,999.0,999,9,'999999999,0,0.0000,0,88,999.000,0.0,1.0
2056/5/27,01:00,?9?9?9?9E0?9?9?9?9*9?9*9?9?9?9?9?9?9*9*_?9*9*9?9?9,34.3,29.0,74,100179,9999,9999,464,0,0,0,999900,999900,999900,99990,210,1.0,5,5,999.0,999,9,'999999999,0,0.0000,0,88,999.000,0.0,1.0
2056/5/27,02:00,?9?9?9?9E0?9?9?9?9*9?9*9?9?9?9?9?9?9*9*_?9*9*9?9?9,34.1,29.3,76,99979,9999,9999,463,0,0,0,999900,999900,999900,99990,210,0.8,5,5,999.0,999,9,'999999999,0,0.0000,0,88,999.000,0.0,1.0
2056/5/27,03:00,?9?9?9?9E0?9?9?9?9*9?9*9?9?9?9?9?9?9*9*_?9*9*9?9?9,34.0,29.9,79,99979,9999,9999,460,0,0,0,999900,999900,999900,99990,200,1.2,4,4,999.0,999,9,'999999999,0,0.0000,0,88,999.000,0.0,1.0
2056/5/27,04:00,?9?9?9?9E0?9?9?9?9*9?9*9?9?9?9?9?9?9*9*_?9*9*9?9?9,33.8,29.9,80,99979,9999,9999,455,0,0,0,999900,999900,999900,99990,229,1.0,3,3,999.0,999,9,'999999999,0,0.0000,0,88,999.000,0.0,1.0
2056/5/27,05:00,?9?9?9?9E0?9?9?9?9*9?9*9?9?9?9?9?9?9*9*_?9*9*9?9?9,33.8,29.4,78,100079,9999,9999,458,0,0,0,999900,999900,999900,99990,230,0.8,4,4,999.0,999,9,'999999999,0,0.0000,0,88,999.000,0.0,1.0
2056/5/27,06:00,?9?9?9?9E0?9?9?9?9*9?9*9?9?9?9?9?9?9*9*_?9*9*9?9?9,34.0,28.7,74,100179,9999,9999,471,2,0,2,999900,999900,999900,99990,230,1.6,7,7,999.0,999,9,'999999999,0,0.0000,0,88,999.000,0.0,1.0
2056/5/27,07:00,?9?9?9?9E0?9?9?9?9*9?9*9?9?9?9?9?9?9*9*_?9*9*9?9?9,35.0,23.4,51,100179,9999,9999,460,112,245,69,999900,999900,999900,99990,270,2.9,5,5,999.0,999,9,'999999999,0,0.0000,0,88,999.000,0.0,1.0
2056/5/27,08:00,?9?9?9?9E0?9?9?9?9*9?9*9?9?9?9?9?9?9*9*_?9*9*9?9?9,36.1,23.7,49,100279,9999,9999,471,314,449,131,999900,999900,999900,99990,270,2.5,6,6,999.0,999,9,'999999999,0,0.0000,0,88,999.000,0.0,1.0
2056/5/27,09:00,?9?9?9?9E0?9?9?9?9*9?9*9?9?9?9?9?9?9*9*_?9*9*9?9?9,37.5,22.0,41,100379,9999,9999,491,464,435,196,999900,999900,999900,99990,290,3.1,8,8,999.0,999,9,'999999999,0,0.0000,0,88,999.000,0.0,1.0
2056/5/27,10:00,?9?9?9?9E0?9?9?9?9*9?9*9?9?9?9?9?9?9*9*_?9*9*9?9?9,39.3,22.4,38,100379,9999,9999,485,738,713,177,999900,999900,999900,99990,290,2.7,5,5,999.0,999,9,'999999999,0,0.0000,0,88,999.000,0.0,1.0
2056/5/27,11:00,?9?9?9?9E0?9?9?9?9*9?9*9?9?9?9?9?9?9*9*_?9*9*9?9?9,40.7,20.8,32,100379,9999,9999,488,895,786,179,999900,999900,999900,99990,290,2.5,4,4,999.0,999,9,'999999999,0,0.0000,0,88,999.000,0.0,1.0
2056/5/27,12:00,?9?9?9?9E0?9?9?9?9*9?9*9?9?9?9?9?9?9*9*_?9*9*9?9?9,42.3,20.6,29,100379,9999,9999,497,972,800,189,999900,999900,999900,99990,290,2.3,4,4,999.0,999,9,'999999999,0,0.0000,0,88,999.000,0.0,1.0
2056/5/27,13:00,?9?9?9?9E0?9?9?9?9*9?9*9?9?9?9?9?9?9*9*_?9*9*9?9?9,43.5,20.4,27,100279,9999,9999,501,1047,908,153,999900,999900,999900,99990,280,2.3,3,3,999.0,999,9,'999999999,0,0.0000,0,88,999.000,0.0,1.0
2056/5/27,14:00,?9?9?9?9E0?9?9?9?9*9?9*9?9?9?9?9?9?9*9*_?9*9*9?9?9,44.4,20.6,26,100179,9999,9999,507,987,920,131,999900,999900,999900,99990,300,2.1,3,3,999.0,999,9,'999999999,0,0.0000,0,88,999.000,0.0,1.0
2056/5/27,15:00,?9?9?9?9E0?9?9?9?9*9?9*9?9?9?9?9?9?9*9*_?9*9*9?9?9,44.9,19.7,24,100179,9999,9999,508,856,911,112,999900,999900,999900,99990,290,1.9,3,3,999.0,999,9,'999999999,0,0.0000,0,88,999.000,0.0,1.0
2056/5/27,16:00,?9?9?9?9E0?9?9?9?9*9?9*9?9?9?9?9?9?9*9*_?9*9*9?9?9,45.0,19.8,24,100079,9999,9999,509,665,869,97,999900,999900,999900,99990,260,1.9,3,3,999.0,999,9,'999999999,0,0.0000,0,88,999.000,0.0,1.0
2056/5/27,17:00,?9?9?9?9E0?9?9?9?9*9?9*9?9?9?9?9?9?9*9*_?9*9*9?9?9,42.2,24.5,37,100079,9999,9999,499,407,691,95,999900,999900,999900,99990,260,2.1,3,3,999.0,999,9,'999999999,0,0.0000,0,88,999.000,0.0,1.0
2056/5/27,18:00,?9?9?9?9E0?9?9?9?9*9?9*9?9?9?9?9?9?9*9*_?9*9*9?9?9,39.2,26.2,48,100079,9999,9999,482,168,438,70,999900,999900,999900,99990,140,1.9,3,3,999.0,999,9,'999999999,0,0.0000,0,88,999.000,0.0,1.0
2056/5/27,19:00,?9?9?9?9E0?9?9?9?9*9?9*9?9?9?9?9?9?9*9*_?9*9*9?9?9,36.8,28.1,61,100079,9999,9999,470,13,0,13,999900,999900,999900,99990,140,2.5,3,3,999.0,999,9,'999999999,0,0.0000,0,88,999.000,0.0,1.0
2056/5/27,20:00,?9?9?9?9E0?9?9?9?9*9?9*9?9?9?9?9?9?9*9*_?9*9*9?9?9,35.6,29.5,71,100179,9999,9999,465,0,0,0,999900,999900,999900,99990,180,2.5,3,3,999.0,999,9,'999999999,0,0.0000,0,88,999.000,0.0,1.0
2056/5/27,21:00,?9?9?9?9E0?9?9?9?9*9?9*9?9?9?9?9?9?9*9*_?9*9*9?9?9,35.0,29.7,74,100279,9999,9999,457,0,0,0,999900,999900,999900,99990,180,1.9,2,2,999.0,999,9,'999999999,0,0.0000,0,88,999.000,0.0,1.0
2056/5/27,22:00,?9?9?9?9E0?9?9?9?9*9?9*9?9?9?9?9?9?9*9*_?9*9*9?9?9,35.0,29.9,75,100279,9999,9999,451,0,0,0,999900,999900,999900,99990,180,1.7,1,1,999.0,999,9,'999999999,0,0.0000,0,88,999.000,0.0,1.0
2056/5/27,23:00,?9?9?9?9E0?9?9?9?9*9?9*9?9?9?9?9?9?9*9*_?9*9*9?9?9,34.9,29.8,75,100279,9999,9999,451,0,0,0,999900,999900,999900,99990,180,0.6,1,1,999.0,999,9,'999999999,0,0.0000,0,88,999.000,0.0,1.0
2056/5/27,24:00,?9?9?9?9E0?9?9?9?9*9?9*9?9?9?9?9?9?9*9*_?9*9*9?9?9,34.6,29.8,76,100279,9999,9999,440,0,0,0,999900,999900,999900,99990,200,0.8,0,0,999.0,999,9,'999999999,0,0.0000,0,88,999.000,0.0,1.0
2056/5/28,01:00,?9?9?9?9E0?9?9?9?9*9?9*9?9?9?9?9?9?9*9*_?9*9*9?9?9,34.6,29.3,74,100279,9999,9999,440,0,0,0,999900,999900,999900,99990,200,1.9,0,0,999.0,999,9,'999999999,0,0.0000,0,88,999.000,0.0,1.0
2056/5/28,02:00,?9?9?9?9E0?9?9?9?9*9?9*9?9?9?9?9?9?9*9*_?9*9*9?9?9,34.6,29.3,74,100179,9999,9999,448,0,0,0,999900,999900,999900,99990,200,1.7,1,1,999.0,999,9,'999999999,0,0.0000,0,88,999.000,0.0,1.0
2056/5/28,03:00,?9?9?9?9E0?9?9?9?9*9?9*9?9?9?9?9?9?9*9*_?9*9*9?9?9,34.5,29.2,74,100179,9999,9999,448,0,0,0,999900,999900,999900,99990,200,1.7,1,1,999.0,999,9,'999999999,0,0.0000,0,88,999.000,0.0,1.0
2056/5/28,04:00,?9?9?9?9E0?9?9?9?9*9?9*9?9?9?9?9?9?9*9*_?9*9*9?9?9,34.4,28.4,71,100079,9999,9999,452,0,0,0,999900,999900,999900,99990,200,1.7,2,2,999.0,999,9,'999999999,0,0.0000,0,88,999.000,0.0,1.0
2056/5/28,05:00,?9?9?9?9E0?9?9?9?9*9?9*9?9?9?9?9?9?9*9*_?9*9*9?9?9,34.4,26.1,62,100179,9999,9999,453,0,0,0,999900,999900,999900,99990,200,2.9,3,3,999.0,999,9,'999999999,0,0.0000,0,88,999.000,0.0,1.0
2056/5/28,06:00,?9?9?9?9E0?9?9?9?9*9?9*9?9?9?9?9?9?9*9*_?9*9*9?9?9,34.4,26.1,62,100179,9999,9999,453,2,0,2,999900,999900,999900,99990,270,2.9,3,3,999.0,999,9,'999999999,0,0.0000,0,88,999.000,0.0,1.0
2056/5/28,07:00,?9?9?9?9E0?9?9?9?9*9?9*9?9?9?9?9?9?9*9*_?9*9*9?9?9,34.9,26.0,60,100279,9999,9999,456,120,314,65,999900,999900,999900,99990,290,3.1,3,3,999.0,999,9,'999999999,0,0.0000,0,88,999.000,0.0,1.0
2056/5/28,08:00,?9?9?9?9E0?9?9?9?9*9?9*9?9?9?9?9?9?9*9*_?9*9*9?9?9,36.3,25.5,54,100279,9999,9999,464,359,656,92,999900,999900,999900,99990,290,3.1,3,3,999.0,999,9,'999999999,0,0.0000,0,88,999.000,0.0,1.0
2056/5/28,09:00,?9?9?9?9E0?9?9?9?9*9?9*9?9?9?9?9?9?9*9*_?9*9*9?9?9,37.6,24.0,46,100279,9999,9999,470,616,845,96,999900,999900,999900,99990,290,3.1,3,3,999.0,999,9,'999999999,0,0.0000,0,88,999.000,0.0,1.0
2056/5/28,10:00,?9?9?9?9E0?9?9?9?9*9?9*9?9?9?9?9?9?9*9*_?9*9*9?9?9,39.6,22.2,37,100279,9999,9999,479,797,858,122,999900,999900,999900,99990,290,3.5,3,3,999.0,999,9,'999999999,0,0.0000,0,88,999.000,0.0,1.0
2056/5/28,11:00,?9?9?9?9E0?9?9?9?9*9?9*9?9?9?9?9?9?9*9*_?9*9*9?9?9,41.1,20.1,30,100279,9999,9999,485,928,856,148,999900,999900,999900,99990,300,2.7,3,3,999.0,999,9,'999999999,0,0.0000,0,88,999.000,0.0,1.0
2056/5/28,12:00,?9?9?9?9E0?9?9?9?9*9?9*9?9?9?9?9?9?9*9*_?9*9*9?9?9,43.4,19.7,26,100279,9999,9999,499,1006,861,163,999900,999900,999900,99990,290,2.5,3,3,999.0,999,9,'999999999,0,0.0000,0,88,999.000,0.0,1.0
2056/5/28,13:00,?9?9?9?9E0?9?9?9?9*9?9*9?9?9?9?9?9?9*9*_?9*9*9?9?9,44.3,18.5,23,100179,9999,9999,507,1029,886,156,999900,999900,999900,99990,300,2.5,4,4,999.0,999,9,'999999999,0,0.0000,0,88,999.000,0.0,1.0
2056/5/28,14:00,?9?9?9?9E0?9?9?9?9*9?9*9?9?9?9?9?9?9*9*_?9*9*9?9?9,45.1,17.7,21,100179,9999,9999,511,974,902,136,999900,999900,999900,99990,310,2.1,4,4,999.0,999,9,'999999999,0,0.0000,0,88,999.000,0.0,1.0
2056/5/28,15:00,?9?9?9?9E0?9?9?9?9*9?9*9?9?9?9?9?9?9*9*_?9*9*9?9?9,45.7,16.6,19,100079,9999,9999,513,843,886,119,999900,999900,999900,99990,270,0.7,4,4,999.0,999,9,'999999999,0,0.0000,0,88,999.000,0.0,1.0
2056/5/28,16:00,?9?9?9?9E0?9?9?9?9*9?9*9?9?9?9?9?9?9*9*_?9*9*9?9?9,42.9,25.5,38,100079,9999,9999,509,624,771,120,999900,999900,999900,99990,270,1.2,4,4,999.0,999,9,'999999999,0,0.0000,0,88,999.000,0.0,1.0
2056/5/28,17:00,?9?9?9?9E0?9?9?9?9*9?9*9?9?9?9?9?9?9*9*_?9*9*9?9?9,41.7,25.8,41,100079,9999,9999,505,371,556,120,999900,999900,999900,99990,270,1.5,5,5,999.0,999,9,'999999999,0,0.0000,0,88,999.000,0.0,1.0
2056/5/28,18:00,?9?9?9?9E0?9?9?9?9*9?9*9?9?9?9?9?9?9*9*_?9*9*9?9?9,38.7,28.7,57,100079,9999,9999,490,147,305,79,999900,999900,999900,99990,140,1.9,5,5,999.0,999,9,'999999999,0,0.0000,0,88,999.000,0.0,1.0
2056/5/28,19:00,?9?9?9?9E0?9?9?9?9*9?9*9?9?9?9?9?9?9*9*_?9*9*9?9?9,36.3,29.7,69,100079,9999,9999,470,14,0,14,999900,999900,999900,99990,130,1.9,3,3,999.0,999,9,'999999999,0,0.0000,0,88,999.000,0.0,1.0
2056/5/28,20:00,?9?9?9?9E0?9?9?9?9*9?9*9?9?9?9?9?9?9*9*_?9*9*9?9?9,35.8,29.5,70,100179,9999,9999,466,0,0,0,999900,999900,999900,99990,130,2.1,3,3,999.0,999,9,'999999999,0,0.0000,0,88,999.000,0.0,1.0
2056/5/28,21:00,?9?9?9?9E0?9?9?9?9*9?9*9?9?9?9?9?9?9*9*_?9*9*9?9?9,35.6,29.3,70,100179,9999,9999,465,0,0,0,999900,999900,999900,99990,180,0.8,3,3,999.0,999,9,'999999999,0,0.0000,0,88,999.000,0.0,1.0
2056/5/28,22:00,?9?9?9?9E0?9?9?9?9*9?9*9?9?9?9?9?9?9*9*_?9*9*9?9?9,35.1,29.5,73,100279,9999,9999,462,0,0,0,999900,999900,999900,99990,180,0.6,3,3,999.0,999,9,'999999999,0,0.0000,0,88,999.000,0.0,1.0
2056/5/28,23:00,?9?9?9?9E0?9?9?9?9*9?9*9?9?9?9?9?9?9*9*_?9*9*9?9?9,35.0,29.4,73,100279,9999,9999,461,0,0,0,999900,999900,999900,99990,180,0.6,3,3,999.0,999,9,'999999999,0,0.0000,0,88,999.000,0.0,1.0
2056/5/28,24:00,?9?9?9?9E0?9?9?9?9*9?9*9?9?9?9?9?9?9*9*_?9*9*9?9?9,34.7,29.6,75,100179,9999,9999,460,0,0,0,999900,999900,999900,99990,180,0.2,3,3,999.0,999,9,'999999999,0,0.0000,0,88,999.000,0.0,1.0
2056/5/29,01:00,?9?9?9?9E0?9?9?9?9*9?9*9?9?9?9?9?9?9*9*_?9*9*9?9?9,34.7,29.6,75,100079,9999,9999,460,0,0,0,999900,999900,999900,99990,180,0.4,3,3,999.0,999,9,'999999999,0,0.0000,0,88,999.000,0.0,1.0
2056/5/29,02:00,?9?9?9?9E0?9?9?9?9*9?9*9?9?9?9?9?9?9*9*_?9*9*9?9?9,34.3,29.2,75,100079,9999,9999,457,0,0,0,999900,999900,999900,99990,200,1.0,3,3,999.0,999,9,'999999999,0,0.0000,0,88,999.000,0.0,1.0
2056/5/29,03:00,?9?9?9?9E0?9?9?9?9*9?9*9?9?9?9?9?9?9*9*_?9*9*9?9?9,33.9,28.9,75,99979,9999,9999,454,0,0,0,999900,999900,999900,99990,230,1.0,3,3,999.0,999,9,'999999999,0,0.0000,0,88,999.000,0.0,1.0
2056/5/29,04:00,?9?9?9?9E0?9?9?9?9*9?9*9?9?9?9?9?9?9*9*_?9*9*9?9?9,33.6,28.6,75,99979,9999,9999,452,0,0,0,999900,999900,999900,99990,230,1.0,3,3,999.0,999,9,'999999999,0,0.0000,0,88,999.000,0.0,1.0
2056/5/29,05:00,?9?9?9?9E0?9?9?9?9*9?9*9?9?9?9?9?9?9*9*_?9*9*9?9?9,33.5,28.5,75,99979,9999,9999,451,0,0,0,999900,999900,999900,99990,230,0.8,3,3,999.0,999,9,'999999999,0,0.0000,0,88,999.000,0.0,1.0
2056/5/29,06:00,?9?9?9?9E0?9?9?9?9*9?9*9?9?9?9?9?9?9*9*_?9*9*9?9?9,33.2,28.2,75,100079,9999,9999,449,2,0,2,999900,999900,999900,99990,230,1.0,3,3,999.0,999,9,'999999999,0,0.0000,0,88,999.000,0.0,1.0
2056/5/29,07:00,?9?9?9?9E0?9?9?9?9*9?9*9?9?9?9?9?9?9*9*_?9*9*9?9?9,34.2,28.7,73,100179,9999,9999,456,111,257,66,999900,999900,999900,99990,240,1.2,3,3,999.0,999,9,'999999999,0,0.0000,0,88,999.000,0.0,1.0
2056/5/29,08:00,?9?9?9?9E0?9?9?9?9*9?9*9?9?9?9?9?9?9*9*_?9*9*9?9?9,36.4,27.1,59,100179,9999,9999,467,348,618,97,999900,999900,999900,99990,240,2.7,3,3,999.0,999,9,'999999999,0,0.0000,0,88,999.000,0.0,1.0
2056/5/29,09:00,?9?9?9?9E0?9?9?9?9*9?9*9?9?9?9?9?9?9*9*_?9*9*9?9?9,39.0,24.5,44,100179,9999,9999,479,608,831,97,999900,999900,999900,99990,270,2.5,3,3,999.0,999,9,'999999999,0,0.0000,0,88,999.000,0.0,1.0
2056/5/29,10:00,?9?9?9?9E0?9?9?9?9*9?9*9?9?9?9?9?9?9*9*_?9*9*9?9?9,40.3,21.9,35,100279,9999,9999,483,791,854,119,999900,999900,999900,99990,280,2.3,3,3,999.0,999,9,'999999999,0,0.0000,0,88,999.000,0.0,1.0
2056/5/29,11:00,?9?9?9?9E0?9?9?9?9*9?9*9?9?9?9?9?9?9*9*_?9*9*9?9?9,41.0,17.1,25,100279,9999,9999,480,943,890,133,999900,999900,999900,99990,280,2.5,3,3,999.0,999,9,'999999999,0,0.0000,0,88,999.000,0.0,1.0
2056/5/29,12:00,?9?9?9?9E0?9?9?9?9*9?9*9?9?9?9?9?9?9*9*_?9*9*9?9?9,43.5,17.1,22,100179,9999,9999,496,1030,910,141,999900,999900,999900,99990,290,3.3,3,3,999.0,999,9,'999999999,0,0.0000,0,88,999.000,0.0,1.0
2056/5/29,13:00,?9?9?9?9E0?9?9?9?9*9?9*9?9?9?9?9?9?9*9*_?9*9*9?9?9,44.4,17.1,21,100079,9999,9999,501,1070,959,126,999900,999900,999900,99990,290,2.7,3,3,999.0,999,9,'999999999,0,0.0000,0,88,999.000,0.0,1.0
2056/5/29,14:00,?9?9?9?9E0?9?9?9?9*9?9*9?9?9?9?9?9?9*9*_?9*9*9?9?9,45.0,16.9,20,99979,9999,9999,505,1005,962,111,999900,999900,999900,99990,290,2.1,3,3,999.0,999,9,'999999999,0,0.0000,0,88,999.000,0.0,1.0
2056/5/29,15:00,?9?9?9?9E0?9?9?9?9*9?9*9?9?9?9?9?9?9*9*_?9*9*9?9?9,45.5,16.5,19,99879,9999,9999,495,891,984,88,999900,999900,999900,99990,320,1.2,1,1,999.0,999,9,'999999999,0,0.0000,0,88,999.000,0.0,1.0
2056/5/29,16:00,?9?9?9?9E0?9?9?9?9*9?9*9?9?9?9?9?9?9*9*_?9*9*9?9?9,45.8,16.7,19,99879,9999,9999,498,695,950,74,999900,999900,999900,99990,320,2.3,1,1,999.0,999,9,'999999999,0,0.0000,0,88,999.000,0.0,1.0
2056/5/29,17:00,?9?9?9?9E0?9?9?9?9*9?9*9?9?9?9?9?9?9*9*_?9*9*9?9?9,45.4,16.4,19,99879,9999,9999,501,436,802,73,999900,999900,999900,99990,320,1.5,2,2,999.0,999,9,'999999999,0,0.0000,0,88,999.000,0.0,1.0
2056/5/29,18:00,?9?9?9?9E0?9?9?9?9*9?9*9?9?9?9?9?9?9*9*_?9*9*9?9?9,39.4,28.7,55,99879,9999,9999,483,168,449,67,999900,999900,999900,99990,320,1.0,2,2,999.0,999,9,'999999999,0,0.0000,0,88,999.000,0.0,1.0
2056/5/29,19:00,?9?9?9?9E0?9?9?9?9*9?9*9?9?9?9?9?9?9*9*_?9*9*9?9?9,38.0,29.7,63,99879,9999,9999,460,14,0,14,999900,999900,999900,99990,100,1.2,0,0,999.0,999,9,'999999999,0,0.0000,0,88,999.000,0.0,1.0
2056/5/29,20:00,?9?9?9?9E0?9?9?9?9*9?9*9?9?9?9?9?9?9*9*_?9*9*9?9?9,36.7,29.6,67,99979,9999,9999,476,0,0,0,999900,999900,999900,99990,190,1.2,4,4,999.0,999,9,'999999999,0,0.0000,0,88,999.000,0.0,1.0
2056/5/29,21:00,?9?9?9?9E0?9?9?9?9*9?9*9?9?9?9?9?9?9*9*_?9*9*9?9?9,36.1,29.5,69,100079,9999,9999,464,0,0,0,999900,999900,999900,99990,180,0.6,2,2,999.0,999,9,'999999999,0,0.0000,0,88,999.000,0.0,1.0
2056/5/29,22:00,?9?9?9?9E0?9?9?9?9*9?9*9?9?9?9?9?9?9*9*_?9*9*9?9?9,35.3,30.7,77,100179,9999,9999,446,0,0,0,999900,999900,999900,99990,180,0.2,0,0,999.0,999,9,'999999999,0,0.0000,0,88,999.000,0.0,1.0
2056/5/29,23:00,?9?9?9?9E0?9?9?9?9*9?9*9?9?9?9?9?9?9*9*_?9*9*9?9?9,34.7,31.0,81,100179,9999,9999,443,0,0,0,999900,999900,999900,99990,180,0.8,0,0,999.0,999,9,'999999999,0,0.0000,0,88,999.000,0.0,1.0
2056/5/29,24:00,?9?9?9?9E0?9?9?9?9*9?9*9?9?9?9?9?9?9*9*_?9*9*9?9?9,34.0,31.1,85,100179,9999,9999,439,0,0,0,999900,999900,999900,99990,160,0.6,0,0,999.0,999,9,'999999999,0,0.0000,0,88,999.000,0.0,1.0
2056/5/30,01:00,?9?9?9?9E0?9?9?9?9*9?9*9?9?9?9?9?9?9*9*_?9*9*9?9?9,33.8,30.9,85,100079,9999,9999,456,0,0,0,999900,999900,999900,99990,180,1.6,3,3,999.0,999,9,'999999999,0,0.0000,0,88,999.000,0.0,1.0
2056/5/30,02:00,?9?9?9?9E0?9?9?9?9*9?9*9?9?9?9?9?9?9*9*_?9*9*9?9?9,33.5,30.6,85,99979,9999,9999,461,0,0,0,999900,999900,999900,99990,210,1.2,5,5,999.0,999,9,'999999999,0,0.0000,0,88,999.000,0.0,1.0
2056/5/30,03:00,?9?9?9?9E0?9?9?9?9*9?9*9?9?9?9?9?9?9*9*_?9*9*9?9?9,33.3,30.4,85,99979,9999,9999,460,0,0,0,999900,999900,999900,99990,200,1.0,5,5,999.0,999,9,'999999999,0,0.0000,0,88,999.000,0.0,1.0
2056/5/30,04:00,?9?9?9?9E0?9?9?9?9*9?9*9?9?9?9?9?9?9*9*_?9*9*9?9?9,33.2,30.4,85,99979,9999,9999,459,0,0,0,999900,999900,999900,99990,200,1.0,5,5,999.0,999,9,'999999999,0,0.0000,0,88,999.000,0.0,1.0
2056/5/30,05:00,?9?9?9?9E0?9?9?9?9*9?9*9?9?9?9?9?9?9*9*_?9*9*9?9?9,33.2,29.9,83,100079,9999,9999,458,0,0,0,999900,999900,999900,99990,240,0.8,5,5,999.0,999,9,'999999999,0,0.0000,0,88,999.000,0.0,1.0
2056/5/30,06:00,?9?9?9?9E0?9?9?9?9*9?9*9?9?9?9?9?9?9*9*_?9*9*9?9?9,33.0,28.4,77,100079,9999,9999,452,2,0,2,999900,999900,999900,99990,230,0.8,4,4,999.0,999,9,'999999999,0,0.0000,0,88,999.000,0.0,1.0
2056/5/30,07:00,?9?9?9?9E0?9?9?9?9*9?9*9?9?9?9?9?9?9*9*_?9*9*9?9?9,34.0,28.5,73,100079,9999,9999,458,105,211,68,999900,999900,999900,99990,230,0.8,4,4,999.0,999,9,'999999999,0,0.0000,0,88,999.000,0.0,1.0
2056/5/30,08:00,?9?9?9?9E0?9?9?9?9*9?9*9?9?9?9?9?9?9*9*_?9*9*9?9?9,36.5,28.0,62,100179,9999,9999,472,329,536,111,999900,999900,999900,99990,230,1.7,4,4,999.0,999,9,'999999999,0,0.0000,0,88,999.000,0.0,1.0
2056/5/30,09:00,?9?9?9?9E0?9?9?9?9*9?9*9?9?9?9?9?9?9*9*_?9*9*9?9?9,38.8,20.1,34,100179,9999,9999,475,613,836,100,999900,999900,999900,99990,270,3.1,4,4,999.0,999,9,'999999999,0,0.0000,0,88,999.000,0.0,1.0
2056/5/30,10:00,?9?9?9?9E0?9?9?9?9*9?9*9?9?9?9?9?9?9*9*_?9*9*9?9?9,40.2,20.4,32,100179,9999,9999,484,778,823,131,999900,999900,999900,99990,280,2.9,4,4,999.0,999,9,'999999999,0,0.0000,0,88,999.000,0.0,1.0
2056/5/30,11:00,?9?9?9?9E0?9?9?9?9*9?9*9?9?9?9?9?9?9*9*_?9*9*9?9?9,41.8,19.6,28,100079,9999,9999,493,903,817,160,999900,999900,999900,99990,290,2.5,4,4,999.0,999,9,'999999999,0,0.0000,0,88,999.000,0.0,1.0
2056/5/30,12:00,?9?9?9?9E0?9?9?9?9*9?9*9?9?9?9?9?9?9*9*_?9*9*9?9?9,43.3,19.0,25,100079,9999,9999,497,1012,877,155,999900,999900,999900,99990,270,1.9,3,3,999.0,999,9,'999999999,0,0.0000,0,88,999.000,0.0,1.0
2056/5/30,13:00,?9?9?9?9E0?9?9?9?9*9?9*9?9?9?9?9?9?9*9*_?9*9*9?9?9,44.6,16.5,20,99979,9999,9999,497,1083,974,125,999900,999900,999900,99990,270,1.7,2,2,999.0,999,9,'999999999,0,0.0000,0,88,999.000,0.0,1.0
2056/5/30,14:00,?9?9?9?9E0?9?9?9?9*9?9*9?9?9?9?9?9?9*9*_?9*9*9?9?9,44.8,19.6,24,99979,9999,9999,503,1008,962,115,999900,999900,999900,99990,270,0.8,2,2,999.0,999,9,'999999999,0,0.0000,0,88,999.000,0.0,1.0
2056/5/30,15:00,?9?9?9?9E0?9?9?9?9*9?9*9?9?9?9?9?9?9*9*_?9*9*9?9?9,40.0,26.2,46,99879,9999,9999,476,845,896,113,999900,999900,999900,99990,110,2.1,1,1,999.0,999,9,'999999999,0,0.0000,0,88,999.000,0.0,1.0
2056/5/30,16:00,?9?9?9?9E0?9?9?9?9*9?9*9?9?9?9?9?9?9*9*_?9*9*9?9?9,39.0,27.0,51,99879,9999,9999,471,648,833,103,999900,999900,999900,99990,110,1.7,1,1,999.0,999,9,'999999999,0,0.0000,0,88,999.000,0.0,1.0
2056/5/30,17:00,?9?9?9?9E0?9?9?9?9*9?9*9?9?9?9?9?9?9*9*_?9*9*9?9?9,37.6,27.9,58,99879,9999,9999,464,399,659,101,999900,999900,999900,99990,110,1.5,1,1,999.0,999,9,'999999999,0,0.0000,0,88,999.000,0.0,1.0
2056/5/30,18:00,?9?9?9?9E0?9?9?9?9*9?9*9?9?9?9?9?9?9*9*_?9*9*9?9?9,36.1,28.7,66,99979,9999,9999,456,159,373,75,999900,999900,999900,99990,140,1.7,1,1,999.0,999,9,'999999999,0,0.0000,0,88,999.000,0.0,1.0
2056/5/30,19:00,?9?9?9?9E0?9?9?9?9*9?9*9?9?9?9?9?9?9*9*_?9*9*9?9?9,35.1,29.8,74,99979,9999,9999,443,14,0,14,999900,999900,999900,99990,140,1.0,0,0,999.0,999,9,'999999999,0,0.0000,0,88,999.000,0.0,1.0
2056/5/30,20:00,?9?9?9?9E0?9?9?9?9*9?9*9?9?9?9?9?9?9*9*_?9*9*9?9?9,34.9,29.6,74,100079,9999,9999,442,0,0,0,999900,999900,999900,99990,140,1.5,0,0,999.0,999,9,'999999999,0,0.0000,0,88,999.000,0.0,1.0
2056/5/30,21:00,?9?9?9?9E0?9?9?9?9*9?9*9?9?9?9?9?9?9*9*_?9*9*9?9?9,34.6,30.2,78,100179,9999,9999,441,0,0,0,999900,999900,999900,99990,180,1.0,0,0,999.0,999,9,'999999999,0,0.0000,0,88,999.000,0.0,1.0
2056/5/30,22:00,?9?9?9?9E0?9?9?9?9*9?9*9?9?9?9?9?9?9*9*_?9*9*9?9?9,34.5,30.1,78,100179,9999,9999,449,0,0,0,999900,999900,999900,99990,180,0.6,1,1,999.0,999,9,'999999999,0,0.0000,0,88,999.000,0.0,1.0
2056/5/30,23:00,?9?9?9?9E0?9?9?9?9*9?9*9?9?9?9?9?9?9*9*_?9*9*9?9?9,34.5,30.1,78,100179,9999,9999,455,0,0,0,999900,999900,999900,99990,190,0.5,2,2,999.0,999,9,'999999999,0,0.0000,0,88,999.000,0.0,1.0
2056/5/30,24:00,?9?9?9?9E0?9?9?9?9*9?9*9?9?9?9?9?9?9*9*_?9*9*9?9?9,34.2,30.0,79,100179,9999,9999,457,0,0,0,999900,999900,999900,99990,180,0.6,3,3,999.0,999,9,'999999999,0,0.0000,0,88,999.000,0.0,1.0
2056/5/31,01:00,?9?9?9?9E0?9?9?9?9*9?9*9?9?9?9?9?9?9*9*_?9*9*9?9?9,33.9,30.0,80,100079,9999,9999,456,0,0,0,999900,999900,999900,99990,160,0.8,3,3,999.0,999,9,'999999999,0,0.0000,0,88,999.000,0.0,1.0
2056/5/31,02:00,?9?9?9?9E0?9?9?9?9*9?9*9?9?9?9?9?9?9*9*_?9*9*9?9?9,33.7,29.8,80,100079,9999,9999,454,0,0,0,999900,999900,999900,99990,190,0.8,3,3,999.0,999,9,'999999999,0,0.0000,0,88,999.000,0.0,1.0
2056/5/31,03:00,?9?9?9?9E0?9?9?9?9*9?9*9?9?9?9?9?9?9*9*_?9*9*9?9?9,33.4,29.3,79,99979,9999,9999,452,0,0,0,999900,999900,999900,99990,180,0.6,3,3,999.0,999,9,'999999999,0,0.0000,0,88,999.000,0.0,1.0
2056/5/31,04:00,?9?9?9?9E0?9?9?9?9*9?9*9?9?9?9?9?9?9*9*_?9*9*9?9?9,33.3,29.0,78,99979,9999,9999,451,0,0,0,999900,999900,999900,99990,180,0.4,3,3,999.0,999,9,'999999999,0,0.0000,0,88,999.000,0.0,1.0
2056/5/31,05:00,?9?9?9?9E0?9?9?9?9*9?9*9?9?9?9?9?9?9*9*_?9*9*9?9?9,32.9,28.6,78,100079,9999,9999,448,0,0,0,999900,999900,999900,99990,210,0.3,3,3,999.0,999,9,'999999999,0,0.0000,0,88,999.000,0.0,1.0
2056/5/31,06:00,?9?9?9?9E0?9?9?9?9*9?9*9?9?9?9?9?9?9*9*_?9*9*9?9?9,32.6,28.3,78,100079,9999,9999,446,2,0,2,999900,999900,999900,99990,230,0.2,3,3,999.0,999,9,'999999999,0,0.0000,0,88,999.000,0.0,1.0
2056/5/31,07:00,?9?9?9?9E0?9?9?9?9*9?9*9?9?9?9?9?9?9*9*_?9*9*9?9?9,32.9,28.6,78,100179,9999,9999,451,103,167,74,999900,999900,999900,99990,230,0.4,4,4,999.0,999,9,'999999999,0,0.0000,0,88,999.000,0.0,1.0
2056/5/31,08:00,?9?9?9?9E0?9?9?9?9*9?9*9?9?9?9?9?9?9*9*_?9*9*9?9?9,34.9,28.6,70,100179,9999,9999,467,302,381,147,999900,999900,999900,99990,240,0.8,5,5,999.0,999,9,'999999999,0,0.0000,0,88,999.000,0.0,1.0
2056/5/31,09:00,?9?9?9?9E0?9?9?9?9*9?9*9?9?9?9?9?9?9*9*_?9*9*9?9?9,35.6,26.9,61,100279,9999,9999,469,534,574,182,999900,999900,999900,99990,250,1.0,5,5,999.0,999,9,'999999999,0,0.0000,0,88,999.000,0.0,1.0
2056/5/31,10:00,?9?9?9?9E0?9?9?9?9*9?9*9?9?9?9?9?9?9*9*_?9*9*9?9?9,38.7,25.4,47,100279,9999,9999,490,660,523,250,999900,999900,999900,99990,260,1.7,6,6,999.0,999,9,'999999999,0,0.0000,0,88,999.000,0.0,1.0
2056/5/31,11:00,?9?9?9?9E0?9?9?9?9*9?9*9?9?9?9?9?9?9*9*_?9*9*9?9?9,41.3,21.8,33,100279,9999,9999,501,791,544,296,999900,999900,999900,99990,260,1.5,6,6,999.0,999,9,'999999999,0,0.0000,0,88,999.000,0.0,1.0
2056/5/31,12:00,?9?9?9?9E0?9?9?9?9*9?9*9?9?9?9?9?9?9*9*_?9*9*9?9?9,42.6,21.4,30,100279,9999,9999,515,792,448,354,999900,999900,999900,99990,250,0.8,7,7,999.0,999,9,'999999999,0,0.0000,0,88,999.000,0.0,1.0
2056/5/31,13:00,?9?9?9?9E0?9?9?9?9*9?9*9?9?9?9?9?9?9*9*_?9*9*9?9?9,43.8,20.1,26,100179,9999,9999,514,915,645,281,999900,999900,999900,99990,290,0.6,6,6,999.0,999,9,'999999999,0,0.0000,0,88,999.000,0.0,1.0
2056/5/31,14:00,?9?9?9?9E0?9?9?9?9*9?9*9?9?9?9?9?9?9*9*_?9*9*9?9?9,42.6,27.0,42,100179,9999,9999,505,943,800,200,999900,999900,999900,99990,200,0.8,3,3,999.0,999,9,'999999999,0,0.0000,0,88,999.000,0.0,1.0
2056/5/31,15:00,?9?9?9?9E0?9?9?9?9*9?9*9?9?9?9?9?9?9*9*_?9*9*9?9?9,40.6,27.5,48,100079,9999,9999,505,709,566,246,999900,999900,999900,99990,140,1.5,6,6,999.0,999,9,'999999999,0,0.0000,0,88,999.000,0.0,1.0
2056/5/31,16:00,?9?9?9?9E0?9?9?9?9*9?9*9?9?9?9?9?9?9*9*_?9*9*9?9?9,40.4,27.3,48,99979,9999,9999,518,458,298,263,999900,999900,999900,99990,150,1.7,8,8,999.0,999,9,'999999999,0,0.0000,0,88,999.000,0.0,1.0
2056/5/31,17:00,?9?9?9?9E0?9?9?9?9*9?9*9?9?9?9?9?9?9*9*_?9*9*9?9?9,37.8,29.3,62,99979,9999,9999,514,218,96,174,999900,999900,999900,99990,160,2.3,9,9,999.0,999,9,'999999999,0,0.0000,0,88,999.000,0.0,1.0
2056/5/31,18:00,?9?9?9?9E0?9?9?9?9*9?9*9?9?9?9?9?9?9*9*_?9*9*9?9?9,36.5,29.4,67,100079,9999,9999,488,111,97,89,999900,999900,999900,99990,160,1.2,7,7,999.0,999,9,'999999999,0,0.0000,0,88,999.000,0.0,1.0
2056/5/31,19:00,?9?9?9?9E0?9?9?9?9*9?9*9?9?9?9?9?9?9*9*_?9*9*9?9?9,35.9,29.8,71,100079,9999,9999,479,12,0,12,999900,999900,999900,99990,160,0.8,6,6,999.0,999,9,'999999999,0,0.0000,0,88,999.000,0.0,1.0
2056/5/31,20:00,?9?9?9?9E0?9?9?9?9*9?9*9?9?9?9?9?9?9*9*_?9*9*9?9?9,36.1,29.5,69,100179,9999,9999,475,0,0,0,999900,999900,999900,99990,170,0.7,5,5,999.0,999,9,'999999999,0,0.0000,0,88,999.000,0.0,1.0
2056/5/31,21:00,?9?9?9?9E0?9?9?9?9*9?9*9?9?9?9?9?9?9*9*_?9*9*9?9?9,35.3,28.2,67,100279,9999,9999,469,0,0,0,999900,999900,999900,99990,180,0.6,5,5,999.0,999,9,'999999999,0,0.0000,0,88,999.000,0.0,1.0
2056/5/31,22:00,?9?9?9?9E0?9?9?9?9*9?9*9?9?9?9?9?9?9*9*_?9*9*9?9?9,35.0,28.5,69,100179,9999,9999,467,0,0,0,999900,999900,999900,99990,190,0.8,5,5,999.0,999,9,'999999999,0,0.0000,0,88,999.000,0.0,1.0
2056/5/31,23:00,?9?9?9?9E0?9?9?9?9*9?9*9?9?9?9?9?9?9*9*_?9*9*9?9?9,34.3,29.2,75,100179,9999,9999,464,0,0,0,999900,999900,999900,99990,180,0.8,5,5,999.0,999,9,'999999999,0,0.0000,0,88,999.000,0.0,1.0
2056/5/31,24:00,?9?9?9?9E0?9?9?9?9*9?9*9?9?9?9?9?9?9*9*_?9*9*9?9?9,33.4,29.3,79,100179,9999,9999,459,0,0,0,999900,999900,999900,99990,180,1.2,5,5,999.0,999,9,'999999999,0,0.0000,0,88,999.000,0.0,1.0
2056/6/1,01:00,?9?9?9?9E0?9?9?9?9*9?9*9?9?9?9?9?9?9*9*_?9*9*9?9?9,33.2,29.1,79,100141,9999,9999,457,0,0,0,999900,999900,999900,99990,230,0.5,5,5,999.0,999,9,'999999999,0,0.0000,0,88,999.000,0.0,1.0
2056/6/1,02:00,?9?9?9?9E0?9?9?9?9*9?9*9?9?9?9?9?9?9*9*_?9*9*9?9?9,32.9,28.3,77,100141,9999,9999,455,0,0,0,999900,999900,999900,99990,190,0.5,5,5,999.0,999,9,'999999999,0,0.0000,0,88,999.000,0.0,1.0
2056/6/1,03:00,?9?9?9?9E0?9?9?9?9*9?9*9?9?9?9?9?9?9*9*_?9*9*9?9?9,32.6,27.1,73,100041,9999,9999,451,0,0,0,999900,999900,999900,99990,230,0.5,5,5,999.0,999,9,'999999999,0,0.0000,0,88,999.000,0.0,1.0
2056/6/1,04:00,?9?9?9?9E0?9?9?9?9*9?9*9?9?9?9?9?9?9*9*_?9*9*9?9?9,32.4,26.2,70,100041,9999,9999,449,0,0,0,999900,999900,999900,99990,230,1.4,5,5,999.0,999,9,'999999999,0,0.0000,0,88,999.000,0.0,1.0
2056/6/1,05:00,?9?9?9?9E0?9?9?9?9*9?9*9?9?9?9?9?9?9*9*_?9*9*9?9?9,32.2,25.8,69,99941,9999,9999,451,0,0,0,999900,999900,999900,99990,240,1.2,6,6,999.0,999,9,'999999999,0,0.0000,0,88,999.000,0.0,1.0
2056/6/1,06:00,?9?9?9?9E0?9?9?9?9*9?9*9?9?9?9?9?9?9*9*_?9*9*9?9?9,32.4,25.7,68,100041,9999,9999,457,2,0,2,999900,999900,999900,99990,290,1.3,7,7,999.0,999,9,'999999999,0,0.0000,0,88,999.000,0.0,1.0
2056/6/1,07:00,?9?9?9?9E0?9?9?9?9*9?9*9?9?9?9?9?9?9*9*_?9*9*9?9?9,33.2,24.4,60,100041,9999,9999,468,64,42,57,999900,999900,999900,99990,290,1.4,8,8,999.0,999,9,'999999999,0,0.0000,0,88,999.000,0.0,1.0
2056/6/1,08:00,?9?9?9?9E0?9?9?9?9*9?9*9?9?9?9?9?9?9*9*_?9*9*9?9?9,34.5,24.8,57,100141,9999,9999,476,229,155,166,999900,999900,999900,99990,250,1.6,8,8,999.0,999,9,'999999999,0,0.0000,0,88,999.000,0.0,1.0
2056/6/1,09:00,?9?9?9?9E0?9?9?9?9*9?9*9?9?9?9?9?9?9*9*_?9*9*9?9?9,37.7,22.6,42,100141,9999,9999,493,428,309,238,999900,999900,999900,99990,230,1.8,8,8,999.0,999,9,'999999999,0,0.0000,0,88,999.000,0.0,1.0
2056/6/1,10:00,?9?9?9?9E0?9?9?9?9*9?9*9?9?9?9?9?9?9*9*_?9*9*9?9?9,39.0,22.1,38,100141,9999,9999,493,646,496,257,999900,999900,999900,99990,230,1.7,7,7,999.0,999,9,'999999999,0,0.0000,0,88,999.000,0.0,1.0
2056/6/1,11:00,?9?9?9?9E0?9?9?9?9*9?9*9?9?9?9?9?9?9*9*_?9*9*9?9?9,40.4,21.0,33,100141,9999,9999,494,824,634,248,999900,999900,999900,99990,230,1.4,6,6,999.0,999,9,'999999999,0,0.0000,0,88,999.000,0.0,1.0
2056/6/1,12:00,?9?9?9?9E0?9?9?9?9*9?9*9?9?9?9?9?9?9*9*_?9*9*9?9?9,41.9,20.8,30,100041,9999,9999,499,952,742,227,999900,999900,999900,99990,270,1.5,5,5,999.0,999,9,'999999999,0,0.0000,0,88,999.000,0.0,1.0
2056/6/1,13:00,?9?9?9?9E0?9?9?9?9*9?9*9?9?9?9?9?9?9*9*_?9*9*9?9?9,42.4,19.5,27,100041,9999,9999,500,983,786,210,999900,999900,999900,99990,270,1.0,5,5,999.0,999,9,'999999999,0,0.0000,0,88,999.000,0.0,1.0
2056/6/1,14:00,?9?9?9?9E0?9?9?9?9*9?9*9?9?9?9?9?9?9*9*_?9*9*9?9?9,42.9,19.3,26,99941,9999,9999,503,914,775,194,999900,999900,999900,99990,270,1.2,5,5,999.0,999,9,'999999999,0,0.0000,0,88,999.000,0.0,1.0
2056/6/1,15:00,?9?9?9?9E0?9?9?9?9*9?9*9?9?9?9?9?9?9*9*_?9*9*9?9?9,40.1,21.7,35,99941,9999,9999,489,791,760,170,999900,999900,999900,99990,180,1.1,5,5,999.0,999,9,'999999999,0,0.0000,0,88,999.000,0.0,1.0
2056/6/1,16:00,?9?9?9?9E0?9?9?9?9*9?9*9?9?9?9?9?9?9*9*_?9*9*9?9?9,39.0,22.5,39,99841,9999,9999,483,600,681,154,999900,999900,999900,99990,180,0.9,5,5,999.0,999,9,'999999999,0,0.0000,0,88,999.000,0.0,1.0
2056/6/1,17:00,?9?9?9?9E0?9?9?9?9*9?9*9?9?9?9?9?9?9*9*_?9*9*9?9?9,36.8,25.3,52,99841,9999,9999,474,368,508,137,999900,999900,999900,99990,180,1.0,5,5,999.0,999,9,'999999999,0,0.0000,0,88,999.000,0.0,1.0
2056/6/1,18:00,?9?9?9?9E0?9?9?9?9*9?9*9?9?9?9?9?9?9*9*_?9*9*9?9?9,35.8,26.5,59,99941,9999,9999,469,147,242,92,999900,999900,999900,99990,90,1.2,5,5,999.0,999,9,'999999999,0,0.0000,0,88,999.000,0.0,1.0
2056/6/1,19:00,?9?9?9?9E0?9?9?9?9*9?9*9?9?9?9?9?9?9*9*_?9*9*9?9?9,35.1,26.7,62,100041,9999,9999,466,6,0,6,999900,999900,999900,99990,90,0.9,5,5,999.0,999,9,'999999999,0,0.0000,0,88,999.000,0.0,1.0
2056/6/1,20:00,?9?9?9?9E0?9?9?9?9*9?9*9?9?9?9?9?9?9*9*_?9*9*9?9?9,34.8,26.7,63,100041,9999,9999,464,0,0,0,999900,999900,999900,99990,150,0.9,5,5,999.0,999,9,'999999999,0,0.0000,0,88,999.000,0.0,1.0
2056/6/1,21:00,?9?9?9?9E0?9?9?9?9*9?9*9?9?9?9?9?9?9*9*_?9*9*9?9?9,34.7,27.7,67,100141,9999,9999,469,0,0,0,999900,999900,999900,99990,140,0.9,6,6,999.0,999,9,'999999999,0,0.0000,0,88,999.000,0.0,1.0
2056/6/1,22:00,?9?9?9?9E0?9?9?9?9*9?9*9?9?9?9?9?9?9*9*_?9*9*9?9?9,34.6,28.1,69,100141,9999,9999,464,0,0,0,999900,999900,999900,99990,140,0.8,5,5,999.0,999,9,'999999999,0,0.0000,0,88,999.000,0.0,1.0
2056/6/1,23:00,?9?9?9?9E0?9?9?9?9*9?9*9?9?9?9?9?9?9*9*_?9*9*9?9?9,34.2,28.7,73,100141,9999,9999,463,0,0,0,999900,999900,999900,99990,140,0.9,5,5,999.0,999,9,'999999999,0,0.0000,0,88,999.000,0.0,1.0
2056/6/1,24:00,?9?9?9?9E0?9?9?9?9*9?9*9?9?9?9?9?9?9*9*_?9*9*9?9?9,33.8,29.4,78,100141,9999,9999,461,0,0,0,999900,999900,999900,99990,160,1.0,5,5,999.0,999,9,'999999999,0,0.0000,0,88,999.000,0.0,1.0
2056/6/2,01:00,?9?9?9?9E0?9?9?9?9*9?9*9?9?9?9?9?9?9*9*_?9*9*9?9?9,33.6,29.5,79,100041,9999,9999,470,0,0,0,999900,999900,999900,99990,160,1.2,7,7,999.0,999,9,'999999999,0,0.0000,0,88,999.000,0.0,1.0
2056/6/2,02:00,?9?9?9?9E0?9?9?9?9*9?9*9?9?9?9?9?9?9*9*_?9*9*9?9?9,33.4,29.3,79,100041,9999,9999,459,0,0,0,999900,999900,999900,99990,160,1.2,5,5,999.0,999,9,'999999999,0,0.0000,0,88,999.000,0.0,1.0
2056/6/2,03:00,?9?9?9?9E0?9?9?9?9*9?9*9?9?9?9?9?9?9*9*_?9*9*9?9?9,33.2,28.9,78,100041,9999,9999,457,0,0,0,999900,999900,999900,99990,180,0.9,5,5,999.0,999,9,'999999999,0,0.0000,0,88,999.000,0.0,1.0
2056/6/2,04:00,?9?9?9?9E0?9?9?9?9*9?9*9?9?9?9?9?9?9*9*_?9*9*9?9?9,33.2,27.5,72,100041,9999,9999,455,0,0,0,999900,999900,999900,99990,210,1.2,5,5,999.0,999,9,'999999999,0,0.0000,0,88,999.000,0.0,1.0
2056/6/2,05:00,?9?9?9?9E0?9?9?9?9*9?9*9?9?9?9?9?9?9*9*_?9*9*9?9?9,33.0,26.8,70,100041,9999,9999,453,0,0,0,999900,999900,999900,99990,220,0.7,5,5,999.0,999,9,'999999999,0,0.0000,0,88,999.000,0.0,1.0
2056/6/2,06:00,?9?9?9?9E0?9?9?9?9*9?9*9?9?9?9?9?9?9*9*_?9*9*9?9?9,32.7,26.0,68,100041,9999,9999,450,2,0,2,999900,999900,999900,99990,220,1.0,5,5,999.0,999,9,'999999999,0,0.0000,0,88,999.000,0.0,1.0
2056/6/2,07:00,?9?9?9?9E0?9?9?9?9*9?9*9?9?9?9?9?9?9*9*_?9*9*9?9?9,33.2,26.3,67,100241,9999,9999,454,95,123,73,999900,999900,999900,99990,200,0.9,5,5,999.0,999,9,'999999999,0,0.0000,0,88,999.000,0.0,1.0
2056/6/2,08:00,?9?9?9?9E0?9?9?9?9*9?9*9?9?9?9?9?9?9*9*_?9*9*9?9?9,33.9,24.5,58,100341,9999,9999,455,308,372,157,999900,999900,999900,99990,200,1.1,5,5,999.0,999,9,'999999999,0,0.0000,0,88,999.000,0.0,1.0
2056/6/2,09:00,?9?9?9?9E0?9?9?9?9*9?9*9?9?9?9?9?9?9*9*_?9*9*9?9?9,32.2,27.2,75,100541,9999,9999,453,466,377,235,999900,999900,999900,99990,200,1.9,6,6,999.0,999,9,'999999999,0,0.0000,0,88,999.000,0.0,1.0
2056/6/2,10:00,?9?9?9?9E0?9?9?9?9*9?9*9?9?9?9?9?9?9*9*_?9*9*9?9?9,33.7,26.5,66,100541,9999,9999,466,591,354,313,999900,999900,999900,99990,200,0.8,7,7,999.0,999,9,'999999999,0,0.0000,0,88,999.000,0.0,1.0
2056/6/2,11:00,?9?9?9?9E0?9?9?9?9*9?9*9?9?9?9?9?9?9*9*_?9*9*9?9?9,37.2,25.0,50,100341,9999,9999,486,725,394,367,999900,999900,999900,99990,200,1.0,7,7,999.0,999,9,'999999999,0,0.0000,0,88,999.000,0.0,1.0
2056/6/2,12:00,?9?9?9?9E0?9?9?9?9*9?9*9?9?9?9?9?9?9*9*_?9*9*9?9?9,37.8,24.2,46,100341,9999,9999,496,702,283,425,999900,999900,999900,99990,360,1.6,8,8,999.0,999,9,'999999999,0,0.0000,0,88,999.000,0.0,1.0
2056/6/2,13:00,?9?9?9?9E0?9?9?9?9*9?9*9?9?9?9?9?9?9*9*_?9*9*9?9?9,38.1,23.7,44,100241,9999,9999,489,810,434,383,999900,999900,999900,99990,360,2.2,7,7,999.0,999,9,'999999999,0,0.0000,0,88,999.000,0.0,1.0
2056/6/2,14:00,?9?9?9?9E0?9?9?9?9*9?9*9?9?9?9?9?9?9*9*_?9*9*9?9?9,38.0,22.1,40,100241,9999,9999,477,881,649,278,999900,999900,999900,99990,310,1.9,5,5,999.0,999,9,'999999999,0,0.0000,0,88,999.000,0.0,1.0
2056/6/2,15:00,?9?9?9?9E0?9?9?9?9*9?9*9?9?9?9?9?9?9*9*_?9*9*9?9?9,38.8,20.6,35,100141,9999,9999,497,617,358,324,999900,999900,999900,99990,290,0.7,8,8,999.0,999,9,'999999999,0,0.0000,0,88,999.000,0.0,1.0
2056/6/2,16:00,?9?9?9?9E0?9?9?9?9*9?9*9?9?9?9?9?9?9*9*_?9*9*9?9?9,39.9,20.1,32,100041,9999,9999,514,413,200,282,999900,999900,999900,99990,270,0.9,9,9,999.0,999,9,'999999999,0,0.0000,0,88,999.000,0.0,1.0
2056/6/2,17:00,?9?9?9?9E0?9?9?9?9*9?9*9?9?9?9?9?9?9*9*_?9*9*9?9?9,39.7,19.9,32,100041,9999,9999,512,250,126,193,999900,999900,999900,99990,270,0.7,9,9,999.0,999,9,'999999999,0,0.0000,0,88,999.000,0.0,1.0
2056/6/2,18:00,?9?9?9?9E0?9?9?9?9*9?9*9?9?9?9?9?9?9*9*_?9*9*9?9?9,39.1,20.4,34,100041,9999,9999,509,95,52,83,999900,999900,999900,99990,290,0.1,9,9,999.0,999,9,'999999999,0,0.0000,0,88,999.000,0.0,1.0
2056/6/2,19:00,?9?9?9?9E0?9?9?9?9*9?9*9?9?9?9?9?9?9*9*_?9*9*9?9?9,34.7,27.9,68,100141,9999,9999,465,6,0,6,999900,999900,999900,99990,290,0.9,5,5,999.0,999,9,'999999999,0,0.0000,0,88,999.000,0.0,1.0
2056/6/2,20:00,?9?9?9?9E0?9?9?9?9*9?9*9?9?9?9?9?9?9*9*_?9*9*9?9?9,33.7,28.4,74,100241,9999,9999,459,0,0,0,999900,999900,999900,99990,120,0.5,5,5,999.0,999,9,'999999999,0,0.0000,0,88,999.000,0.0,1.0
2056/6/2,21:00,?9?9?9?9E0?9?9?9?9*9?9*9?9?9?9?9?9?9*9*_?9*9*9?9?9,33.4,28.4,75,100241,9999,9999,458,0,0,0,999900,999900,999900,99990,160,0.5,5,5,999.0,999,9,'999999999,0,0.0000,0,88,999.000,0.0,1.0
2056/6/2,22:00,?9?9?9?9E0?9?9?9?9*9?9*9?9?9?9?9?9?9*9*_?9*9*9?9?9,33.3,30.7,86,100341,9999,9999,457,0,0,0,999900,999900,999900,99990,270,0.9,4,4,999.0,999,9,'999999999,0,0.0000,0,88,999.000,0.0,1.0
2056/6/2,23:00,?9?9?9?9E0?9?9?9?9*9?9*9?9?9?9?9?9?9*9*_?9*9*9?9?9,32.9,30.5,87,100341,9999,9999,461,0,0,0,999900,999900,999900,99990,270,1.0,6,6,999.0,999,9,'999999999,0,0.0000,0,88,999.000,0.0,1.0
2056/6/2,24:00,?9?9?9?9E0?9?9?9?9*9?9*9?9?9?9?9?9?9*9*_?9*9*9?9?9,32.8,30.4,87,100241,9999,9999,473,0,0,0,999900,999900,999900,99990,140,1.2,8,8,999.0,999,9,'999999999,0,0.0000,0,88,999.000,0.0,1.0
2056/6/3,01:00,?9?9?9?9E0?9?9?9?9*9?9*9?9?9?9?9?9?9*9*_?9*9*9?9?9,32.8,30.2,86,100341,9999,9999,483,0,0,0,999900,999900,999900,99990,140,0.7,9,9,999.0,999,9,'999999999,0,0.0000,0,88,999.000,0.0,1.0
2056/6/3,02:00,?9?9?9?9E0?9?9?9?9*9?9*9?9?9?9?9?9?9*9*_?9*9*9?9?9,32.3,30.3,89,100341,9999,9999,480,0,0,0,999900,999900,999900,99990,140,0.3,9,9,999.0,999,9,'999999999,0,0.0000,0,88,999.000,0.3,1.0
2056/6/3,03:00,?9?9?9?9E0?9?9?9?9*9?9*9?9?9?9?9?9?9*9*_?9*9*9?9?9,31.7,29.7,89,100241,9999,9999,476,0,0,0,999900,999900,999900,99990,90,0.1,9,9,999.0,999,9,'999999999,0,0.0000,0,88,999.000,0.5,1.0
2056/6/3,04:00,?9?9?9?9E0?9?9?9?9*9?9*9?9?9?9?9?9?9*9*_?9*9*9?9?9,31.4,29.4,89,100241,9999,9999,444,0,0,0,999900,999900,999900,99990,90,0.3,4,4,999.0,999,9,'999999999,0,0.0000,0,88,999.000,0.0,1.0
2056/6/3,05:00,?9?9?9?9E0?9?9?9?9*9?9*9?9?9?9?9?9?9*9*_?9*9*9?9?9,31.1,28.9,88,100241,9999,9999,461,0,0,0,999900,999900,999900,99990,90,0.6,8,8,999.0,999,9,'999999999,0,0.0000,0,88,999.000,0.1,1.0
2056/6/3,06:00,?9?9?9?9E0?9?9?9?9*9?9*9?9?9?9?9?9?9*9*_?9*9*9?9?9,28.2,26.0,88,100241,9999,9999,449,2,0,2,999900,999900,999900,99990,270,1.4,9,9,999.0,999,9,'999999999,0,0.0000,0,88,999.000,1.7,1.0
2056/6/3,07:00,?9?9?9?9E0?9?9?9?9*9?9*9?9?9?9?9?9?9*9*_?9*9*9?9?9,28.2,26.0,88,100241,9999,9999,421,93,89,77,999900,999900,999900,99990,270,0.8,4,4,999.0,999,9,'999999999,0,0.0000,0,88,999.000,2.5,1.0
2056/6/3,08:00,?9?9?9?9E0?9?9?9?9*9?9*9?9?9?9?9?9?9*9*_?9*9*9?9?9,29.1,26.9,88,100341,9999,9999,446,194,68,166,999900,999900,999900,99990,270,0.5,8,8,999.0,999,9,'999999999,0,0.0000,0,88,999.000,0.0,1.0
2056/6/3,09:00,?9?9?9?9E0?9?9?9?9*9?9*9?9?9?9?9?9?9*9*_?9*9*9?9?9,30.4,28.4,89,100541,9999,9999,466,281,57,246,999900,999900,999900,99990,320,0.1,9,9,999.0,999,9,'999999999,0,0.0000,0,88,999.000,0.0,1.0
2056/6/3,10:00,?9?9?9?9E0?9?9?9?9*9?9*9?9?9?9?9?9?9*9*_?9*9*9?9?9,30.5,28.5,89,100641,9999,9999,457,463,126,364,999900,999900,999900,99990,320,1.5,8,8,999.0,999,9,'999999999,0,0.0000,0,88,999.000,1.1,1.0
2056/6/3,11:00,?9?9?9?9E0?9?9?9?9*9?9*9?9?9?9?9?9?9*9*_?9*9*9?9?9,29.4,27.6,90,100641,9999,9999,437,669,273,421,999900,999900,999900,99990,320,0.0,6,6,999.0,999,9,'999999999,0,0.0000,0,88,999.000,32.5,1.0
2056/6/3,12:00,?9?9?9?9E0?9?9?9?9*9?9*9?9?9?9?9?9?9*9*_?9*9*9?9?9,29.1,27.5,91,100541,9999,9999,425,845,421,434,999900,999900,999900,99990,160,0.9,3,3,999.0,999,9,'999999999,0,0.0000,0,88,999.000,0.7,1.0
2056/6/3,13:00,?9?9?9?9E0?9?9?9?9*9?9*9?9?9?9?9?9?9*9*_?9*9*9?9?9,29.9,28.1,90,100441,9999,9999,462,516,79,439,999900,999900,999900,99990,270,0.7,9,9,999.0,999,9,'999999999,0,0.0000,0,88,999.000,0.0,1.0
2056/6/3,14:00,?9?9?9?9E0?9?9?9?9*9?9*9?9?9?9?9?9?9*9*_?9*9*9?9?9,31.4,28.8,86,100341,9999,9999,473,460,63,401,999900,999900,999900,99990,260,0.5,9,9,999.0,999,9,'999999999,0,0.0000,0,88,999.000,0.0,1.0
2056/6/3,15:00,?9?9?9?9E0?9?9?9?9*9?9*9?9?9?9?9?9?9*9*_?9*9*9?9?9,32.9,28.1,76,100241,9999,9999,471,487,126,384,999900,999900,999900,99990,260,0.7,8,8,999.0,999,9,'999999999,0,0.0000,0,88,999.000,0.0,1.0
2056/6/3,16:00,?9?9?9?9E0?9?9?9?9*9?9*9?9?9?9?9?9?9*9*_?9*9*9?9?9,33.0,28.2,76,100241,9999,9999,464,413,169,302,999900,999900,999900,99990,290,0.5,7,7,999.0,999,9,'999999999,0,0.0000,0,88,999.000,0.0,1.0
2056/6/3,17:00,?9?9?9?9E0?9?9?9?9*9?9*9?9?9?9?9?9?9*9*_?9*9*9?9?9,33.2,28.4,76,100241,9999,9999,460,282,168,205,999900,999900,999900,99990,290,0.0,6,6,999.0,999,9,'999999999,0,0.0000,0,88,999.000,0.0,1.0
2056/6/3,18:00,?9?9?9?9E0?9?9?9?9*9?9*9?9?9?9?9?9?9*9*_?9*9*9?9?9,33.2,28.4,76,100241,9999,9999,456,126,98,104,999900,999900,999900,99990,290,0.0,5,5,999.0,999,9,'999999999,0,0.0000,0,88,999.000,0.0,1.0
2056/6/3,19:00,?9?9?9?9E0?9?9?9?9*9?9*9?9?9?9?9?9?9*9*_?9*9*9?9?9,31.6,29.4,88,100341,9999,9999,475,1,0,1,999900,999900,999900,99990,290,0.0,9,9,999.0,999,9,'999999999,0,0.0000,0,88,999.000,0.0,1.0
2056/6/3,20:00,?9?9?9?9E0?9?9?9?9*9?9*9?9?9?9?9?9?9*9*_?9*9*9?9?9,31.0,29.0,89,100341,9999,9999,470,0,0,0,999900,999900,999900,99990,290,0.0,9,9,999.0,999,9,'999999999,0,0.0000,0,88,999.000,0.0,1.0
2056/6/3,21:00,?9?9?9?9E0?9?9?9?9*9?9*9?9?9?9?9?9?9*9*_?9*9*9?9?9,30.6,28.6,89,100441,9999,9999,467,0,0,0,999900,999900,999900,99990,290,0.0,9,9,999.0,999,9,'999999999,0,0.0000,0,88,999.000,0.0,1.0
2056/6/3,22:00,?9?9?9?9E0?9?9?9?9*9?9*9?9?9?9?9?9?9*9*_?9*9*9?9?9,30.7,28.7,89,100541,9999,9999,468,0,0,0,999900,999900,999900,99990,290,0.5,9,9,999.0,999,9,'999999999,0,0.0000,0,88,999.000,0.0,1.0
2056/6/3,23:00,?9?9?9?9E0?9?9?9?9*9?9*9?9?9?9?9?9?9*9*_?9*9*9?9?9,30.8,29.0,90,100541,9999,9999,469,0,0,0,999900,999900,999900,99990,290,0.7,9,9,999.0,999,9,'999999999,0,0.0000,0,88,999.000,0.0,1.0
2056/6/3,24:00,?9?9?9?9E0?9?9?9?9*9?9*9?9?9?9?9?9?9*9*_?9*9*9?9?9,30.7,28.9,90,100441,9999,9999,468,0,0,0,999900,999900,999900,99990,290,0.7,9,9,999.0,999,9,'999999999,0,0.0000,0,88,999.000,0.0,1.0
2056/6/4,01:00,?9?9?9?9E0?9?9?9?9*9?9*9?9?9?9?9?9?9*9*_?9*9*9?9?9,30.7,28.9,90,100341,9999,9999,459,0,0,0,999900,999900,999900,99990,290,0.6,8,8,999.0,999,9,'999999999,0,0.0000,0,88,999.000,0.0,1.0
2056/6/4,02:00,?9?9?9?9E0?9?9?9?9*9?9*9?9?9?9?9?9?9*9*_?9*9*9?9?9,30.6,28.8,90,100241,9999,9999,458,0,0,0,999900,999900,999900,99990,290,0.1,8,8,999.0,999,9,'999999999,0,0.0000,0,88,999.000,0.0,1.0
2056/6/4,03:00,?9?9?9?9E0?9?9?9?9*9?9*9?9?9?9?9?9?9*9*_?9*9*9?9?9,30.4,28.6,90,100241,9999,9999,456,0,0,0,999900,999900,999900,99990,290,0.1,8,8,999.0,999,9,'999999999,0,0.0000,0,88,999.000,0.0,1.0
2056/6/4,04:00,?9?9?9?9E0?9?9?9?9*9?9*9?9?9?9?9?9?9*9*_?9*9*9?9?9,30.2,28.4,90,100241,9999,9999,455,0,0,0,999900,999900,999900,99990,290,0.1,8,8,999.0,999,9,'999999999,0,0.0000,0,88,999.000,0.0,1.0
2056/6/4,05:00,?9?9?9?9E0?9?9?9?9*9?9*9?9?9?9?9?9?9*9*_?9*9*9?9?9,29.9,28.1,90,100241,9999,9999,453,0,0,0,999900,999900,999900,99990,290,0.3,8,8,999.0,999,9,'999999999,0,0.0000,0,88,999.000,0.0,1.0
2056/6/4,06:00,?9?9?9?9E0?9?9?9?9*9?9*9?9?9?9?9?9?9*9*_?9*9*9?9?9,29.9,28.1,90,100241,9999,9999,453,2,0,2,999900,999900,999900,99990,200,0.1,8,8,999.0,999,9,'999999999,0,0.0000,0,88,999.000,0.0,1.0
2056/6/4,07:00,?9?9?9?9E0?9?9?9?9*9?9*9?9?9?9?9?9?9*9*_?9*9*9?9?9,30.3,28.5,90,100241,9999,9999,456,45,11,43,999900,999900,999900,99990,200,0.5,8,8,999.0,999,9,'999999999,0,0.0000,0,88,999.000,0.0,1.0
2056/6/4,08:00,?9?9?9?9E0?9?9?9?9*9?9*9?9?9?9?9?9?9*9*_?9*9*9?9?9,31.0,29.0,89,100341,9999,9999,461,185,49,165,999900,999900,999900,99990,200,0.6,8,8,999.0,999,9,'999999999,0,0.0000,0,88,999.000,0.0,1.0
2056/6/4,09:00,?9?9?9?9E0?9?9?9?9*9?9*9?9?9?9?9?9?9*9*_?9*9*9?9?9,29.9,27.3,86,100341,9999,9999,452,350,106,285,999900,999900,999900,99990,200,0.6,8,8,999.0,999,9,'999999999,0,0.0000,0,88,999.000,0.0,1.0
2056/6/4,10:00,?9?9?9?9E0?9?9?9?9*9?9*9?9?9?9?9?9?9*9*_?9*9*9?9?9,35.0,24.9,56,100441,9999,9999,479,540,191,391,999900,999900,999900,99990,250,1.0,8,8,999.0,999,9,'999999999,0,0.0000,0,88,999.000,0.0,1.0
2056/6/4,11:00,?9?9?9?9E0?9?9?9?9*9?9*9?9?9?9?9?9?9*9*_?9*9*9?9?9,34.6,24.6,56,100341,9999,9999,487,555,120,446,999900,999900,999900,99990,300,0.7,9,9,999.0,999,9,'999999999,0,0.0000,0,88,999.000,0.0,1.0
2056/6/4,12:00,?9?9?9?9E0?9?9?9?9*9?9*9?9?9?9?9?9?9*9*_?9*9*9?9?9,34.3,27.8,69,100341,9999,9999,490,539,74,466,999900,999900,999900,99990,330,0.1,9,9,999.0,999,9,'999999999,0,0.0000,0,88,999.000,0.0,1.0
2056/6/4,13:00,?9?9?9?9E0?9?9?9?9*9?9*9?9?9?9?9?9?9*9*_?9*9*9?9?9,32.4,27.4,75,100341,9999,9999,490,483,48,436,999900,999900,999900,99990,40,0.6,10,10,999.0,999,9,'999999999,0,0.0000,0,88,999.000,0.0,1.0
2056/6/4,14:00,?9?9?9?9E0?9?9?9?9*9?9*9?9?9?9?9?9?9*9*_?9*9*9?9?9,31.7,26.7,75,100241,9999,9999,485,434,43,394,999900,999900,999900,99990,40,0.7,10,10,999.0,999,9,'999999999,0,0.0000,0,88,999.000,0.0,1.0
2056/6/4,15:00,?9?9?9?9E0?9?9?9?9*9?9*9?9?9?9?9?9?9*9*_?9*9*9?9?9,32.8,27.1,72,100141,9999,9999,493,372,42,338,999900,999900,999900,99990,40,0.5,10,10,999.0,999,9,'999999999,0,0.0000,0,88,999.000,0.0,1.0
2056/6/4,16:00,?9?9?9?9E0?9?9?9?9*9?9*9?9?9?9?9?9?9*9*_?9*9*9?9?9,31.1,25.9,74,100141,9999,9999,480,264,30,244,999900,999900,999900,99990,140,0.5,10,10,999.0,999,9,'999999999,0,0.0000,0,88,999.000,0.0,1.0
2056/6/4,17:00,?9?9?9?9E0?9?9?9?9*9?9*9?9?9?9?9?9?9*9*_?9*9*9?9?9,30.4,27.0,82,100141,9999,9999,477,133,13,127,999900,999900,999900,99990,270,0.3,10,10,999.0,999,9,'999999999,0,0.0000,0,88,999.000,0.0,1.0
2056/6/4,18:00,?9?9?9?9E0?9?9?9?9*9?9*9?9?9?9?9?9?9*9*_?9*9*9?9?9,29.5,26.1,82,100141,9999,9999,470,39,4,38,999900,999900,999900,99990,240,0.1,10,10,999.0,999,9,'999999999,0,0.0000,0,88,999.000,0.0,1.0
2056/6/4,19:00,?9?9?9?9E0?9?9?9?9*9?9*9?9?9?9?9?9?9*9*_?9*9*9?9?9,29.5,26.1,82,100241,9999,9999,457,1,0,1,999900,999900,999900,99990,270,0.9,9,9,999.0,999,9,'999999999,0,0.0000,0,88,999.000,0.0,1.0
2056/6/4,20:00,?9?9?9?9E0?9?9?9?9*9?9*9?9?9?9?9?9?9*9*_?9*9*9?9?9,29.1,25.7,82,100241,9999,9999,454,0,0,0,999900,999900,999900,99990,240,0.9,9,9,999.0,999,9,'999999999,0,0.0000,0,88,999.000,0.0,1.0
2056/6/4,21:00,?9?9?9?9E0?9?9?9?9*9?9*9?9?9?9?9?9?9*9*_?9*9*9?9?9,28.5,25.3,83,100341,9999,9999,450,0,0,0,999900,999900,999900,99990,270,0.1,9,9,999.0,999,9,'999999999,0,0.0000,0,88,999.000,0.0,1.0
2056/6/4,22:00,?9?9?9?9E0?9?9?9?9*9?9*9?9?9?9?9?9?9*9*_?9*9*9?9?9,28.6,25.4,83,100341,9999,9999,451,0,0,0,999900,999900,999900,99990,270,0.1,9,9,999.0,999,9,'999999999,0,0.0000,0,88,999.000,0.0,1.0
2056/6/4,23:00,?9?9?9?9E0?9?9?9?9*9?9*9?9?9?9?9?9?9*9*_?9*9*9?9?9,28.6,25.4,83,100341,9999,9999,451,0,0,0,999900,999900,999900,99990,270,0.5,9,9,999.0,999,9,'999999999,0,0.0000,0,88,999.000,0.3,1.0
2056/6/4,24:00,?9?9?9?9E0?9?9?9?9*9?9*9?9?9?9?9?9?9*9*_?9*9*9?9?9,28.4,25.5,84,100341,9999,9999,450,0,0,0,999900,999900,999900,99990,270,0.1,9,9,999.0,999,9,'999999999,0,0.0000,0,88,999.000,0.6,1.0
2056/6/5,01:00,?9?9?9?9E0?9?9?9?9*9?9*9?9?9?9?9?9?9*9*_?9*9*9?9?9,28.3,25.4,84,100241,9999,9999,449,0,0,0,999900,999900,999900,99990,260,0.5,9,9,999.0,999,9,'999999999,0,0.0000,0,88,999.000,0.0,1.0
2056/6/5,02:00,?9?9?9?9E0?9?9?9?9*9?9*9?9?9?9?9?9?9*9*_?9*9*9?9?9,28.3,25.4,84,100241,9999,9999,449,0,0,0,999900,999900,999900,99990,260,0.3,9,9,999.0,999,9,'999999999,0,0.0000,0,88,999.000,0.0,1.0
2056/6/5,03:00,?9?9?9?9E0?9?9?9?9*9?9*9?9?9?9?9?9?9*9*_?9*9*9?9?9,28.3,25.4,84,100141,9999,9999,449,0,0,0,999900,999900,999900,99990,260,0.7,9,9,999.0,999,9,'999999999,0,0.0000,0,88,999.000,0.1,1.0
2056/6/5,04:00,?9?9?9?9E0?9?9?9?9*9?9*9?9?9?9?9?9?9*9*_?9*9*9?9?9,28.3,25.4,84,100241,9999,9999,440,0,0,0,999900,999900,999900,99990,260,0.7,8,8,999.0,999,9,'999999999,0,0.0000,0,88,999.000,0.0,1.0
2056/6/5,05:00,?9?9?9?9E0?9?9?9?9*9?9*9?9?9?9?9?9?9*9*_?9*9*9?9?9,28.3,25.4,84,100241,9999,9999,440,0,0,0,999900,999900,999900,99990,230,0.7,8,8,999.0,999,9,'999999999,0,0.0000,0,88,999.000,0.0,1.0
2056/6/5,06:00,?9?9?9?9E0?9?9?9?9*9?9*9?9?9?9?9?9?9*9*_?9*9*9?9?9,28.4,26.0,87,100241,9999,9999,441,2,0,2,999900,999900,999900,99990,230,0.9,8,8,999.0,999,9,'999999999,0,0.0000,0,88,999.000,0.0,1.0
2056/6/5,07:00,?9?9?9?9E0?9?9?9?9*9?9*9?9?9?9?9?9?9*9*_?9*9*9?9?9,27.9,25.6,87,100241,9999,9999,438,49,11,47,999900,999900,999900,99990,250,1.5,8,8,999.0,999,9,'999999999,0,0.0000,0,88,999.000,6.4,1.0
2056/6/5,08:00,?9?9?9?9E0?9?9?9?9*9?9*9?9?9?9?9?9?9*9*_?9*9*9?9?9,27.8,25.5,87,100341,9999,9999,446,157,26,147,999900,999900,999900,99990,250,0.9,9,9,999.0,999,9,'999999999,0,0.0000,0,88,999.000,2.9,1.0
2056/6/5,09:00,?9?9?9?9E0?9?9?9?9*9?9*9?9?9?9?9?9?9*9*_?9*9*9?9?9,28.7,27.3,92,100341,9999,9999,454,284,41,259,999900,999900,999900,99990,250,0.9,9,9,999.0,999,9,'999999999,0,0.0000,0,88,999.000,0.1,1.0
2056/6/5,10:00,?9?9?9?9E0?9?9?9?9*9?9*9?9?9?9?9?9?9*9*_?9*9*9?9?9,28.9,27.3,91,100341,9999,9999,468,317,26,297,999900,999900,999900,99990,250,1.0,10,10,999.0,999,9,'999999999,0,0.0000,0,88,999.000,0.0,1.0
2056/6/5,11:00,?9?9?9?9E0?9?9?9?9*9?9*9?9?9?9?9?9?9*9*_?9*9*9?9?9,29.1,27.5,91,100341,9999,9999,470,368,23,347,999900,999900,999900,99990,250,0.7,10,10,999.0,999,9,'999999999,0,0.0000,0,88,999.000,0.0,1.0
2056/6/5,12:00,?9?9?9?9E0?9?9?9?9*9?9*9?9?9?9?9?9?9*9*_?9*9*9?9?9,29.2,27.4,90,100341,9999,9999,470,398,22,376,999900,999900,999900,99990,250,0.8,10,10,999.0,999,9,'999999999,0,0.0000,0,88,999.000,0.0,1.0
2056/6/5,13:00,?9?9?9?9E0?9?9?9?9*9?9*9?9?9?9?9?9?9*9*_?9*9*9?9?9,29.3,27.5,90,100241,9999,9999,471,415,24,391,999900,999900,999900,99990,250,1.0,10,10,999.0,999,9,'999999999,0,0.0000,0,88,999.000,0.0,1.0
2056/6/5,14:00,?9?9?9?9E0?9?9?9?9*9?9*9?9?9?9?9?9?9*9*_?9*9*9?9?9,29.6,27.2,87,100141,9999,9999,472,372,22,351,999900,999900,999900,99990,250,0.1,10,10,999.0,999,9,'999999999,0,0.0000,0,88,999.000,0.0,1.0
2056/6/5,15:00,?9?9?9?9E0?9?9?9?9*9?9*9?9?9?9?9?9?9*9*_?9*9*9?9?9,30.2,27.8,87,100141,9999,9999,477,317,22,299,999900,999900,999900,99990,180,0.7,10,10,999.0,999,9,'999999999,0,0.0000,0,88,999.000,0.0,1.0
2056/6/5,16:00,?9?9?9?9E0?9?9?9?9*9?9*9?9?9?9?9?9?9*9*_?9*9*9?9?9,30.7,27.5,83,100041,9999,9999,480,234,19,221,999900,999900,999900,99990,200,1.1,10,10,999.0,999,9,'999999999,0,0.0000,0,88,999.000,0.0,1.0
2056/6/5,17:00,?9?9?9?9E0?9?9?9?9*9?9*9?9?9?9?9?9?9*9*_?9*9*9?9?9,30.7,26.2,77,99941,9999,9999,465,183,27,171,999900,999900,999900,99990,200,1.3,9,9,999.0,999,9,'999999999,0,0.0000,0,88,999.000,0.0,1.0
2056/6/5,18:00,?9?9?9?9E0?9?9?9?9*9?9*9?9?9?9?9?9?9*9*_?9*9*9?9?9,30.7,26.2,77,99941,9999,9999,465,62,9,60,999900,999900,999900,99990,210,0.7,9,9,999.0,999,9,'999999999,0,0.0000,0,88,999.000,0.0,1.0
2056/6/5,19:00,?9?9?9?9E0?9?9?9?9*9?9*9?9?9?9?9?9?9*9*_?9*9*9?9?9,30.3,26.7,81,100041,9999,9999,463,1,0,1,999900,999900,999900,99990,210,0.1,9,9,999.0,999,9,'999999999,0,0.0000,0,88,999.000,0.0,1.0
2056/6/5,20:00,?9?9?9?9E0?9?9?9?9*9?9*9?9?9?9?9?9?9*9*_?9*9*9?9?9,29.4,26.4,84,100141,9999,9999,457,0,0,0,999900,999900,999900,99990,210,0.1,9,9,999.0,999,9,'999999999,0,0.0000,0,88,999.000,0.0,1.0
2056/6/5,21:00,?9?9?9?9E0?9?9?9?9*9?9*9?9?9?9?9?9?9*9*_?9*9*9?9?9,29.1,26.1,84,100141,9999,9999,455,0,0,0,999900,999900,999900,99990,210,0.7,9,9,999.0,999,9,'999999999,0,0.0000,0,88,999.000,0.0,1.0
2056/6/5,22:00,?9?9?9?9E0?9?9?9?9*9?9*9?9?9?9?9?9?9*9*_?9*9*9?9?9,29.4,25.2,78,100141,9999,9999,446,0,0,0,999900,999900,999900,99990,200,1.2,8,8,999.0,999,9,'999999999,0,0.0000,0,88,999.000,0.0,1.0
2056/6/5,23:00,?9?9?9?9E0?9?9?9?9*9?9*9?9?9?9?9?9?9*9*_?9*9*9?9?9,29.3,25.5,80,100241,9999,9999,455,0,0,0,999900,999900,999900,99990,200,0.9,9,9,999.0,999,9,'999999999,0,0.0000,0,88,999.000,0.0,1.0
2056/6/5,24:00,?9?9?9?9E0?9?9?9?9*9?9*9?9?9?9?9?9?9*9*_?9*9*9?9?9,29.4,25.6,80,100141,9999,9999,456,0,0,0,999900,999900,999900,99990,180,1.1,9,9,999.0,999,9,'999999999,0,0.0000,0,88,999.000,0.0,1.0
2056/6/6,01:00,?9?9?9?9E0?9?9?9?9*9?9*9?9?9?9?9?9?9*9*_?9*9*9?9?9,29.4,25.6,80,100141,9999,9999,446,0,0,0,999900,999900,999900,99990,230,1.3,8,8,999.0,999,9,'999999999,0,0.0000,0,88,999.000,0.0,1.0
2056/6/6,02:00,?9?9?9?9E0?9?9?9?9*9?9*9?9?9?9?9?9?9*9*_?9*9*9?9?9,29.4,26.0,82,100141,9999,9999,447,0,0,0,999900,999900,999900,99990,230,0.5,8,8,999.0,999,9,'999999999,0,0.0000,0,88,999.000,0.0,1.0
2056/6/6,03:00,?9?9?9?9E0?9?9?9?9*9?9*9?9?9?9?9?9?9*9*_?9*9*9?9?9,29.4,26.4,84,100041,9999,9999,448,0,0,0,999900,999900,999900,99990,230,0.3,8,8,999.0,999,9,'999999999,0,0.0000,0,88,999.000,0.0,1.0
2056/6/6,04:00,?9?9?9?9E0?9?9?9?9*9?9*9?9?9?9?9?9?9*9*_?9*9*9?9?9,29.3,26.5,85,100041,9999,9999,457,0,0,0,999900,999900,999900,99990,190,0.7,9,9,999.0,999,9,'999999999,0,0.0000,0,88,999.000,0.0,1.0
2056/6/6,05:00,?9?9?9?9E0?9?9?9?9*9?9*9?9?9?9?9?9?9*9*_?9*9*9?9?9,29.3,26.5,85,100041,9999,9999,457,0,0,0,999900,999900,999900,99990,200,0.9,9,9,999.0,999,9,'999999999,0,0.0000,0,88,999.000,0.0,1.0
2056/6/6,06:00,?9?9?9?9E0?9?9?9?9*9?9*9?9?9?9?9?9?9*9*_?9*9*9?9?9,29.3,26.5,85,100041,9999,9999,440,2,0,2,999900,999900,999900,99990,250,0.7,7,7,999.0,999,9,'999999999,0,0.0000,0,88,999.000,0.0,1.0
2056/6/6,07:00,?9?9?9?9E0?9?9?9?9*9?9*9?9?9?9?9?9?9*9*_?9*9*9?9?9,29.5,26.5,84,100141,9999,9999,436,74,46,66,999900,999900,999900,99990,250,0.9,6,6,999.0,999,9,'999999999,0,0.0000,0,88,999.000,0.0,1.0
2056/6/6,08:00,?9?9?9?9E0?9?9?9?9*9?9*9?9?9?9?9?9?9*9*_?9*9*9?9?9,30.9,26.8,79,100141,9999,9999,450,228,115,182,999900,999900,999900,99990,250,1.1,7,7,999.0,999,9,'999999999,0,0.0000,0,88,999.000,0.0,1.0
2056/6/6,09:00,?9?9?9?9E0?9?9?9?9*9?9*9?9?9?9?9?9?9*9*_?9*9*9?9?9,32.0,25.4,68,100141,9999,9999,462,382,157,286,999900,999900,999900,99990,230,1.9,8,8,999.0,999,9,'999999999,0,0.0000,0,88,999.000,0.0,1.0
2056/6/6,10:00,?9?9?9?9E0?9?9?9?9*9?9*9?9?9?9?9?9?9*9*_?9*9*9?9?9,33.4,24.3,59,100141,9999,9999,479,468,130,366,999900,999900,999900,99990,230,1.5,9,9,999.0,999,9,'999999999,0,0.0000,0,88,999.000,0.0,1.0
2056/6/6,11:00,?9?9?9?9E0?9?9?9?9*9?9*9?9?9?9?9?9?9*9*_?9*9*9?9?9,34.3,25.2,59,100141,9999,9999,486,549,125,436,999900,999900,999900,99990,250,1.5,9,9,999.0,999,9,'999999999,0,0.0000,0,88,999.000,0.0,1.0
2056/6/6,12:00,?9?9?9?9E0?9?9?9?9*9?9*9?9?9?9?9?9?9*9*_?9*9*9?9?9,34.8,25.0,57,100041,9999,9999,489,593,121,475,999900,999900,999900,99990,290,1.1,9,9,999.0,999,9,'999999999,0,0.0000,0,88,999.000,0.0,1.0
2056/6/6,13:00,?9?9?9?9E0?9?9?9?9*9?9*9?9?9?9?9?9?9*9*_?9*9*9?9?9,34.8,25.0,57,100041,9999,9999,489,617,133,487,999900,999900,999900,99990,250,0.7,9,9,999.0,999,9,'999999999,0,0.0000,0,88,999.000,0.0,1.0
2056/6/6,14:00,?9?9?9?9E0?9?9?9?9*9?9*9?9?9?9?9?9?9*9*_?9*9*9?9?9,35.1,25.3,57,99941,9999,9999,491,563,125,447,999900,999900,999900,99990,250,0.9,9,9,999.0,999,9,'999999999,0,0.0000,0,88,999.000,0.0,1.0
2056/6/6,15:00,?9?9?9?9E0?9?9?9?9*9?9*9?9?9?9?9?9?9*9*_?9*9*9?9?9,35.3,25.5,57,99841,9999,9999,493,486,123,386,999900,999900,999900,99990,320,0.5,9,9,999.0,999,9,'999999999,0,0.0000,0,88,999.000,0.0,1.0
2056/6/6,16:00,?9?9?9?9E0?9?9?9?9*9?9*9?9?9?9?9?9?9*9*_?9*9*9?9?9,35.8,26.0,57,99841,9999,9999,496,357,95,294,999900,999900,999900,99990,320,0.3,9,9,999.0,999,9,'999999999,0,0.0000,0,88,999.000,0.0,1.0
2056/6/6,17:00,?9?9?9?9E0?9?9?9?9*9?9*9?9?9?9?9?9?9*9*_?9*9*9?9?9,35.6,25.8,57,99741,9999,9999,495,215,60,188,999900,999900,999900,99990,200,0.6,9,9,999.0,999,9,'999999999,0,0.0000,0,88,999.000,0.0,1.0
2056/6/6,18:00,?9?9?9?9E0?9?9?9?9*9?9*9?9?9?9?9?9?9*9*_?9*9*9?9?9,34.1,27.4,68,99841,9999,9999,488,72,18,68,999900,999900,999900,99990,160,0.7,9,9,999.0,999,9,'999999999,0,0.0000,0,88,999.000,0.0,1.0
2056/6/6,19:00,?9?9?9?9E0?9?9?9?9*9?9*9?9?9?9?9?9?9*9*_?9*9*9?9?9,32.6,27.4,74,99941,9999,9999,478,2,0,2,999900,999900,999900,99990,160,0.9,9,9,999.0,999,9,'999999999,0,0.0000,0,88,999.000,0.0,1.0
2056/6/6,20:00,?9?9?9?9E0?9?9?9?9*9?9*9?9?9?9?9?9?9*9*_?9*9*9?9?9,32.2,27.4,76,100041,9999,9999,476,0,0,0,999900,999900,999900,99990,160,0.3,9,9,999.0,999,9,'999999999,0,0.0000,0,88,999.000,0.0,1.0
2056/6/6,21:00,?9?9?9?9E0?9?9?9?9*9?9*9?9?9?9?9?9?9*9*_?9*9*9?9?9,31.8,26.4,73,100041,9999,9999,472,0,0,0,999900,999900,999900,99990,250,0.7,9,9,999.0,999,9,'999999999,0,0.0000,0,88,999.000,0.0,1.0
2056/6/6,22:00,?9?9?9?9E0?9?9?9?9*9?9*9?9?9?9?9?9?9*9*_?9*9*9?9?9,31.8,26.1,72,100141,9999,9999,462,0,0,0,999900,999900,999900,99990,200,0.4,8,8,999.0,999,9,'999999999,0,0.0000,0,88,999.000,0.0,1.0
2056/6/6,23:00,?9?9?9?9E0?9?9?9?9*9?9*9?9?9?9?9?9?9*9*_?9*9*9?9?9,31.5,26.3,74,100141,9999,9999,470,0,0,0,999900,999900,999900,99990,200,0.0,9,9,999.0,999,9,'999999999,0,0.0000,0,88,999.000,0.0,1.0
2056/6/6,24:00,?9?9?9?9E0?9?9?9?9*9?9*9?9?9?9?9?9?9*9*_?9*9*9?9?9,31.2,26.9,78,100041,9999,9999,469,0,0,0,999900,999900,999900,99990,180,0.0,9,9,999.0,999,9,'999999999,0,0.0000,0,88,999.000,0.0,1.0
2056/6/7,01:00,?9?9?9?9E0?9?9?9?9*9?9*9?9?9?9?9?9?9*9*_?9*9*9?9?9,30.9,27.5,82,100041,9999,9999,468,0,0,0,999900,999900,999900,99990,180,0.0,9,9,999.0,999,9,'999999999,0,0.0000,0,88,999.000,0.0,1.0
2056/6/7,02:00,?9?9?9?9E0?9?9?9?9*9?9*9?9?9?9?9?9?9*9*_?9*9*9?9?9,30.4,27.8,86,100041,9999,9999,448,0,0,0,999900,999900,999900,99990,180,0.0,7,7,999.0,999,9,'999999999,0,0.0000,0,88,999.000,0.0,1.0
2056/6/7,03:00,?9?9?9?9E0?9?9?9?9*9?9*9?9?9?9?9?9?9*9*_?9*9*9?9?9,30.4,28.6,90,99941,9999,9999,440,0,0,0,999900,999900,999900,99990,180,0.3,5,5,999.0,999,9,'999999999,0,0.0000,0,88,999.000,0.0,1.0
2056/6/7,04:00,?9?9?9?9E0?9?9?9?9*9?9*9?9?9?9?9?9?9*9*_?9*9*9?9?9,30.5,26.5,79,99941,9999,9999,464,0,0,0,999900,999900,999900,99990,180,0.5,9,9,999.0,999,9,'999999999,0,0.0000,0,88,999.000,0.0,1.0
2056/6/7,05:00,?9?9?9?9E0?9?9?9?9*9?9*9?9?9?9?9?9?9*9*_?9*9*9?9?9,30.4,26.6,80,99941,9999,9999,463,0,0,0,999900,999900,999900,99990,220,0.5,9,9,999.0,999,9,'999999999,0,0.0000,0,88,999.000,0.0,1.0
2056/6/7,06:00,?9?9?9?9E0?9?9?9?9*9?9*9?9?9?9?9?9?9*9*_?9*9*9?9?9,30.3,26.9,82,99941,9999,9999,441,2,0,2,999900,999900,999900,99990,220,0.1,6,6,999.0,999,9,'999999999,0,0.0000,0,88,999.000,0.0,1.0
2056/6/7,07:00,?9?9?9?9E0?9?9?9?9*9?9*9?9?9?9?9?9?9*9*_?9*9*9?9?9,30.5,27.1,82,100041,9999,9999,439,84,74,71,999900,999900,999900,99990,220,0.6,5,5,999.0,999,9,'999999999,0,0.0000,0,88,999.000,0.0,1.0
2056/6/7,08:00,?9?9?9?9E0?9?9?9?9*9?9*9?9?9?9?9?9?9*9*_?9*9*9?9?9,32.2,26.8,73,100041,9999,9999,458,236,146,177,999900,999900,999900,99990,220,1.1,7,7,999.0,999,9,'999999999,0,0.0000,0,88,999.000,0.0,1.0
2056/6/7,09:00,?9?9?9?9E0?9?9?9?9*9?9*9?9?9?9?9?9?9*9*_?9*9*9?9?9,33.4,23.7,57,100141,9999,9999,468,402,212,273,999900,999900,999900,99990,240,1.3,8,8,999.0,999,9,'999999999,0,0.0000,0,88,999.000,0.0,1.0
2056/6/7,10:00,?9?9?9?9E0?9?9?9?9*9?9*9?9?9?9?9?9?9*9*_?9*9*9?9?9,34.4,23.8,54,100141,9999,9999,474,550,266,343,999900,999900,999900,99990,250,1.7,8,8,999.0,999,9,'999999999,0,0.0000,0,88,999.000,0.0,1.0
2056/6/7,11:00,?9?9?9?9E0?9?9?9?9*9?9*9?9?9?9?9?9?9*9*_?9*9*9?9?9,35.1,24.4,54,100141,9999,9999,466,773,472,346,999900,999900,999900,99990,250,1.5,6,6,999.0,999,9,'999999999,0,0.0000,0,88,999.000,0.0,1.0
2056/6/7,12:00,?9?9?9?9E0?9?9?9?9*9?9*9?9?9?9?9?9?9*9*_?9*9*9?9?9,35.8,25.1,54,100141,9999,9999,467,877,521,370,999900,999900,999900,99990,250,1.1,5,5,999.0,999,9,'999999999,0,0.0000,0,88,999.000,0.0,1.0
2056/6/7,13:00,?9?9?9?9E0?9?9?9?9*9?9*9?9?9?9?9?9?9*9*_?9*9*9?9?9,36.3,25.2,53,100041,9999,9999,499,629,173,459,999900,999900,999900,99990,270,1.1,9,9,999.0,999,9,'999999999,0,0.0000,0,88,999.000,0.0,1.0
2056/6/7,14:00,?9?9?9?9E0?9?9?9?9*9?9*9?9?9?9?9?9?9*9*_?9*9*9?9?9,36.4,25.3,53,100041,9999,9999,499,573,146,438,999900,999900,999900,99990,270,0.9,9,9,999.0,999,9,'999999999,0,0.0000,0,88,999.000,0.0,1.0
2056/6/7,15:00,?9?9?9?9E0?9?9?9?9*9?9*9?9?9?9?9?9?9*9*_?9*9*9?9?9,35.2,25.7,58,99941,9999,9999,492,490,138,377,999900,999900,999900,99990,180,0.9,9,9,999.0,999,9,'999999999,0,0.0000,0,88,999.000,0.0,1.0
2056/6/7,16:00,?9?9?9?9E0?9?9?9?9*9?9*9?9?9?9?9?9?9*9*_?9*9*9?9?9,34.5,26.2,62,99941,9999,9999,488,360,106,290,999900,999900,999900,99990,180,1.0,9,9,999.0,999,9,'999999999,0,0.0000,0,88,999.000,0.0,1.0
2056/6/7,17:00,?9?9?9?9E0?9?9?9?9*9?9*9?9?9?9?9?9?9*9*_?9*9*9?9?9,32.9,26.7,70,99941,9999,9999,479,206,58,180,999900,999900,999900,99990,180,0.7,9,9,999.0,999,9,'999999999,0,0.0000,0,88,999.000,0.0,1.0
2056/6/7,18:00,?9?9?9?9E0?9?9?9?9*9?9*9?9?9?9?9?9?9*9*_?9*9*9?9?9,32.6,26.2,69,99941,9999,9999,476,74,21,69,999900,999900,999900,99990,140,0.6,9,9,999.0,999,9,'999999999,0,0.0000,0,88,999.000,0.0,1.0
2056/6/7,19:00,?9?9?9?9E0?9?9?9?9*9?9*9?9?9?9?9?9?9*9*_?9*9*9?9?9,31.5,26.3,74,99941,9999,9999,470,2,0,2,999900,999900,999900,99990,130,0.7,9,9,999.0,999,9,'999999999,0,0.0000,0,88,999.000,0.0,1.0
2056/6/7,20:00,?9?9?9?9E0?9?9?9?9*9?9*9?9?9?9?9?9?9*9*_?9*9*9?9?9,31.7,27.4,78,99941,9999,9999,439,0,0,0,999900,999900,999900,99990,140,0.6,3,3,999.0,999,9,'999999999,0,0.0000,0,88,999.000,0.0,1.0
2056/6/7,21:00,?9?9?9?9E0?9?9?9?9*9?9*9?9?9?9?9?9?9*9*_?9*9*9?9?9,31.4,27.5,80,100041,9999,9999,449,0,0,0,999900,999900,999900,99990,160,0.1,6,6,999.0,999,9,'999999999,0,0.0000,0,88,999.000,0.0,1.0
2056/6/7,22:00,?9?9?9?9E0?9?9?9?9*9?9*9?9?9?9?9?9?9*9*_?9*9*9?9?9,31.4,27.8,81,100141,9999,9999,471,0,0,0,999900,999900,999900,99990,150,0.3,9,9,999.0,999,9,'999999999,0,0.0000,0,88,999.000,0.0,1.0
2056/6/7,23:00,?9?9?9?9E0?9?9?9?9*9?9*9?9?9?9?9?9?9*9*_?9*9*9?9?9,31.2,27.4,80,100141,9999,9999,469,0,0,0,999900,999900,999900,99990,170,0.6,9,9,999.0,999,9,'999999999,0,0.0000,0,88,999.000,0.0,1.0
2056/6/7,24:00,?9?9?9?9E0?9?9?9?9*9?9*9?9?9?9?9?9?9*9*_?9*9*9?9?9,30.9,27.3,81,100141,9999,9999,467,0,0,0,999900,999900,999900,99990,180,0.1,9,9,999.0,999,9,'999999999,0,0.0000,0,88,999.000,0.0,1.0
2056/6/8,01:00,?9?9?9?9E0?9?9?9?9*9?9*9?9?9?9?9?9?9*9*_?9*9*9?9?9,30.8,27.2,81,100041,9999,9999,467,0,0,0,999900,999900,999900,99990,180,0.1,9,9,999.0,999,9,'999999999,0,0.0000,0,88,999.000,0.0,1.0
2056/6/8,02:00,?9?9?9?9E0?9?9?9?9*9?9*9?9?9?9?9?9?9*9*_?9*9*9?9?9,30.6,27.0,81,100041,9999,9999,465,0,0,0,999900,999900,999900,99990,230,0.1,9,9,999.0,999,9,'999999999,0,0.0000,0,88,999.000,0.0,1.0
2056/6/8,03:00,?9?9?9?9E0?9?9?9?9*9?9*9?9?9?9?9?9?9*9*_?9*9*9?9?9,30.4,27.0,82,100041,9999,9999,464,0,0,0,999900,999900,999900,99990,230,0.3,9,9,999.0,999,9,'999999999,0,0.0000,0,88,999.000,0.0,1.0
2056/6/8,04:00,?9?9?9?9E0?9?9?9?9*9?9*9?9?9?9?9?9?9*9*_?9*9*9?9?9,30.4,26.8,81,100041,9999,9999,454,0,0,0,999900,999900,999900,99990,230,0.3,8,8,999.0,999,9,'999999999,0,0.0000,0,88,999.000,0.0,1.0
2056/6/8,05:00,?9?9?9?9E0?9?9?9?9*9?9*9?9?9?9?9?9?9*9*_?9*9*9?9?9,30.2,26.6,81,100041,9999,9999,453,0,0,0,999900,999900,999900,99990,230,0.6,8,8,999.0,999,9,'999999999,0,0.0000,0,88,999.000,0.0,1.0
2056/6/8,06:00,?9?9?9?9E0?9?9?9?9*9?9*9?9?9?9?9?9?9*9*_?9*9*9?9?9,30.0,26.4,81,100141,9999,9999,451,2,0,2,999900,999900,999900,99990,270,0.7,8,8,999.0,999,9,'999999999,0,0.0000,0,88,999.000,0.0,1.0
2056/6/8,07:00,?9?9?9?9E0?9?9?9?9*9?9*9?9?9?9?9?9?9*9*_?9*9*9?9?9,30.5,25.4,74,100041,9999,9999,446,69,57,59,999900,999900,999900,99990,270,1.3,7,7,999.0,999,9,'999999999,0,0.0000,0,88,999.000,0.0,1.0
2056/6/8,08:00,?9?9?9?9E0?9?9?9?9*9?9*9?9?9?9?9?9?9*9*_?9*9*9?9?9,32.4,23.7,60,100041,9999,9999,449,280,317,152,999900,999900,999900,99990,220,1.9,6,6,999.0,999,9,'999999999,0,0.0000,0,88,999.000,0.0,1.0
2056/6/8,09:00,?9?9?9?9E0?9?9?9?9*9?9*9?9?9?9?9?9?9*9*_?9*9*9?9?9,34.0,22.8,52,100041,9999,9999,450,552,656,153,999900,999900,999900,99990,270,1.9,4,4,999.0,999,9,'999999999,0,0.0000,0,88,999.000,0.0,1.0
2056/6/8,10:00,?9?9?9?9E0?9?9?9?9*9?9*9?9?9?9?9?9?9*9*_?9*9*9?9?9,34.9,23.3,51,100141,9999,9999,456,739,723,174,999900,999900,999900,99990,270,2.1,4,4,999.0,999,9,'999999999,0,0.0000,0,88,999.000,0.0,1.0
2056/6/8,11:00,?9?9?9?9E0?9?9?9?9*9?9*9?9?9?9?9?9?9*9*_?9*9*9?9?9,36.0,22.2,45,100041,9999,9999,465,845,692,219,999900,999900,999900,99990,270,1.7,5,5,999.0,999,9,'999999999,0,0.0000,0,88,999.000,0.0,1.0
2056/6/8,12:00,?9?9?9?9E0?9?9?9?9*9?9*9?9?9?9?9?9?9*9*_?9*9*9?9?9,36.2,21.6,43,100041,9999,9999,465,919,695,242,999900,999900,999900,99990,270,1.7,5,5,999.0,999,9,'999999999,0,0.0000,0,88,999.000,0.0,1.0
2056/6/8,13:00,?9?9?9?9E0?9?9?9?9*9?9*9?9?9?9?9?9?9*9*_?9*9*9?9?9,37.3,21.4,40,100041,9999,9999,471,946,725,234,999900,999900,999900,99990,230,1.5,5,5,999.0,999,9,'999999999,0,0.0000,0,88,999.000,0.0,1.0
2056/6/8,14:00,?9?9?9?9E0?9?9?9?9*9?9*9?9?9?9?9?9?9*9*_?9*9*9?9?9,37.6,21.7,40,99941,9999,9999,474,876,706,220,999900,999900,999900,99990,230,1.5,5,5,999.0,999,9,'999999999,0,0.0000,0,88,999.000,0.0,1.0
2056/6/8,15:00,?9?9?9?9E0?9?9?9?9*9?9*9?9?9?9?9?9?9*9*_?9*9*9?9?9,38.0,21.6,39,99841,9999,9999,476,762,693,195,999900,999900,999900,99990,250,1.3,5,5,999.0,999,9,'999999999,0,0.0000,0,88,999.000,0.0,1.0
2056/6/8,16:00,?9?9?9?9E0?9?9?9?9*9?9*9?9?9?9?9?9?9*9*_?9*9*9?9?9,37.8,21.5,39,99841,9999,9999,479,554,549,193,999900,999900,999900,99990,270,1.2,6,6,999.0,999,9,'999999999,0,0.0000,0,88,999.000,0.0,1.0
2056/6/8,17:00,?9?9?9?9E0?9?9?9?9*9?9*9?9?9?9?9?9?9*9*_?9*9*9?9?9,35.7,23.0,48,99841,9999,9999,473,314,307,173,999900,999900,999900,99990,270,1.1,7,7,999.0,999,9,'999999999,0,0.0000,0,88,999.000,0.0,1.0
2056/6/8,18:00,?9?9?9?9E0?9?9?9?9*9?9*9?9?9?9?9?9?9*9*_?9*9*9?9?9,33.9,26.1,64,99841,9999,9999,467,120,121,92,999900,999900,999900,99990,90,1.4,7,7,999.0,999,9,'999999999,0,0.0000,0,88,999.000,0.0,1.0
2056/6/8,19:00,?9?9?9?9E0?9?9?9?9*9?9*9?9?9?9?9?9?9*9*_?9*9*9?9?9,32.8,27.6,74,99841,9999,9999,449,10,0,10,999900,999900,999900,99990,160,1.5,4,4,999.0,999,9,'999999999,0,0.0000,0,88,999.000,0.0,1.0
2056/6/8,20:00,?9?9?9?9E0?9?9?9?9*9?9*9?9?9?9?9?9?9*9*_?9*9*9?9?9,32.4,27.6,76,99941,9999,9999,444,0,0,0,999900,999900,999900,99990,160,1.5,3,3,999.0,999,9,'999999999,0,0.0000,0,88,999.000,0.0,1.0
2056/6/8,21:00,?9?9?9?9E0?9?9?9?9*9?9*9?9?9?9?9?9?9*9*_?9*9*9?9?9,32.3,27.5,76,100041,9999,9999,443,0,0,0,999900,999900,999900,99990,160,1.4,3,3,999.0,999,9,'999999999,0,0.0000,0,88,999.000,0.0,1.0
2056/6/8,22:00,?9?9?9?9E0?9?9?9?9*9?9*9?9?9?9?9?9?9*9*_?9*9*9?9?9,32.3,27.5,76,100041,9999,9999,466,0,0,0,999900,999900,999900,99990,150,1.8,8,8,999.0,999,9,'999999999,0,0.0000,0,88,999.000,0.0,1.0
2056/6/8,23:00,?9?9?9?9E0?9?9?9?9*9?9*9?9?9?9?9?9?9*9*_?9*9*9?9?9,32.2,28.5,81,100141,9999,9999,467,0,0,0,999900,999900,999900,99990,160,1.1,8,8,999.0,999,9,'999999999,0,0.0000,0,88,999.000,0.0,1.0
2056/6/8,24:00,?9?9?9?9E0?9?9?9?9*9?9*9?9?9?9?9?9?9*9*_?9*9*9?9?9,32.3,28.0,78,100141,9999,9999,467,0,0,0,999900,999900,999900,99990,170,0.8,8,8,999.0,999,9,'999999999,0,0.0000,0,88,999.000,0.0,1.0
2056/6/9,01:00,?9?9?9?9E0?9?9?9?9*9?9*9?9?9?9?9?9?9*9*_?9*9*9?9?9,31.8,27.7,79,100041,9999,9999,464,0,0,0,999900,999900,999900,99990,200,1.1,8,8,999.0,999,9,'999999999,0,0.0000,0,88,999.000,0.0,1.0
2056/6/9,02:00,?9?9?9?9E0?9?9?9?9*9?9*9?9?9?9?9?9?9*9*_?9*9*9?9?9,31.8,27.5,78,100041,9999,9999,451,0,0,0,999900,999900,999900,99990,210,0.7,6,6,999.0,999,9,'999999999,0,0.0000,0,88,999.000,0.0,1.0
2056/6/9,03:00,?9?9?9?9E0?9?9?9?9*9?9*9?9?9?9?9?9?9*9*_?9*9*9?9?9,31.1,27.3,80,100041,9999,9999,439,0,0,0,999900,999900,999900,99990,220,0.5,4,4,999.0,999,9,'999999999,0,0.0000,0,88,999.000,0.0,1.0
2056/6/9,04:00,?9?9?9?9E0?9?9?9?9*9?9*9?9?9?9?9?9?9*9*_?9*9*9?9?9,30.4,26.8,81,100041,9999,9999,447,0,0,0,999900,999900,999900,99990,240,0.4,7,7,999.0,999,9,'999999999,0,0.0000,0,88,999.000,0.0,1.0
2056/6/9,05:00,?9?9?9?9E0?9?9?9?9*9?9*9?9?9?9?9?9?9*9*_?9*9*9?9?9,30.3,26.9,82,100041,9999,9999,437,0,0,0,999900,999900,999900,99990,230,0.7,5,5,999.0,999,9,'999999999,0,0.0000,0,88,999.000,0.0,1.0
2056/6/9,06:00,?9?9?9?9E0?9?9?9?9*9?9*9?9?9?9?9?9?9*9*_?9*9*9?9?9,30.1,26.7,82,100041,9999,9999,436,2,0,2,999900,999900,999900,99990,230,0.7,5,5,999.0,999,9,'999999999,0,0.0000,0,88,999.000,0.0,1.0
2056/6/9,07:00,?9?9?9?9E0?9?9?9?9*9?9*9?9?9?9?9?9?9*9*_?9*9*9?9?9,31.8,24.2,64,100141,9999,9999,439,101,177,70,999900,999900,999900,99990,230,1.3,4,4,999.0,999,9,'999999999,0,0.0000,0,88,999.000,0.0,1.0
2056/6/9,08:00,?9?9?9?9E0?9?9?9?9*9?9*9?9?9?9?9?9?9*9*_?9*9*9?9?9,32.8,24.0,60,100141,9999,9999,448,299,397,139,999900,999900,999900,99990,240,1.2,5,5,999.0,999,9,'999999999,0,0.0000,0,88,999.000,0.0,1.0
2056/6/9,09:00,?9?9?9?9E0?9?9?9?9*9?9*9?9?9?9?9?9?9*9*_?9*9*9?9?9,34.8,23.5,52,100241,9999,9999,459,523,582,169,999900,999900,999900,99990,240,1.5,5,5,999.0,999,9,'999999999,0,0.0000,0,88,999.000,0.0,1.0
2056/6/9,10:00,?9?9?9?9E0?9?9?9?9*9?9*9?9?9?9?9?9?9*9*_?9*9*9?9?9,36.0,22.6,46,100241,9999,9999,465,720,682,188,999900,999900,999900,99990,240,1.7,5,5,999.0,999,9,'999999999,0,0.0000,0,88,999.000,0.0,1.0
2056/6/9,11:00,?9?9?9?9E0?9?9?9?9*9?9*9?9?9?9?9?9?9*9*_?9*9*9?9?9,36.9,21.9,42,100141,9999,9999,470,852,704,215,999900,999900,999900,99990,250,1.8,5,5,999.0,999,9,'999999999,0,0.0000,0,88,999.000,0.0,1.0
2056/6/9,12:00,?9?9?9?9E0?9?9?9?9*9?9*9?9?9?9?9?9?9*9*_?9*9*9?9?9,37.5,21.6,40,100141,9999,9999,473,926,709,236,999900,999900,999900,99990,270,1.8,5,5,999.0,999,9,'999999999,0,0.0000,0,88,999.000,0.0,1.0
2056/6/9,13:00,?9?9?9?9E0?9?9?9?9*9?9*9?9?9?9?9?9?9*9*_?9*9*9?9?9,38.2,21.8,39,100141,9999,9999,477,951,735,230,999900,999900,999900,99990,260,1.5,5,5,999.0,999,9,'999999999,0,0.0000,0,88,999.000,0.0,1.0
2056/6/9,14:00,?9?9?9?9E0?9?9?9?9*9?9*9?9?9?9?9?9?9*9*_?9*9*9?9?9,38.9,20.7,35,99941,9999,9999,480,886,725,213,999900,999900,999900,99990,260,0.9,5,5,999.0,999,9,'999999999,0,0.0000,0,88,999.000,0.0,1.0
2056/6/9,15:00,?9?9?9?9E0?9?9?9?9*9?9*9?9?9?9?9?9?9*9*_?9*9*9?9?9,39.2,20.5,34,99941,9999,9999,482,774,713,190,999900,999900,999900,99990,210,0.3,5,5,999.0,999,9,'999999999,0,0.0000,0,88,999.000,0.0,1.0
2056/6/9,16:00,?9?9?9?9E0?9?9?9?9*9?9*9?9?9?9?9?9?9*9*_?9*9*9?9?9,35.5,26.3,59,99841,9999,9999,471,522,470,212,999900,999900,999900,99990,270,1.3,6,6,999.0,999,9,'999999999,0,0.0000,0,88,999.000,0.0,1.0
2056/6/9,17:00,?9?9?9?9E0?9?9?9?9*9?9*9?9?9?9?9?9?9*9*_?9*9*9?9?9,34.7,25.2,58,99841,9999,9999,471,306,277,178,999900,999900,999900,99990,140,1.7,7,7,999.0,999,9,'999999999,0,0.0000,0,88,999.000,0.0,1.0
2056/6/9,18:00,?9?9?9?9E0?9?9?9?9*9?9*9?9?9?9?9?9?9*9*_?9*9*9?9?9,33.8,28.3,73,99841,9999,9999,469,116,97,93,999900,999900,999900,99990,140,1.5,7,7,999.0,999,9,'999999999,0,0.0000,0,88,999.000,0.0,1.0
2056/6/9,19:00,?9?9?9?9E0?9?9?9?9*9?9*9?9?9?9?9?9?9*9*_?9*9*9?9?9,33.2,28.2,75,99841,9999,9999,473,2,0,2,999900,999900,999900,99990,160,1.4,8,8,999.0,999,9,'999999999,0,0.0000,0,88,999.000,0.0,1.0
2056/6/9,20:00,?9?9?9?9E0?9?9?9?9*9?9*9?9?9?9?9?9?9*9*_?9*9*9?9?9,33.1,28.1,75,99941,9999,9999,472,0,0,0,999900,999900,999900,99990,160,1.3,8,8,999.0,999,9,'999999999,0,0.0000,0,88,999.000,0.0,1.0
2056/6/9,21:00,?9?9?9?9E0?9?9?9?9*9?9*9?9?9?9?9?9?9*9*_?9*9*9?9?9,33.0,27.8,74,100041,9999,9999,471,0,0,0,999900,999900,999900,99990,140,0.9,8,8,999.0,999,9,'999999999,0,0.0000,0,88,999.000,0.0,1.0
2056/6/9,22:00,?9?9?9?9E0?9?9?9?9*9?9*9?9?9?9?9?9?9*9*_?9*9*9?9?9,33.0,27.8,74,100041,9999,9999,471,0,0,0,999900,999900,999900,99990,230,1.2,8,8,999.0,999,9,'999999999,0,0.0000,0,88,999.000,0.0,1.0
2056/6/9,23:00,?9?9?9?9E0?9?9?9?9*9?9*9?9?9?9?9?9?9*9*_?9*9*9?9?9,33.0,28.0,75,100141,9999,9999,471,0,0,0,999900,999900,999900,99990,160,1.2,8,8,999.0,999,9,'999999999,0,0.0000,0,88,999.000,0.0,1.0
2056/6/9,24:00,?9?9?9?9E0?9?9?9?9*9?9*9?9?9?9?9?9?9*9*_?9*9*9?9?9,32.7,27.7,75,100041,9999,9999,469,0,0,0,999900,999900,999900,99990,170,1.1,8,8,999.0,999,9,'999999999,0,0.0000,0,88,999.000,0.0,1.0
2056/6/10,01:00,?9?9?9?9E0?9?9?9?9*9?9*9?9?9?9?9?9?9*9*_?9*9*9?9?9,32.4,27.4,75,100041,9999,9999,460,0,0,0,999900,999900,999900,99990,180,0.6,7,7,999.0,999,9,'999999999,0,0.0000,0,88,999.000,0.0,1.0
2056/6/10,02:00,?9?9?9?9E0?9?9?9?9*9?9*9?9?9?9?9?9?9*9*_?9*9*9?9?9,32.0,27.0,75,100041,9999,9999,457,0,0,0,999900,999900,999900,99990,180,0.7,7,7,999.0,999,9,'999999999,0,0.0000,0,88,999.000,0.0,1.0
2056/6/10,03:00,?9?9?9?9E0?9?9?9?9*9?9*9?9?9?9?9?9?9*9*_?9*9*9?9?9,32.0,26.6,73,100041,9999,9999,451,0,0,0,999900,999900,999900,99990,230,1.1,6,6,999.0,999,9,'999999999,0,0.0000,0,88,999.000,0.0,1.0
2056/6/10,04:00,?9?9?9?9E0?9?9?9?9*9?9*9?9?9?9?9?9?9*9*_?9*9*9?9?9,32.4,25.7,68,100041,9999,9999,448,0,0,0,999900,999900,999900,99990,230,1.3,5,5,999.0,999,9,'999999999,0,0.0000,0,88,999.000,0.0,1.0
2056/6/10,05:00,?9?9?9?9E0?9?9?9?9*9?9*9?9?9?9?9?9?9*9*_?9*9*9?9?9,32.5,24.0,61,100041,9999,9999,446,0,0,0,999900,999900,999900,99990,230,1.2,5,5,999.0,999,9,'999999999,0,0.0000,0,88,999.000,0.0,1.0
2056/6/10,06:00,?9?9?9?9E0?9?9?9?9*9?9*9?9?9?9?9?9?9*9*_?9*9*9?9?9,32.4,23.1,58,100041,9999,9999,445,2,0,2,999900,999900,999900,99990,270,1.0,5,5,999.0,999,9,'999999999,0,0.0000,0,88,999.000,0.0,1.0
2056/6/10,07:00,?9?9?9?9E0?9?9?9?9*9?9*9?9?9?9?9?9?9*9*_?9*9*9?9?9,32.4,23.4,59,100141,9999,9999,445,98,120,77,999900,999900,999900,99990,230,1.1,5,5,999.0,999,9,'999999999,0,0.0000,0,88,999.000,0.0,1.0
2056/6/10,08:00,?9?9?9?9E0?9?9?9?9*9?9*9?9?9?9?9?9?9*9*_?9*9*9?9?9,33.2,23.8,58,100241,9999,9999,450,306,337,171,999900,999900,999900,99990,230,1.5,5,5,999.0,999,9,'999999999,0,0.0000,0,88,999.000,0.0,1.0
2056/6/10,09:00,?9?9?9?9E0?9?9?9?9*9?9*9?9?9?9?9?9?9*9*_?9*9*9?9?9,34.2,23.9,55,100341,9999,9999,466,457,312,267,999900,999900,999900,99990,250,1.9,7,7,999.0,999,9,'999999999,0,0.0000,0,88,999.000,0.0,1.0
2056/6/10,10:00,?9?9?9?9E0?9?9?9?9*9?9*9?9?9?9?9?9?9*9*_?9*9*9?9?9,34.5,23.9,54,100341,9999,9999,485,490,162,363,999900,999900,999900,99990,270,1.6,9,9,999.0,999,9,'999999999,0,0.0000,0,88,999.000,0.0,1.0
2056/6/10,11:00,?9?9?9?9E0?9?9?9?9*9?9*9?9?9?9?9?9?9*9*_?9*9*9?9?9,34.6,23.9,54,100341,9999,9999,486,575,151,438,999900,999900,999900,99990,240,1.7,9,9,999.0,999,9,'999999999,0,0.0000,0,88,999.000,0.0,1.0
2056/6/10,12:00,?9?9?9?9E0?9?9?9?9*9?9*9?9?9?9?9?9?9*9*_?9*9*9?9?9,34.6,23.9,54,100241,9999,9999,486,618,138,484,999900,999900,999900,99990,250,1.2,9,9,999.0,999,9,'999999999,0,0.0000,0,88,999.000,0.0,1.0
2056/6/10,13:00,?9?9?9?9E0?9?9?9?9*9?9*9?9?9?9?9?9?9*9*_?9*9*9?9?9,34.9,24.2,54,100141,9999,9999,502,540,83,459,999900,999900,999900,99990,270,1.5,10,10,999.0,999,9,'999999999,0,0.0000,0,88,999.000,0.0,1.0
2056/6/10,14:00,?9?9?9?9E0?9?9?9?9*9?9*9?9?9?9?9?9?9*9*_?9*9*9?9?9,35.5,24.1,52,100141,9999,9999,506,506,82,430,999900,999900,999900,99990,270,5.1,10,10,999.0,999,9,'999999999,0,0.0000,0,88,999.000,0.0,1.0
2056/6/10,15:00,?9?9?9?9E0?9?9?9?9*9?9*9?9?9?9?9?9?9*9*_?9*9*9?9?9,35.6,23.6,50,100241,9999,9999,506,426,75,365,999900,999900,999900,99990,250,1.3,10,10,999.0,999,9,'999999999,0,0.0000,0,88,999.000,0.0,1.0
2056/6/10,16:00,?9?9?9?9E0?9?9?9?9*9?9*9?9?9?9?9?9?9*9*_?9*9*9?9?9,35.5,23.8,51,100141,9999,9999,505,311,57,273,999900,999900,999900,99990,220,0.8,10,10,999.0,999,9,'999999999,0,0.0000,0,88,999.000,0.0,1.0
2056/6/10,17:00,?9?9?9?9E0?9?9?9?9*9?9*9?9?9?9?9?9?9*9*_?9*9*9?9?9,35.2,23.2,50,100041,9999,9999,502,185,35,169,999900,999900,999900,99990,220,0.5,10,10,999.0,999,9,'999999999,0,0.0000,0,88,999.000,0.0,1.0
2056/6/10,18:00,?9?9?9?9E0?9?9?9?9*9?9*9?9?9?9?9?9?9*9*_?9*9*9?9?9,34.2,26.2,63,99941,9999,9999,500,55,9,53,999900,999900,999900,99990,200,0.9,10,10,999.0,999,9,'999999999,0,0.0000,0,88,999.000,0.0,1.0
2056/6/10,19:00,?9?9?9?9E0?9?9?9?9*9?9*9?9?9?9?9?9?9*9*_?9*9*9?9?9,33.2,27.0,70,100041,9999,9999,481,2,0,2,999900,999900,999900,99990,150,0.9,9,9,999.0,999,9,'999999999,0,0.0000,0,88,999.000,0.0,1.0
2056/6/10,20:00,?9?9?9?9E0?9?9?9?9*9?9*9?9?9?9?9?9?9*9*_?9*9*9?9?9,32.6,28.5,79,100041,9999,9999,480,0,0,0,999900,999900,999900,99990,140,1.1,9,9,999.0,999,9,'999999999,0,0.0000,0,88,999.000,0.0,1.0
2056/6/10,21:00,?9?9?9?9E0?9?9?9?9*9?9*9?9?9?9?9?9?9*9*_?9*9*9?9?9,32.2,29.6,86,100141,9999,9999,479,0,0,0,999900,999900,999900,99990,90,1.5,9,9,999.0,999,9,'999999999,0,0.0000,0,88,999.000,0.0,1.0
2056/6/10,22:00,?9?9?9?9E0?9?9?9?9*9?9*9?9?9?9?9?9?9*9*_?9*9*9?9?9,32.2,29.6,86,100141,9999,9999,469,0,0,0,999900,999900,999900,99990,170,1.1,8,8,999.0,999,9,'999999999,0,0.0000,0,88,999.000,0.0,1.0
2056/6/10,23:00,?9?9?9?9E0?9?9?9?9*9?9*9?9?9?9?9?9?9*9*_?9*9*9?9?9,32.2,29.4,85,100141,9999,9999,456,0,0,0,999900,999900,999900,99990,180,0.9,6,6,999.0,999,9,'999999999,0,0.0000,0,88,999.000,0.0,1.0
2056/6/10,24:00,?9?9?9?9E0?9?9?9?9*9?9*9?9?9?9?9?9?9*9*_?9*9*9?9?9,32.0,29.2,85,100041,9999,9999,447,0,0,0,999900,999900,999900,99990,180,0.6,4,4,999.0,999,9,'999999999,0,0.0000,0,88,999.000,0.0,1.0
2056/6/11,01:00,?9?9?9?9E0?9?9?9?9*9?9*9?9?9?9?9?9?9*9*_?9*9*9?9?9,31.8,29.0,85,100041,9999,9999,445,0,0,0,999900,999900,999900,99990,180,0.8,4,4,999.0,999,9,'999999999,0,0.0000,0,88,999.000,0.0,1.0
2056/6/11,02:00,?9?9?9?9E0?9?9?9?9*9?9*9?9?9?9?9?9?9*9*_?9*9*9?9?9,31.4,28.6,85,100041,9999,9999,443,0,0,0,999900,999900,999900,99990,180,0.7,4,4,999.0,999,9,'999999999,0,0.0000,0,88,999.000,0.0,1.0
2056/6/11,03:00,?9?9?9?9E0?9?9?9?9*9?9*9?9?9?9?9?9?9*9*_?9*9*9?9?9,31.4,27.8,81,100041,9999,9999,442,0,0,0,999900,999900,999900,99990,180,0.5,4,4,999.0,999,9,'999999999,0,0.0000,0,88,999.000,0.0,1.0
2056/6/11,04:00,?9?9?9?9E0?9?9?9?9*9?9*9?9?9?9?9?9?9*9*_?9*9*9?9?9,30.9,27.5,82,100041,9999,9999,438,0,0,0,999900,999900,999900,99990,230,0.6,4,4,999.0,999,9,'999999999,0,0.0000,0,88,999.000,0.0,1.0
2056/6/11,05:00,?9?9?9?9E0?9?9?9?9*9?9*9?9?9?9?9?9?9*9*_?9*9*9?9?9,30.3,26.9,82,100041,9999,9999,437,0,0,0,999900,999900,999900,99990,230,0.5,5,5,999.0,999,9,'999999999,0,0.0000,0,88,999.000,0.0,1.0
2056/6/11,06:00,?9?9?9?9E0?9?9?9?9*9?9*9?9?9?9?9?9?9*9*_?9*9*9?9?9,30.5,27.1,82,100141,9999,9999,436,2,0,2,999900,999900,999900,99990,230,0.7,4,4,999.0,999,9,'999999999,0,0.0000,0,88,999.000,0.0,1.0
2056/6/11,07:00,?9?9?9?9E0?9?9?9?9*9?9*9?9?9?9?9?9?9*9*_?9*9*9?9?9,30.5,27.1,82,100141,9999,9999,455,49,14,47,999900,999900,999900,99990,220,0.7,8,8,999.0,999,9,'999999999,0,0.0000,0,88,999.000,0.0,1.0
2056/6/11,08:00,?9?9?9?9E0?9?9?9?9*9?9*9?9?9?9?9?9?9*9*_?9*9*9?9?9,31.3,26.6,76,100241,9999,9999,482,128,18,121,999900,999900,999900,99990,220,1.5,10,10,999.0,999,9,'999999999,0,0.0000,0,88,999.000,0.0,1.0
2056/6/11,09:00,?9?9?9?9E0?9?9?9?9*9?9*9?9?9?9?9?9?9*9*_?9*9*9?9?9,32.3,26.1,70,100241,9999,9999,488,264,43,238,999900,999900,999900,99990,210,0.9,10,10,999.0,999,9,'999999999,0,0.0000,0,88,999.000,0.0,1.0
2056/6/11,10:00,?9?9?9?9E0?9?9?9?9*9?9*9?9?9?9?9?9?9*9*_?9*9*9?9?9,32.9,26.0,67,100241,9999,9999,478,450,104,369,999900,999900,999900,99990,230,1.0,9,9,999.0,999,9,'999999999,0,0.0000,0,88,999.000,0.0,1.0
2056/6/11,11:00,?9?9?9?9E0?9?9?9?9*9?9*9?9?9?9?9?9?9*9*_?9*9*9?9?9,33.7,25.7,63,100241,9999,9999,483,538,115,434,999900,999900,999900,99990,230,0.9,9,9,999.0,999,9,'999999999,0,0.0000,0,88,999.000,0.0,1.0
2056/6/11,12:00,?9?9?9?9E0?9?9?9?9*9?9*9?9?9?9?9?9?9*9*_?9*9*9?9?9,34.7,24.6,56,100141,9999,9999,487,600,123,480,999900,999900,999900,99990,250,1.7,9,9,999.0,999,9,'999999999,0,0.0000,0,88,999.000,0.0,1.0
2056/6/11,13:00,?9?9?9?9E0?9?9?9?9*9?9*9?9?9?9?9?9?9*9*_?9*9*9?9?9,35.6,25.5,56,100141,9999,9999,494,611,126,487,999900,999900,999900,99990,250,0.7,9,9,999.0,999,9,'999999999,0,0.0000,0,88,999.000,0.0,1.0
2056/6/11,14:00,?9?9?9?9E0?9?9?9?9*9?9*9?9?9?9?9?9?9*9*_?9*9*9?9?9,36.3,25.8,55,100041,9999,9999,499,561,120,449,999900,999900,999900,99990,250,1.1,9,9,999.0,999,9,'999999999,0,0.0000,0,88,999.000,0.0,1.0
2056/6/11,15:00,?9?9?9?9E0?9?9?9?9*9?9*9?9?9?9?9?9?9*9*_?9*9*9?9?9,36.7,25.9,54,99941,9999,9999,502,490,123,389,999900,999900,999900,99990,230,1.1,9,9,999.0,999,9,'999999999,0,0.0000,0,88,999.000,0.0,1.0
2056/6/11,16:00,?9?9?9?9E0?9?9?9?9*9?9*9?9?9?9?9?9?9*9*_?9*9*9?9?9,36.7,25.6,53,99941,9999,9999,502,371,105,301,999900,999900,999900,99990,190,1.3,9,9,999.0,999,9,'999999999,0,0.0000,0,88,999.000,0.0,1.0
2056/6/11,17:00,?9?9?9?9E0?9?9?9?9*9?9*9?9?9?9?9?9?9*9*_?9*9*9?9?9,36.2,24.5,51,99941,9999,9999,497,231,73,197,999900,999900,999900,99990,190,1.5,9,9,999.0,999,9,'999999999,0,0.0000,0,88,999.000,0.0,1.0
2056/6/11,18:00,?9?9?9?9E0?9?9?9?9*9?9*9?9?9?9?9?9?9*9*_?9*9*9?9?9,35.5,24.1,52,99941,9999,9999,492,89,29,82,999900,999900,999900,99990,200,0.7,9,9,999.0,999,9,'999999999,0,0.0000,0,88,999.000,0.0,1.0
2056/6/11,19:00,?9?9?9?9E0?9?9?9?9*9?9*9?9?9?9?9?9?9*9*_?9*9*9?9?9,35.0,26.9,63,99941,9999,9999,482,4,0,4,999900,999900,999900,99990,180,0.4,8,8,999.0,999,9,'999999999,0,0.0000,0,88,999.000,0.0,1.0
2056/6/11,20:00,?9?9?9?9E0?9?9?9?9*9?9*9?9?9?9?9?9?9*9*_?9*9*9?9?9,34.0,24.0,56,100041,9999,9999,472,0,0,0,999900,999900,999900,99990,180,1.1,8,8,999.0,999,9,'999999999,0,0.0000,0,88,999.000,0.0,1.0
2056/6/11,21:00,?9?9?9?9E0?9?9?9?9*9?9*9?9?9?9?9?9?9*9*_?9*9*9?9?9,33.6,23.6,56,100041,9999,9999,469,0,0,0,999900,999900,999900,99990,190,1.7,8,8,999.0,999,9,'999999999,0,0.0000,0,88,999.000,0.0,1.0
2056/6/11,22:00,?9?9?9?9E0?9?9?9?9*9?9*9?9?9?9?9?9?9*9*_?9*9*9?9?9,33.2,23.5,57,100141,9999,9999,466,0,0,0,999900,999900,999900,99990,200,1.5,8,8,999.0,999,9,'999999999,0,0.0000,0,88,999.000,0.0,1.0
2056/6/11,23:00,?9?9?9?9E0?9?9?9?9*9?9*9?9?9?9?9?9?9*9*_?9*9*9?9?9,32.8,23.5,58,100141,9999,9999,464,0,0,0,999900,999900,999900,99990,200,2.3,8,8,999.0,999,9,'999999999,0,0.0000,0,88,999.000,0.0,1.0
2056/6/11,24:00,?9?9?9?9E0?9?9?9?9*9?9*9?9?9?9?9?9?9*9*_?9*9*9?9?9,32.6,23.8,60,100241,9999,9999,463,0,0,0,999900,999900,999900,99990,230,1.4,8,8,999.0,999,9,'999999999,0,0.0000,0,88,999.000,0.0,1.0
2056/6/12,01:00,?9?9?9?9E0?9?9?9?9*9?9*9?9?9?9?9?9?9*9*_?9*9*9?9?9,32.1,24.7,65,100141,9999,9999,471,0,0,0,999900,999900,999900,99990,230,0.9,9,9,999.0,999,9,'999999999,0,0.0000,0,88,999.000,0.0,1.0
2056/6/12,02:00,?9?9?9?9E0?9?9?9?9*9?9*9?9?9?9?9?9?9*9*_?9*9*9?9?9,31.8,24.7,66,100141,9999,9999,469,0,0,0,999900,999900,999900,99990,230,0.8,9,9,999.0,999,9,'999999999,0,0.0000,0,88,999.000,0.0,1.0
2056/6/12,03:00,?9?9?9?9E0?9?9?9?9*9?9*9?9?9?9?9?9?9*9*_?9*9*9?9?9,31.5,25.1,69,100141,9999,9999,468,0,0,0,999900,999900,999900,99990,230,0.7,9,9,999.0,999,9,'999999999,0,0.0000,0,88,999.000,0.0,1.0
2056/6/12,04:00,?9?9?9?9E0?9?9?9?9*9?9*9?9?9?9?9?9?9*9*_?9*9*9?9?9,31.3,24.9,69,100141,9999,9999,467,0,0,0,999900,999900,999900,99990,210,0.7,9,9,999.0,999,9,'999999999,0,0.0000,0,88,999.000,0.0,1.0
2056/6/12,05:00,?9?9?9?9E0?9?9?9?9*9?9*9?9?9?9?9?9?9*9*_?9*9*9?9?9,30.8,25.6,74,100141,9999,9999,465,0,0,0,999900,999900,999900,99990,210,0.1,9,9,999.0,999,9,'999999999,0,0.0000,0,88,999.000,0.0,1.0
2056/6/12,06:00,?9?9?9?9E0?9?9?9?9*9?9*9?9?9?9?9?9?9*9*_?9*9*9?9?9,30.6,24.8,71,100241,9999,9999,462,2,0,2,999900,999900,999900,99990,210,0.3,9,9,999.0,999,9,'999999999,0,0.0000,0,88,999.000,0.0,1.0
2056/6/12,07:00,?9?9?9?9E0?9?9?9?9*9?9*9?9?9?9?9?9?9*9*_?9*9*9?9?9,30.8,24.7,70,100341,9999,9999,476,25,4,24,999900,999900,999900,99990,210,0.7,10,10,999.0,999,9,'999999999,0,0.0000,0,88,999.000,0.0,1.0
2056/6/12,08:00,?9?9?9?9E0?9?9?9?9*9?9*9?9?9?9?9?9?9*9*_?9*9*9?9?9,31.2,25.1,70,100341,9999,9999,480,136,21,128,999900,999900,999900,99990,210,0.5,10,10,999.0,999,9,'999999999,0,0.0000,0,88,999.000,0.0,1.0
2056/6/12,09:00,?9?9?9?9E0?9?9?9?9*9?9*9?9?9?9?9?9?9*9*_?9*9*9?9?9,31.9,23.7,62,100341,9999,9999,482,283,55,250,999900,999900,999900,99990,230,1.5,10,10,999.0,999,9,'999999999,0,0.0000,0,88,999.000,0.0,1.0
2056/6/12,10:00,?9?9?9?9E0?9?9?9?9*9?9*9?9?9?9?9?9?9*9*_?9*9*9?9?9,32.6,23.6,59,100341,9999,9999,473,476,130,375,999900,999900,999900,99990,230,1.2,9,9,999.0,999,9,'999999999,0,0.0000,0,88,999.000,0.0,1.0
2056/6/12,11:00,?9?9?9?9E0?9?9?9?9*9?9*9?9?9?9?9?9?9*9*_?9*9*9?9?9,33.3,23.0,55,100241,9999,9999,476,568,142,440,999900,999900,999900,99990,220,1.4,9,9,999.0,999,9,'999999999,0,0.0000,0,88,999.000,0.0,1.0
2056/6/12,12:00,?9?9?9?9E0?9?9?9?9*9?9*9?9?9?9?9?9?9*9*_?9*9*9?9?9,35.1,23.5,51,100241,9999,9999,488,611,135,480,999900,999900,999900,99990,210,1.5,9,9,999.0,999,9,'999999999,0,0.0000,0,88,999.000,0.0,1.0
2056/6/12,13:00,?9?9?9?9E0?9?9?9?9*9?9*9?9?9?9?9?9?9*9*_?9*9*9?9?9,35.9,23.5,49,100141,9999,9999,493,636,148,490,999900,999900,999900,99990,250,1.7,9,9,999.0,999,9,'999999999,0,0.0000,0,88,999.000,0.0,1.0
2056/6/12,14:00,?9?9?9?9E0?9?9?9?9*9?9*9?9?9?9?9?9?9*9*_?9*9*9?9?9,36.8,22.9,45,100141,9999,9999,498,589,146,453,999900,999900,999900,99990,240,1.6,9,9,999.0,999,9,'999999999,0,0.0000,0,88,999.000,0.0,1.0
2056/6/12,15:00,?9?9?9?9E0?9?9?9?9*9?9*9?9?9?9?9?9?9*9*_?9*9*9?9?9,37.0,23.1,45,100041,9999,9999,500,517,146,397,999900,999900,999900,99990,230,1.3,9,9,999.0,999,9,'999999999,0,0.0000,0,88,999.000,0.0,1.0
2056/6/12,16:00,?9?9?9?9E0?9?9?9?9*9?9*9?9?9?9?9?9?9*9*_?9*9*9?9?9,37.1,22.4,43,100241,9999,9999,514,328,69,283,999900,999900,999900,99990,230,0.9,10,10,999.0,999,9,'999999999,0,0.0000,0,88,999.000,0.0,1.0
2056/6/12,17:00,?9?9?9?9E0?9?9?9?9*9?9*9?9?9?9?9?9?9*9*_?9*9*9?9?9,34.5,24.8,57,100041,9999,9999,500,181,32,166,999900,999900,999900,99990,230,1.2,10,10,999.0,999,9,'999999999,0,0.0000,0,88,999.000,0.0,1.0
2056/6/12,18:00,?9?9?9?9E0?9?9?9?9*9?9*9?9?9?9?9?9?9*9*_?9*9*9?9?9,33.4,26.2,66,100041,9999,9999,495,58,10,56,999900,999900,999900,99990,180,1.4,10,10,999.0,999,9,'999999999,0,0.0000,0,88,999.000,0.0,1.0
2056/6/12,19:00,?9?9?9?9E0?9?9?9?9*9?9*9?9?9?9?9?9?9*9*_?9*9*9?9?9,32.8,26.9,71,100141,9999,9999,461,7,0,7,999900,999900,999900,99990,160,1.1,7,7,999.0,999,9,'999999999,0,0.0000,0,88,999.000,0.0,1.0
2056/6/12,20:00,?9?9?9?9E0?9?9?9?9*9?9*9?9?9?9?9?9?9*9*_?9*9*9?9?9,32.4,27.4,75,100141,9999,9999,443,0,0,0,999900,999900,999900,99990,160,1.5,3,3,999.0,999,9,'999999999,0,0.0000,0,88,999.000,0.0,1.0
2056/6/12,21:00,?9?9?9?9E0?9?9?9?9*9?9*9?9?9?9?9?9?9*9*_?9*9*9?9?9,32.2,27.4,76,100141,9999,9999,466,0,0,0,999900,999900,999900,99990,180,1.5,8,8,999.0,999,9,'999999999,0,0.0000,0,88,999.000,0.0,1.0
2056/6/12,22:00,?9?9?9?9E0?9?9?9?9*9?9*9?9?9?9?9?9?9*9*_?9*9*9?9?9,32.2,27.4,76,100241,9999,9999,449,0,0,0,999900,999900,999900,99990,230,1.0,5,5,999.0,999,9,'999999999,0,0.0000,0,88,999.000,0.0,1.0
2056/6/12,23:00,?9?9?9?9E0?9?9?9?9*9?9*9?9?9?9?9?9?9*9*_?9*9*9?9?9,32.4,26.7,72,100241,9999,9999,459,0,0,0,999900,999900,999900,99990,230,1.1,7,7,999.0,999,9,'999999999,0,0.0000,0,88,999.000,0.0,1.0
2056/6/12,24:00,?9?9?9?9E0?9?9?9?9*9?9*9?9?9?9?9?9?9*9*_?9*9*9?9?9,32.3,26.4,71,100241,9999,9999,475,0,0,0,999900,999900,999900,99990,180,1.3,9,9,999.0,999,9,'999999999,0,0.0000,0,88,999.000,0.0,1.0
2056/6/13,01:00,?9?9?9?9E0?9?9?9?9*9?9*9?9?9?9?9?9?9*9*_?9*9*9?9?9,32.4,25.0,65,100241,9999,9999,474,0,0,0,999900,999900,999900,99990,190,2.0,9,9,999.0,999,9,'999999999,0,0.0000,0,88,999.000,0.0,1.0
2056/6/13,02:00,?9?9?9?9E0?9?9?9?9*9?9*9?9?9?9?9?9?9*9*_?9*9*9?9?9,32.3,24.1,62,100241,9999,9999,454,0,0,0,999900,999900,999900,99990,190,1.2,7,7,999.0,999,9,'999999999,0,0.0000,0,88,999.000,0.0,1.0
2056/6/13,03:00,?9?9?9?9E0?9?9?9?9*9?9*9?9?9?9?9?9?9*9*_?9*9*9?9?9,31.7,24.6,66,100241,9999,9999,446,0,0,0,999900,999900,999900,99990,180,1.2,6,6,999.0,999,9,'999999999,0,0.0000,0,88,999.000,0.0,1.0
2056/6/13,04:00,?9?9?9?9E0?9?9?9?9*9?9*9?9?9?9?9?9?9*9*_?9*9*9?9?9,31.6,24.2,65,100241,9999,9999,441,0,0,0,999900,999900,999900,99990,230,0.8,5,5,999.0,999,9,'999999999,0,0.0000,0,88,999.000,0.0,1.0
2056/6/13,05:00,?9?9?9?9E0?9?9?9?9*9?9*9?9?9?9?9?9?9*9*_?9*9*9?9?9,31.3,23.9,65,100241,9999,9999,443,0,0,0,999900,999900,999900,99990,230,0.7,6,6,999.0,999,9,'999999999,0,0.0000,0,88,999.000,0.0,1.0
2056/6/13,06:00,?9?9?9?9E0?9?9?9?9*9?9*9?9?9?9?9?9?9*9*_?9*9*9?9?9,30.9,23.8,66,100341,9999,9999,453,1,0,1,999900,999900,999900,99990,230,0.3,8,8,999.0,999,9,'999999999,0,0.0000,0,88,999.000,0.0,1.0
2056/6/13,07:00,?9?9?9?9E0?9?9?9?9*9?9*9?9?9?9?9?9?9*9*_?9*9*9?9?9,31.0,24.4,68,100341,9999,9999,477,26,4,25,999900,999900,999900,99990,230,0.8,10,10,999.0,999,9,'999999999,0,0.0000,0,88,999.000,0.0,1.0
2056/6/13,08:00,?9?9?9?9E0?9?9?9?9*9?9*9?9?9?9?9?9?9*9*_?9*9*9?9?9,32.1,23.9,62,100441,9999,9999,483,147,26,137,999900,999900,999900,99990,230,1.2,10,10,999.0,999,9,'999999999,0,0.0000,0,88,999.000,0.0,1.0
2056/6/13,09:00,?9?9?9?9E0?9?9?9?9*9?9*9?9?9?9?9?9?9*9*_?9*9*9?9?9,33.4,25.1,62,100441,9999,9999,494,278,54,245,999900,999900,999900,99990,180,1.4,10,10,999.0,999,9,'999999999,0,0.0000,0,88,999.000,0.0,1.0
2056/6/13,10:00,?9?9?9?9E0?9?9?9?9*9?9*9?9?9?9?9?9?9*9*_?9*9*9?9?9,33.9,24.2,57,100441,9999,9999,482,475,132,372,999900,999900,999900,99990,180,1.3,9,9,999.0,999,9,'999999999,0,0.0000,0,88,999.000,0.0,1.0
2056/6/13,11:00,?9?9?9?9E0?9?9?9?9*9?9*9?9?9?9?9?9?9*9*_?9*9*9?9?9,34.8,24.7,56,100441,9999,9999,488,561,141,434,999900,999900,999900,99990,210,1.7,9,9,999.0,999,9,'999999999,0,0.0000,0,88,999.000,0.0,1.0
2056/6/13,12:00,?9?9?9?9E0?9?9?9?9*9?9*9?9?9?9?9?9?9*9*_?9*9*9?9?9,35.4,22.7,48,100441,9999,9999,489,630,155,480,999900,999900,999900,99990,230,1.7,9,9,999.0,999,9,'999999999,0,0.0000,0,88,999.000,0.0,1.0
2056/6/13,13:00,?9?9?9?9E0?9?9?9?9*9?9*9?9?9?9?9?9?9*9*_?9*9*9?9?9,35.3,22.6,48,100341,9999,9999,488,651,167,488,999900,999900,999900,99990,220,1.8,9,9,999.0,999,9,'999999999,0,0.0000,0,88,999.000,0.0,1.0
2056/6/13,14:00,?9?9?9?9E0?9?9?9?9*9?9*9?9?9?9?9?9?9*9*_?9*9*9?9?9,36.3,23.5,48,100241,9999,9999,496,593,155,449,999900,999900,999900,99990,220,1.9,9,9,999.0,999,9,'999999999,0,0.0000,0,88,999.000,0.0,1.0
2056/6/13,15:00,?9?9?9?9E0?9?9?9?9*9?9*9?9?9?9?9?9?9*9*_?9*9*9?9?9,36.4,22.9,46,100241,9999,9999,496,522,161,390,999900,999900,999900,99990,210,2.1,9,9,999.0,999,9,'999999999,0,0.0000,0,88,999.000,0.0,1.0
2056/6/13,16:00,?9?9?9?9E0?9?9?9?9*9?9*9?9?9?9?9?9?9*9*_?9*9*9?9?9,36.6,23.1,46,100141,9999,9999,497,390,131,304,999900,999900,999900,99990,270,2.1,9,9,999.0,999,9,'999999999,0,0.0000,0,88,999.000,0.0,1.0
2056/6/13,17:00,?9?9?9?9E0?9?9?9?9*9?9*9?9?9?9?9?9?9*9*_?9*9*9?9?9,36.4,22.6,45,100141,9999,9999,495,242,88,201,999900,999900,999900,99990,220,1.9,9,9,999.0,999,9,'999999999,0,0.0000,0,88,999.000,0.0,1.0
2056/6/13,18:00,?9?9?9?9E0?9?9?9?9*9?9*9?9?9?9?9?9?9*9*_?9*9*9?9?9,36.0,22.9,47,100141,9999,9999,493,94,35,86,999900,999900,999900,99990,230,1.8,9,9,999.0,999,9,'999999999,0,0.0000,0,88,999.000,0.0,1.0
2056/6/13,19:00,?9?9?9?9E0?9?9?9?9*9?9*9?9?9?9?9?9?9*9*_?9*9*9?9?9,34.5,21.6,47,100241,9999,9999,482,4,0,4,999900,999900,999900,99990,250,1.9,9,9,999.0,999,9,'999999999,0,0.0000,0,88,999.000,0.0,1.0
2056/6/13,20:00,?9?9?9?9E0?9?9?9?9*9?9*9?9?9?9?9?9?9*9*_?9*9*9?9?9,34.2,20.2,44,100241,9999,9999,478,0,0,0,999900,999900,999900,99990,200,2.1,9,9,999.0,999,9,'999999999,0,0.0000,0,88,999.000,0.0,1.0
2056/6/13,21:00,?9?9?9?9E0?9?9?9?9*9?9*9?9?9?9?9?9?9*9*_?9*9*9?9?9,34.0,21.5,48,100241,9999,9999,478,0,0,0,999900,999900,999900,99990,250,2.1,9,9,999.0,999,9,'999999999,0,0.0000,0,88,999.000,0.0,1.0
2056/6/13,22:00,?9?9?9?9E0?9?9?9?9*9?9*9?9?9?9?9?9?9*9*_?9*9*9?9?9,33.2,20.7,48,100341,9999,9999,472,0,0,0,999900,999900,999900,99990,200,1.5,9,9,999.0,999,9,'999999999,0,0.0000,0,88,999.000,0.0,1.0
2056/6/13,23:00,?9?9?9?9E0?9?9?9?9*9?9*9?9?9?9?9?9?9*9*_?9*9*9?9?9,33.1,20.6,48,100441,9999,9999,472,0,0,0,999900,999900,999900,99990,230,1.7,9,9,999.0,999,9,'999999999,0,0.0000,0,88,999.000,0.0,1.0
2056/6/13,24:00,?9?9?9?9E0?9?9?9?9*9?9*9?9?9?9?9?9?9*9*_?9*9*9?9?9,32.9,20.8,49,100341,9999,9999,471,0,0,0,999900,999900,999900,99990,230,1.7,9,9,999.0,999,9,'999999999,0,0.0000,0,88,999.000,0.0,1.0
2056/6/14,01:00,?9?9?9?9E0?9?9?9?9*9?9*9?9?9?9?9?9?9*9*_?9*9*9?9?9,32.7,20.6,49,100341,9999,9999,469,0,0,0,999900,999900,999900,99990,230,2.1,9,9,999.0,999,9,'999999999,0,0.0000,0,88,999.000,0.0,1.0
2056/6/14,02:00,?9?9?9?9E0?9?9?9?9*9?9*9?9?9?9?9?9?9*9*_?9*9*9?9?9,32.4,21.6,53,100341,9999,9999,469,0,0,0,999900,999900,999900,99990,230,1.8,9,9,999.0,999,9,'999999999,0,0.0000,0,88,999.000,0.0,1.0
2056/6/14,03:00,?9?9?9?9E0?9?9?9?9*9?9*9?9?9?9?9?9?9*9*_?9*9*9?9?9,31.8,22.0,56,100341,9999,9999,466,0,0,0,999900,999900,999900,99990,220,1.1,9,9,999.0,999,9,'999999999,0,0.0000,0,88,999.000,0.0,1.0
2056/6/14,04:00,?9?9?9?9E0?9?9?9?9*9?9*9?9?9?9?9?9?9*9*_?9*9*9?9?9,31.6,22.1,57,100341,9999,9999,464,0,0,0,999900,999900,999900,99990,200,1.1,9,9,999.0,999,9,'999999999,0,0.0000,0,88,999.000,0.0,1.0
2056/6/14,05:00,?9?9?9?9E0?9?9?9?9*9?9*9?9?9?9?9?9?9*9*_?9*9*9?9?9,31.2,22.5,60,100341,9999,9999,463,0,0,0,999900,999900,999900,99990,200,0.9,9,9,999.0,999,9,'999999999,0,0.0000,0,88,999.000,0.0,1.0
2056/6/14,06:00,?9?9?9?9E0?9?9?9?9*9?9*9?9?9?9?9?9?9*9*_?9*9*9?9?9,31.0,23.1,63,100341,9999,9999,462,1,0,1,999900,999900,999900,99990,230,0.9,9,9,999.0,999,9,'999999999,0,0.0000,0,88,999.000,0.0,1.0
2056/6/14,07:00,?9?9?9?9E0?9?9?9?9*9?9*9?9?9?9?9?9?9*9*_?9*9*9?9?9,31.1,23.8,65,100441,9999,9999,464,44,13,42,999900,999900,999900,99990,250,1.2,9,9,999.0,999,9,'999999999,0,0.0000,0,88,999.000,0.0,1.0
2056/6/14,08:00,?9?9?9?9E0?9?9?9?9*9?9*9?9?9?9?9?9?9*9*_?9*9*9?9?9,32.1,24.2,63,100441,9999,9999,471,186,62,161,999900,999900,999900,99990,200,1.7,9,9,999.0,999,9,'999999999,0,0.0000,0,88,999.000,0.0,1.0
2056/6/14,09:00,?9?9?9?9E0?9?9?9?9*9?9*9?9?9?9?9?9?9*9*_?9*9*9?9?9,32.4,23.9,61,100541,9999,9999,472,344,120,271,999900,999900,999900,99990,250,1.7,9,9,999.0,999,9,'999999999,0,0.0000,0,88,999.000,0.0,1.0
2056/6/14,10:00,?9?9?9?9E0?9?9?9?9*9?9*9?9?9?9?9?9?9*9*_?9*9*9?9?9,33.2,23.5,57,100541,9999,9999,476,480,155,360,999900,999900,999900,99990,210,1.5,9,9,999.0,999,9,'999999999,0,0.0000,0,88,999.000,0.0,1.0
2056/6/14,11:00,?9?9?9?9E0?9?9?9?9*9?9*9?9?9?9?9?9?9*9*_?9*9*9?9?9,35.5,23.2,49,100441,9999,9999,490,581,170,428,999900,999900,999900,99990,230,2.2,9,9,999.0,999,9,'999999999,0,0.0000,0,88,999.000,0.0,1.0
2056/6/14,12:00,?9?9?9?9E0?9?9?9?9*9?9*9?9?9?9?9?9?9*9*_?9*9*9?9?9,35.5,23.2,49,100441,9999,9999,490,622,159,467,999900,999900,999900,99990,230,2.2,9,9,999.0,999,9,'999999999,0,0.0000,0,88,999.000,0.0,1.0
2056/6/14,13:00,?9?9?9?9E0?9?9?9?9*9?9*9?9?9?9?9?9?9*9*_?9*9*9?9?9,35.8,23.4,49,100341,9999,9999,493,641,169,476,999900,999900,999900,99990,270,1.8,9,9,999.0,999,9,'999999999,0,0.0000,0,88,999.000,0.0,1.0
2056/6/14,14:00,?9?9?9?9E0?9?9?9?9*9?9*9?9?9?9?9?9?9*9*_?9*9*9?9?9,35.8,23.1,48,100241,9999,9999,492,600,171,441,999900,999900,999900,99990,210,1.9,9,9,999.0,999,9,'999999999,0,0.0000,0,88,999.000,0.0,1.0
2056/6/14,15:00,?9?9?9?9E0?9?9?9?9*9?9*9?9?9?9?9?9?9*9*_?9*9*9?9?9,37.4,23.8,46,100141,9999,9999,504,515,182,366,999900,999900,999900,99990,230,1.7,9,9,999.0,999,9,'999999999,0,0.0000,0,88,999.000,0.0,1.0
2056/6/14,16:00,?9?9?9?9E0?9?9?9?9*9?9*9?9?9?9?9?9?9*9*_?9*9*9?9?9,37.3,23.4,45,100141,9999,9999,474,575,513,236,999900,999900,999900,99990,230,1.7,5,5,999.0,999,9,'999999999,0,0.0000,0,88,999.000,0.0,1.0
2056/6/14,17:00,?9?9?9?9E0?9?9?9?9*9?9*9?9?9?9?9?9?9*9*_?9*9*9?9?9,37.3,23.4,45,100041,9999,9999,474,368,425,171,999900,999900,999900,99990,230,2.1,5,5,999.0,999,9,'999999999,0,0.0000,0,88,999.000,0.0,1.0
2056/6/14,18:00,?9?9?9?9E0?9?9?9?9*9?9*9?9?9?9?9?9?9*9*_?9*9*9?9?9,36.1,22.3,45,100141,9999,9999,465,166,263,103,999900,999900,999900,99990,200,1.9,5,5,999.0,999,9,'999999999,0,0.0000,0,88,999.000,0.0,1.0
2056/6/14,19:00,?9?9?9?9E0?9?9?9?9*9?9*9?9?9?9?9?9?9*9*_?9*9*9?9?9,35.1,22.1,47,100041,9999,9999,459,14,0,14,999900,999900,999900,99990,210,1.5,5,5,999.0,999,9,'999999999,0,0.0000,0,88,999.000,0.0,1.0
2056/6/14,20:00,?9?9?9?9E0?9?9?9?9*9?9*9?9?9?9?9?9?9*9*_?9*9*9?9?9,34.5,21.6,47,100241,9999,9999,455,0,0,0,999900,999900,999900,99990,200,1.3,5,5,999.0,999,9,'999999999,0,0.0000,0,88,999.000,0.0,1.0
2056/6/14,21:00,?9?9?9?9E0?9?9?9?9*9?9*9?9?9?9?9?9?9*9*_?9*9*9?9?9,34.1,21.5,48,100241,9999,9999,452,0,0,0,999900,999900,999900,99990,200,1.3,5,5,999.0,999,9,'999999999,0,0.0000,0,88,999.000,0.0,1.0
2056/6/14,22:00,?9?9?9?9E0?9?9?9?9*9?9*9?9?9?9?9?9?9*9*_?9*9*9?9?9,34.2,21.3,47,100341,9999,9999,453,0,0,0,999900,999900,999900,99990,190,1.2,5,5,999.0,999,9,'999999999,0,0.0000,0,88,999.000,0.0,1.0
2056/6/14,23:00,?9?9?9?9E0?9?9?9?9*9?9*9?9?9?9?9?9?9*9*_?9*9*9?9?9,33.7,21.5,49,100341,9999,9999,450,0,0,0,999900,999900,999900,99990,250,0.7,5,5,999.0,999,9,'999999999,0,0.0000,0,88,999.000,0.0,1.0
2056/6/14,24:00,?9?9?9?9E0?9?9?9?9*9?9*9?9?9?9?9?9?9*9*_?9*9*9?9?9,33.2,21.7,51,100341,9999,9999,447,0,0,0,999900,999900,999900,99990,220,0.6,5,5,999.0,999,9,'999999999,0,0.0000,0,88,999.000,0.0,1.0
2056/6/15,01:00,?9?9?9?9E0?9?9?9?9*9?9*9?9?9?9?9?9?9*9*_?9*9*9?9?9,32.5,22.9,57,100241,9999,9999,445,0,0,0,999900,999900,999900,99990,230,0.5,5,5,999.0,999,9,'999999999,0,0.0000,0,88,999.000,0.0,1.0
2056/6/15,02:00,?9?9?9?9E0?9?9?9?9*9?9*9?9?9?9?9?9?9*9*_?9*9*9?9?9,32.0,22.7,58,100241,9999,9999,442,0,0,0,999900,999900,999900,99990,230,0.6,5,5,999.0,999,9,'999999999,0,0.0000,0,88,999.000,0.0,1.0
2056/6/15,03:00,?9?9?9?9E0?9?9?9?9*9?9*9?9?9?9?9?9?9*9*_?9*9*9?9?9,31.7,23.0,60,100241,9999,9999,440,0,0,0,999900,999900,999900,99990,180,0.5,5,5,999.0,999,9,'999999999,0,0.0000,0,88,999.000,0.0,1.0
2056/6/15,04:00,?9?9?9?9E0?9?9?9?9*9?9*9?9?9?9?9?9?9*9*_?9*9*9?9?9,31.3,23.7,64,100241,9999,9999,436,0,0,0,999900,999900,999900,99990,210,0.7,4,4,999.0,999,9,'999999999,0,0.0000,0,88,999.000,0.0,1.0
2056/6/15,05:00,?9?9?9?9E0?9?9?9?9*9?9*9?9?9?9?9?9?9*9*_?9*9*9?9?9,31.7,23.5,62,100341,9999,9999,438,0,0,0,999900,999900,999900,99990,200,1.5,4,4,999.0,999,9,'999999999,0,0.0000,0,88,999.000,0.0,1.0
2056/6/15,06:00,?9?9?9?9E0?9?9?9?9*9?9*9?9?9?9?9?9?9*9*_?9*9*9?9?9,31.6,23.7,63,100241,9999,9999,457,1,0,1,999900,999900,999900,99990,230,1.1,8,8,999.0,999,9,'999999999,0,0.0000,0,88,999.000,0.0,1.0
2056/6/15,07:00,?9?9?9?9E0?9?9?9?9*9?9*9?9?9?9?9?9?9*9*_?9*9*9?9?9,32.2,24.0,62,100341,9999,9999,471,44,14,42,999900,999900,999900,99990,230,1.5,9,9,999.0,999,9,'999999999,0,0.0000,0,88,999.000,0.0,1.0
2056/6/15,08:00,?9?9?9?9E0?9?9?9?9*9?9*9?9?9?9?9?9?9*9*_?9*9*9?9?9,33.4,24.6,60,100341,9999,9999,469,221,113,176,999900,999900,999900,99990,230,1.5,8,8,999.0,999,9,'999999999,0,0.0000,0,88,999.000,0.0,1.0
2056/6/15,09:00,?9?9?9?9E0?9?9?9?9*9?9*9?9?9?9?9?9?9*9*_?9*9*9?9?9,33.9,23.9,56,100441,9999,9999,471,404,220,271,999900,999900,999900,99990,230,1.5,8,8,999.0,999,9,'999999999,0,0.0000,0,88,999.000,0.0,1.0
2056/6/15,10:00,?9?9?9?9E0?9?9?9?9*9?9*9?9?9?9?9?9?9*9*_?9*9*9?9?9,35.2,24.2,53,100541,9999,9999,480,555,270,345,999900,999900,999900,99990,230,1.8,8,8,999.0,999,9,'999999999,0,0.0000,0,88,999.000,0.0,1.0
2056/6/15,11:00,?9?9?9?9E0?9?9?9?9*9?9*9?9?9?9?9?9?9*9*_?9*9*9?9?9,35.4,23.1,49,100441,9999,9999,479,665,288,405,999900,999900,999900,99990,230,1.7,8,8,999.0,999,9,'999999999,0,0.0000,0,88,999.000,0.0,1.0
2056/6/15,12:00,?9?9?9?9E0?9?9?9?9*9?9*9?9?9?9?9?9?9*9*_?9*9*9?9?9,36.4,22.2,44,100441,9999,9999,484,725,282,451,999900,999900,999900,99990,250,1.9,8,8,999.0,999,9,'999999999,0,0.0000,0,88,999.000,0.0,1.0
2056/6/15,13:00,?9?9?9?9E0?9?9?9?9*9?9*9?9?9?9?9?9?9*9*_?9*9*9?9?9,36.9,23.0,45,100341,9999,9999,499,659,195,468,999900,999900,999900,99990,250,1.6,9,9,999.0,999,9,'999999999,0,0.0000,0,88,999.000,0.0,1.0
2056/6/15,14:00,?9?9?9?9E0?9?9?9?9*9?9*9?9?9?9?9?9?9*9*_?9*9*9?9?9,37.4,22.7,43,100241,9999,9999,502,604,180,437,999900,999900,999900,99990,200,1.6,9,9,999.0,999,9,'999999999,0,0.0000,0,88,999.000,0.0,1.0
2056/6/15,15:00,?9?9?9?9E0?9?9?9?9*9?9*9?9?9?9?9?9?9*9*_?9*9*9?9?9,37.3,21.4,40,100241,9999,9999,499,540,195,380,999900,999900,999900,99990,270,2.1,9,9,999.0,999,9,'999999999,0,0.0000,0,88,999.000,0.0,1.0
2056/6/15,16:00,?9?9?9?9E0?9?9?9?9*9?9*9?9?9?9?9?9?9*9*_?9*9*9?9?9,37.8,21.9,40,100141,9999,9999,503,406,162,299,999900,999900,999900,99990,220,2.0,9,9,999.0,999,9,'999999999,0,0.0000,0,88,999.000,0.0,1.0
2056/6/15,17:00,?9?9?9?9E0?9?9?9?9*9?9*9?9?9?9?9?9?9*9*_?9*9*9?9?9,37.0,21.2,40,100141,9999,9999,497,251,108,201,999900,999900,999900,99990,220,1.3,9,9,999.0,999,9,'999999999,0,0.0000,0,88,999.000,0.0,1.0
2056/6/15,18:00,?9?9?9?9E0?9?9?9?9*9?9*9?9?9?9?9?9?9*9*_?9*9*9?9?9,36.6,20.8,40,100241,9999,9999,494,101,53,88,999900,999900,999900,99990,270,1.1,9,9,999.0,999,9,'999999999,0,0.0000,0,88,999.000,0.0,1.0
2056/6/15,19:00,?9?9?9?9E0?9?9?9?9*9?9*9?9?9?9?9?9?9*9*_?9*9*9?9?9,36.0,20.3,40,100241,9999,9999,458,17,0,17,999900,999900,999900,99990,240,0.9,4,4,999.0,999,9,'999999999,0,0.0000,0,88,999.000,0.0,1.0
2056/6/15,20:00,?9?9?9?9E0?9?9?9?9*9?9*9?9?9?9?9?9?9*9*_?9*9*9?9?9,35.3,20.5,42,100341,9999,9999,451,0,0,0,999900,999900,999900,99990,230,0.6,3,3,999.0,999,9,'999999999,0,0.0000,0,88,999.000,0.0,1.0
2056/6/15,21:00,?9?9?9?9E0?9?9?9?9*9?9*9?9?9?9?9?9?9*9*_?9*9*9?9?9,34.9,20.5,43,100341,9999,9999,452,0,0,0,999900,999900,999900,99990,230,0.7,4,4,999.0,999,9,'999999999,0,0.0000,0,88,999.000,0.0,1.0
2056/6/15,22:00,?9?9?9?9E0?9?9?9?9*9?9*9?9?9?9?9?9?9*9*_?9*9*9?9?9,34.4,20.4,44,100441,9999,9999,453,0,0,0,999900,999900,999900,99990,230,0.5,5,5,999.0,999,9,'999999999,0,0.0000,0,88,999.000,0.0,1.0
2056/6/15,23:00,?9?9?9?9E0?9?9?9?9*9?9*9?9?9?9?9?9?9*9*_?9*9*9?9?9,34.0,20.4,45,100441,9999,9999,450,0,0,0,999900,999900,999900,99990,220,1.0,5,5,999.0,999,9,'999999999,0,0.0000,0,88,999.000,0.0,1.0
2056/6/15,24:00,?9?9?9?9E0?9?9?9?9*9?9*9?9?9?9?9?9?9*9*_?9*9*9?9?9,33.5,20.3,46,100441,9999,9999,447,0,0,0,999900,999900,999900,99990,230,1.0,5,5,999.0,999,9,'999999999,0,0.0000,0,88,999.000,0.0,1.0
2056/6/16,01:00,?9?9?9?9E0?9?9?9?9*9?9*9?9?9?9?9?9?9*9*_?9*9*9?9?9,32.7,21.9,53,100341,9999,9999,445,0,0,0,999900,999900,999900,99990,270,0.4,5,5,999.0,999,9,'999999999,0,0.0000,0,88,999.000,0.0,1.0
2056/6/16,02:00,?9?9?9?9E0?9?9?9?9*9?9*9?9?9?9?9?9?9*9*_?9*9*9?9?9,32.3,22.4,56,100341,9999,9999,443,0,0,0,999900,999900,999900,99990,250,0.9,5,5,999.0,999,9,'999999999,0,0.0000,0,88,999.000,0.0,1.0
2056/6/16,03:00,?9?9?9?9E0?9?9?9?9*9?9*9?9?9?9?9?9?9*9*_?9*9*9?9?9,32.3,22.4,56,100341,9999,9999,443,0,0,0,999900,999900,999900,99990,220,0.7,5,5,999.0,999,9,'999999999,0,0.0000,0,88,999.000,0.0,1.0
2056/6/16,04:00,?9?9?9?9E0?9?9?9?9*9?9*9?9?9?9?9?9?9*9*_?9*9*9?9?9,31.6,22.1,57,100341,9999,9999,439,0,0,0,999900,999900,999900,99990,220,0.4,5,5,999.0,999,9,'999999999,0,0.0000,0,88,999.000,0.0,1.0
2056/6/16,05:00,?9?9?9?9E0?9?9?9?9*9?9*9?9?9?9?9?9?9*9*_?9*9*9?9?9,30.8,22.2,60,100341,9999,9999,438,0,0,0,999900,999900,999900,99990,220,0.4,6,6,999.0,999,9,'999999999,0,0.0000,0,88,999.000,0.0,1.0
2056/6/16,06:00,?9?9?9?9E0?9?9?9?9*9?9*9?9?9?9?9?9?9*9*_?9*9*9?9?9,30.4,22.8,64,100341,9999,9999,449,1,0,1,999900,999900,999900,99990,270,0.1,8,8,999.0,999,9,'999999999,0,0.0000,0,88,999.000,0.0,1.0
2056/6/16,07:00,?9?9?9?9E0?9?9?9?9*9?9*9?9?9?9?9?9?9*9*_?9*9*9?9?9,31.0,23.7,65,100441,9999,9999,463,43,14,41,999900,999900,999900,99990,220,0.5,9,9,999.0,999,9,'999999999,0,0.0000,0,88,999.000,0.0,1.0
2056/6/16,08:00,?9?9?9?9E0?9?9?9?9*9?9*9?9?9?9?9?9?9*9*_?9*9*9?9?9,33.0,24.2,60,100441,9999,9999,476,184,69,157,999900,999900,999900,99990,220,0.7,9,9,999.0,999,9,'999999999,0,0.0000,0,88,999.000,0.0,1.0
2056/6/16,09:00,?9?9?9?9E0?9?9?9?9*9?9*9?9?9?9?9?9?9*9*_?9*9*9?9?9,34.5,24.2,55,100541,9999,9999,485,345,137,262,999900,999900,999900,99990,270,1.4,9,9,999.0,999,9,'999999999,0,0.0000,0,88,999.000,0.0,1.0
2056/6/16,10:00,?9?9?9?9E0?9?9?9?9*9?9*9?9?9?9?9?9?9*9*_?9*9*9?9?9,35.8,22.7,47,100541,9999,9999,492,496,192,347,999900,999900,999900,99990,240,2.1,9,9,999.0,999,9,'999999999,0,0.0000,0,88,999.000,0.0,1.0
2056/6/16,11:00,?9?9?9?9E0?9?9?9?9*9?9*9?9?9?9?9?9?9*9*_?9*9*9?9?9,36.9,23.4,46,100441,9999,9999,500,585,216,391,999900,999900,999900,99990,240,1.7,9,9,999.0,999,9,'999999999,0,0.0000,0,88,999.000,0.0,1.0
2056/6/16,12:00,?9?9?9?9E0?9?9?9?9*9?9*9?9?9?9?9?9?9*9*_?9*9*9?9?9,38.0,22.1,40,100341,9999,9999,477,919,647,291,999900,999900,999900,99990,240,1.9,5,5,999.0,999,9,'999999999,0,0.0000,0,88,999.000,0.0,1.0
2056/6/16,13:00,?9?9?9?9E0?9?9?9?9*9?9*9?9?9?9?9?9?9*9*_?9*9*9?9?9,38.8,21.0,36,100241,9999,9999,476,998,788,225,999900,999900,999900,99990,240,2.1,4,4,999.0,999,9,'999999999,0,0.0000,0,88,999.000,0.0,1.0
2056/6/16,14:00,?9?9?9?9E0?9?9?9?9*9?9*9?9?9?9?9?9?9*9*_?9*9*9?9?9,39.3,21.0,35,100141,9999,9999,483,888,693,244,999900,999900,999900,99990,240,1.7,5,5,999.0,999,9,'999999999,0,0.0000,0,88,999.000,0.0,1.0
2056/6/16,15:00,?9?9?9?9E0?9?9?9?9*9?9*9?9?9?9?9?9?9*9*_?9*9*9?9?9,39.7,20.9,34,100141,9999,9999,495,686,487,287,999900,999900,999900,99990,230,1.7,7,7,999.0,999,9,'999999999,0,0.0000,0,88,999.000,0.0,1.0
2056/6/16,16:00,?9?9?9?9E0?9?9?9?9*9?9*9?9?9?9?9?9?9*9*_?9*9*9?9?9,40.1,18.7,29,100041,9999,9999,513,430,228,279,999900,999900,999900,99990,230,2.1,9,9,999.0,999,9,'999999999,0,0.0000,0,88,999.000,0.0,1.0
2056/6/16,17:00,?9?9?9?9E0?9?9?9?9*9?9*9?9?9?9?9?9?9*9*_?9*9*9?9?9,39.6,18.3,29,100041,9999,9999,509,268,151,198,999900,999900,999900,99990,230,1.8,9,9,999.0,999,9,'999999999,0,0.0000,0,88,999.000,0.0,1.0
2056/6/16,18:00,?9?9?9?9E0?9?9?9?9*9?9*9?9?9?9?9?9?9*9*_?9*9*9?9?9,39.0,17.7,29,100141,9999,9999,504,112,70,95,999900,999900,999900,99990,230,1.3,9,9,999.0,999,9,'999999999,0,0.0000,0,88,999.000,0.0,1.0
2056/6/16,19:00,?9?9?9?9E0?9?9?9?9*9?9*9?9?9?9?9?9?9*9*_?9*9*9?9?9,36.4,23.6,48,100141,9999,9999,497,5,0,5,999900,999900,999900,99990,230,0.9,9,9,999.0,999,9,'999999999,0,0.0000,0,88,999.000,0.0,1.0
2056/6/16,20:00,?9?9?9?9E0?9?9?9?9*9?9*9?9?9?9?9?9?9*9*_?9*9*9?9?9,33.9,28.1,72,100241,9999,9999,487,0,0,0,999900,999900,999900,99990,230,0.7,9,9,999.0,999,9,'999999999,0,0.0000,0,88,999.000,0.0,1.0
2056/6/16,21:00,?9?9?9?9E0?9?9?9?9*9?9*9?9?9?9?9?9?9*9*_?9*9*9?9?9,33.4,28.6,76,100241,9999,9999,485,0,0,0,999900,999900,999900,99990,250,0.7,9,9,999.0,999,9,'999999999,0,0.0000,0,88,999.000,0.0,1.0
2056/6/16,22:00,?9?9?9?9E0?9?9?9?9*9?9*9?9?9?9?9?9?9*9*_?9*9*9?9?9,33.0,28.4,77,100241,9999,9999,472,0,0,0,999900,999900,999900,99990,180,1.1,8,8,999.0,999,9,'999999999,0,0.0000,0,88,999.000,0.0,1.0
2056/6/16,23:00,?9?9?9?9E0?9?9?9?9*9?9*9?9?9?9?9?9?9*9*_?9*9*9?9?9,32.8,28.5,78,100241,9999,9999,481,0,0,0,999900,999900,999900,99990,180,0.4,9,9,999.0,999,9,'999999999,0,0.0000,0,88,999.000,0.0,1.0
2056/6/16,24:00,?9?9?9?9E0?9?9?9?9*9?9*9?9?9?9?9?9?9*9*_?9*9*9?9?9,32.2,28.1,79,100241,9999,9999,477,0,0,0,999900,999900,999900,99990,180,0.1,9,9,999.0,999,9,'999999999,0,0.0000,0,88,999.000,0.0,1.0
2056/6/17,01:00,?9?9?9?9E0?9?9?9?9*9?9*9?9?9?9?9?9?9*9*_?9*9*9?9?9,33.5,20.3,46,100241,9999,9999,444,0,0,0,999900,999900,999900,99990,180,1.3,4,4,999.0,999,9,'999999999,0,0.0000,0,88,999.000,0.0,1.0
2056/6/17,02:00,?9?9?9?9E0?9?9?9?9*9?9*9?9?9?9?9?9?9*9*_?9*9*9?9?9,33.6,19.3,43,100141,9999,9999,443,0,0,0,999900,999900,999900,99990,250,1.1,4,4,999.0,999,9,'999999999,0,0.0000,0,88,999.000,0.0,1.0
2056/6/17,03:00,?9?9?9?9E0?9?9?9?9*9?9*9?9?9?9?9?9?9*9*_?9*9*9?9?9,32.9,19.0,44,100141,9999,9999,442,0,0,0,999900,999900,999900,99990,260,1.3,5,5,999.0,999,9,'999999999,0,0.0000,0,88,999.000,0.0,1.0
2056/6/17,04:00,?9?9?9?9E0?9?9?9?9*9?9*9?9?9?9?9?9?9*9*_?9*9*9?9?9,32.5,19.7,47,100141,9999,9999,437,0,0,0,999900,999900,999900,99990,250,0.8,4,4,999.0,999,9,'999999999,0,0.0000,0,88,999.000,0.0,1.0
2056/6/17,05:00,?9?9?9?9E0?9?9?9?9*9?9*9?9?9?9?9?9?9*9*_?9*9*9?9?9,31.9,19.9,49,100241,9999,9999,437,0,0,0,999900,999900,999900,99990,230,1.1,5,5,999.0,999,9,'999999999,0,0.0000,0,88,999.000,0.0,1.0
2056/6/17,06:00,?9?9?9?9E0?9?9?9?9*9?9*9?9?9?9?9?9?9*9*_?9*9*9?9?9,31.3,20.6,53,100241,9999,9999,435,1,0,1,999900,999900,999900,99990,240,0.7,5,5,999.0,999,9,'999999999,0,0.0000,0,88,999.000,0.0,1.0
2056/6/17,07:00,?9?9?9?9E0?9?9?9?9*9?9*9?9?9?9?9?9?9*9*_?9*9*9?9?9,31.0,21.5,57,100341,9999,9999,443,76,80,63,999900,999900,999900,99990,340,0.7,7,7,999.0,999,9,'999999999,0,0.0000,0,88,999.000,0.0,1.0
2056/6/17,08:00,?9?9?9?9E0?9?9?9?9*9?9*9?9?9?9?9?9?9*9*_?9*9*9?9?9,32.5,22.3,55,100441,9999,9999,444,305,422,138,999900,999900,999900,99990,220,0.9,5,5,999.0,999,9,'999999999,0,0.0000,0,88,999.000,0.0,1.0
2056/6/17,09:00,?9?9?9?9E0?9?9?9?9*9?9*9?9?9?9?9?9?9*9*_?9*9*9?9?9,33.5,21.3,49,100441,9999,9999,449,533,617,161,999900,999900,999900,99990,230,1.3,5,5,999.0,999,9,'999999999,0,0.0000,0,88,999.000,0.0,1.0
2056/6/17,10:00,?9?9?9?9E0?9?9?9?9*9?9*9?9?9?9?9?9?9*9*_?9*9*9?9?9,34.8,21.5,46,100441,9999,9999,460,677,590,220,999900,999900,999900,99990,230,1.9,6,6,999.0,999,9,'999999999,0,0.0000,0,88,999.000,0.0,1.0
2056/6/17,11:00,?9?9?9?9E0?9?9?9?9*9?9*9?9?9?9?9?9?9*9*_?9*9*9?9?9,36.4,20.6,40,100441,9999,9999,474,752,511,292,999900,999900,999900,99990,230,2.3,7,7,999.0,999,9,'999999999,0,0.0000,0,88,999.000,0.0,1.0
2056/6/17,12:00,?9?9?9?9E0?9?9?9?9*9?9*9?9?9?9?9?9?9*9*_?9*9*9?9?9,37.7,19.6,35,100341,9999,9999,481,822,513,324,999900,999900,999900,99990,290,2.7,7,7,999.0,999,9,'999999999,0,0.0000,0,88,999.000,0.0,1.0
2056/6/17,13:00,?9?9?9?9E0?9?9?9?9*9?9*9?9?9?9?9?9?9*9*_?9*9*9?9?9,37.8,19.2,34,100241,9999,9999,481,850,548,313,999900,999900,999900,99990,290,2.0,7,7,999.0,999,9,'999999999,0,0.0000,0,88,999.000,0.0,1.0
2056/6/17,14:00,?9?9?9?9E0?9?9?9?9*9?9*9?9?9?9?9?9?9*9*_?9*9*9?9?9,39.2,19.5,32,100141,9999,9999,484,848,645,248,999900,999900,999900,99990,290,1.9,6,6,999.0,999,9,'999999999,0,0.0000,0,88,999.000,0.0,1.0
2056/6/17,15:00,?9?9?9?9E0?9?9?9?9*9?9*9?9?9?9?9?9?9*9*_?9*9*9?9?9,39.8,18.4,29,100041,9999,9999,482,795,754,176,999900,999900,999900,99990,290,1.7,5,5,999.0,999,9,'999999999,0,0.0000,0,88,999.000,0.0,1.0
2056/6/17,16:00,?9?9?9?9E0?9?9?9?9*9?9*9?9?9?9?9?9?9*9*_?9*9*9?9?9,39.8,17.9,28,100041,9999,9999,481,614,695,153,999900,999900,999900,99990,220,1.5,5,5,999.0,999,9,'999999999,0,0.0000,0,88,999.000,0.0,1.0
2056/6/17,17:00,?9?9?9?9E0?9?9?9?9*9?9*9?9?9?9?9?9?9*9*_?9*9*9?9?9,39.2,25.5,46,100041,9999,9999,489,371,486,144,999900,999900,999900,99990,230,1.2,5,5,999.0,999,9,'999999999,0,0.0000,0,88,999.000,0.0,1.0
2056/6/17,18:00,?9?9?9?9E0?9?9?9?9*9?9*9?9?9?9?9?9?9*9*_?9*9*9?9?9,35.2,25.7,58,100041,9999,9999,465,162,278,94,999900,999900,999900,99990,180,1.5,5,5,999.0,999,9,'999999999,0,0.0000,0,88,999.000,0.0,1.0
2056/6/17,19:00,?9?9?9?9E0?9?9?9?9*9?9*9?9?9?9?9?9?9*9*_?9*9*9?9?9,33.2,27.2,71,100041,9999,9999,455,14,0,14,999900,999900,999900,99990,180,1.5,5,5,999.0,999,9,'999999999,0,0.0000,0,88,999.000,0.0,1.0
2056/6/17,20:00,?9?9?9?9E0?9?9?9?9*9?9*9?9?9?9?9?9?9*9*_?9*9*9?9?9,32.9,27.7,74,100041,9999,9999,454,0,0,0,999900,999900,999900,99990,180,1.5,5,5,999.0,999,9,'999999999,0,0.0000,0,88,999.000,0.0,1.0
2056/6/17,21:00,?9?9?9?9E0?9?9?9?9*9?9*9?9?9?9?9?9?9*9*_?9*9*9?9?9,32.6,27.8,76,100141,9999,9999,449,0,0,0,999900,999900,999900,99990,160,1.5,4,4,999.0,999,9,'999999999,0,0.0000,0,88,999.000,0.0,1.0
2056/6/17,22:00,?9?9?9?9E0?9?9?9?9*9?9*9?9?9?9?9?9?9*9*_?9*9*9?9?9,32.4,28.1,78,100141,9999,9999,448,0,0,0,999900,999900,999900,99990,160,1.5,4,4,999.0,999,9,'999999999,0,0.0000,0,88,999.000,0.0,1.0
2056/6/17,23:00,?9?9?9?9E0?9?9?9?9*9?9*9?9?9?9?9?9?9*9*_?9*9*9?9?9,32.4,28.1,78,100141,9999,9999,448,0,0,0,999900,999900,999900,99990,160,1.0,4,4,999.0,999,9,'999999999,0,0.0000,0,88,999.000,0.0,1.0
2056/6/17,24:00,?9?9?9?9E0?9?9?9?9*9?9*9?9?9?9?9?9?9*9*_?9*9*9?9?9,32.2,27.7,77,100241,9999,9999,446,0,0,0,999900,999900,999900,99990,180,1.1,4,4,999.0,999,9,'999999999,0,0.0000,0,88,999.000,0.0,1.0
2056/6/18,01:00,?9?9?9?9E0?9?9?9?9*9?9*9?9?9?9?9?9?9*9*_?9*9*9?9?9,32.1,27.1,75,100241,9999,9999,445,0,0,0,999900,999900,999900,99990,180,1.1,4,4,999.0,999,9,'999999999,0,0.0000,0,88,999.000,0.0,1.0
2056/6/18,02:00,?9?9?9?9E0?9?9?9?9*9?9*9?9?9?9?9?9?9*9*_?9*9*9?9?9,32.2,24.8,65,100241,9999,9999,442,0,0,0,999900,999900,999900,99990,220,0.9,4,4,999.0,999,9,'999999999,0,0.0000,0,88,999.000,0.0,1.0
2056/6/18,03:00,?9?9?9?9E0?9?9?9?9*9?9*9?9?9?9?9?9?9*9*_?9*9*9?9?9,31.9,23.7,62,100241,9999,9999,442,0,0,0,999900,999900,999900,99990,250,0.8,5,5,999.0,999,9,'999999999,0,0.0000,0,88,999.000,0.0,1.0
2056/6/18,04:00,?9?9?9?9E0?9?9?9?9*9?9*9?9?9?9?9?9?9*9*_?9*9*9?9?9,32.1,22.5,57,100241,9999,9999,442,0,0,0,999900,999900,999900,99990,250,1.5,5,5,999.0,999,9,'999999999,0,0.0000,0,88,999.000,0.0,1.0
2056/6/18,05:00,?9?9?9?9E0?9?9?9?9*9?9*9?9?9?9?9?9?9*9*_?9*9*9?9?9,31.9,22.3,57,100241,9999,9999,445,0,0,0,999900,999900,999900,99990,250,1.3,6,6,999.0,999,9,'999999999,0,0.0000,0,88,999.000,0.0,1.0
2056/6/18,06:00,?9?9?9?9E0?9?9?9?9*9?9*9?9?9?9?9?9?9*9*_?9*9*9?9?9,31.4,22.4,59,100341,9999,9999,447,1,0,1,999900,999900,999900,99990,270,1.1,7,7,999.0,999,9,'999999999,0,0.0000,0,88,999.000,0.0,1.0
2056/6/18,07:00,?9?9?9?9E0?9?9?9?9*9?9*9?9?9?9?9?9?9*9*_?9*9*9?9?9,31.7,23.0,60,100441,9999,9999,449,73,81,59,999900,999900,999900,99990,270,0.7,7,7,999.0,999,9,'999999999,0,0.0000,0,88,999.000,0.0,1.0
2056/6/18,08:00,?9?9?9?9E0?9?9?9?9*9?9*9?9?9?9?9?9?9*9*_?9*9*9?9?9,33.4,23.4,56,100541,9999,9999,451,301,435,129,999900,999900,999900,99990,230,0.9,5,5,999.0,999,9,'999999999,0,0.0000,0,88,999.000,0.0,1.0
2056/6/18,09:00,?9?9?9?9E0?9?9?9?9*9?9*9?9?9?9?9?9?9*9*_?9*9*9?9?9,34.5,21.6,47,100541,9999,9999,455,533,653,140,999900,999900,999900,99990,250,1.1,5,5,999.0,999,9,'999999999,0,0.0000,0,88,999.000,0.0,1.0
2056/6/18,10:00,?9?9?9?9E0?9?9?9?9*9?9*9?9?9?9?9?9?9*9*_?9*9*9?9?9,36.3,21.0,41,100541,9999,9999,461,757,799,138,999900,999900,999900,99990,270,1.3,4,4,999.0,999,9,'999999999,0,0.0000,0,88,999.000,0.0,1.0
2056/6/18,11:00,?9?9?9?9E0?9?9?9?9*9?9*9?9?9?9?9?9?9*9*_?9*9*9?9?9,37.7,21.0,38,100541,9999,9999,466,921,865,143,999900,999900,999900,99990,270,1.5,3,3,999.0,999,9,'999999999,0,0.0000,0,88,999.000,0.0,1.0
2056/6/18,12:00,?9?9?9?9E0?9?9?9?9*9?9*9?9?9?9?9?9?9*9*_?9*9*9?9?9,38.5,19.9,34,100541,9999,9999,469,1002,873,155,999900,999900,999900,99990,250,1.3,3,3,999.0,999,9,'999999999,0,0.0000,0,88,999.000,0.0,1.0
2056/6/18,13:00,?9?9?9?9E0?9?9?9?9*9?9*9?9?9?9?9?9?9*9*_?9*9*9?9?9,39.7,19.9,32,100441,9999,9999,476,1034,905,147,999900,999900,999900,99990,270,1.3,3,3,999.0,999,9,'999999999,0,0.0000,0,88,999.000,0.0,1.0
2056/6/18,14:00,?9?9?9?9E0?9?9?9?9*9?9*9?9?9?9?9?9?9*9*_?9*9*9?9?9,40.2,17.6,27,100341,9999,9999,476,979,911,132,999900,999900,999900,99990,250,1.3,3,3,999.0,999,9,'999999999,0,0.0000,0,88,999.000,0.0,1.0
2056/6/18,15:00,?9?9?9?9E0?9?9?9?9*9?9*9?9?9?9?9?9?9*9*_?9*9*9?9?9,41.1,17.2,25,100241,9999,9999,485,837,869,123,999900,999900,999900,99990,230,1.7,4,4,999.0,999,9,'999999999,0,0.0000,0,88,999.000,0.0,1.0
2056/6/18,16:00,?9?9?9?9E0?9?9?9?9*9?9*9?9?9?9?9?9?9*9*_?9*9*9?9?9,38.3,21.1,37,100141,9999,9999,470,654,821,109,999900,999900,999900,99990,240,1.4,3,3,999.0,999,9,'999999999,0,0.0000,0,88,999.000,0.0,1.0
2056/6/18,17:00,?9?9?9?9E0?9?9?9?9*9?9*9?9?9?9?9?9?9*9*_?9*9*9?9?9,36.5,22.7,45,100041,9999,9999,465,405,634,109,999900,999900,999900,99990,240,1.4,4,4,999.0,999,9,'999999999,0,0.0000,0,88,999.000,0.0,1.0
2056/6/18,18:00,?9?9?9?9E0?9?9?9?9*9?9*9?9?9?9?9?9?9*9*_?9*9*9?9?9,35.0,24.3,54,100041,9999,9999,462,169,342,86,999900,999900,999900,99990,180,1.5,5,5,999.0,999,9,'999999999,0,0.0000,0,88,999.000,0.0,1.0
2056/6/18,19:00,?9?9?9?9E0?9?9?9?9*9?9*9?9?9?9?9?9?9*9*_?9*9*9?9?9,33.7,27.0,68,100141,9999,9999,457,14,0,14,999900,999900,999900,99990,180,1.4,5,5,999.0,999,9,'999999999,0,0.0000,0,88,999.000,0.0,1.0
2056/6/18,20:00,?9?9?9?9E0?9?9?9?9*9?9*9?9?9?9?9?9?9*9*_?9*9*9?9?9,32.9,28.1,76,100241,9999,9999,454,0,0,0,999900,999900,999900,99990,180,1.6,5,5,999.0,999,9,'999999999,0,0.0000,0,88,999.000,0.0,1.0
2056/6/18,21:00,?9?9?9?9E0?9?9?9?9*9?9*9?9?9?9?9?9?9*9*_?9*9*9?9?9,32.7,28.6,79,100241,9999,9999,454,0,0,0,999900,999900,999900,99990,170,1.7,5,5,999.0,999,9,'999999999,0,0.0000,0,88,999.000,0.0,1.0
2056/6/18,22:00,?9?9?9?9E0?9?9?9?9*9?9*9?9?9?9?9?9?9*9*_?9*9*9?9?9,32.6,28.5,79,100341,9999,9999,453,0,0,0,999900,999900,999900,99990,180,1.4,5,5,999.0,999,9,'999999999,0,0.0000,0,88,999.000,0.0,1.0
2056/6/18,23:00,?9?9?9?9E0?9?9?9?9*9?9*9?9?9?9?9?9?9*9*_?9*9*9?9?9,32.6,28.5,79,100341,9999,9999,453,0,0,0,999900,999900,999900,99990,180,1.6,5,5,999.0,999,9,'999999999,0,0.0000,0,88,999.000,0.0,1.0
2056/6/18,24:00,?9?9?9?9E0?9?9?9?9*9?9*9?9?9?9?9?9?9*9*_?9*9*9?9?9,32.4,28.3,79,100341,9999,9999,451,0,0,0,999900,999900,999900,99990,180,1.8,5,5,999.0,999,9,'999999999,0,0.0000,0,88,999.000,0.0,1.0
2056/6/19,01:00,?9?9?9?9E0?9?9?9?9*9?9*9?9?9?9?9?9?9*9*_?9*9*9?9?9,32.1,28.0,79,100341,9999,9999,449,0,0,0,999900,999900,999900,99990,200,1.2,5,5,999.0,999,9,'999999999,0,0.0000,0,88,999.000,0.0,1.0
2056/6/19,02:00,?9?9?9?9E0?9?9?9?9*9?9*9?9?9?9?9?9?9*9*_?9*9*9?9?9,32.1,27.8,78,100341,9999,9999,442,0,0,0,999900,999900,999900,99990,210,1.1,3,3,999.0,999,9,'999999999,0,0.0000,0,88,999.000,0.0,1.0
2056/6/19,03:00,?9?9?9?9E0?9?9?9?9*9?9*9?9?9?9?9?9?9*9*_?9*9*9?9?9,31.9,27.6,78,100341,9999,9999,441,0,0,0,999900,999900,999900,99990,180,0.9,3,3,999.0,999,9,'999999999,0,0.0000,0,88,999.000,0.0,1.0
2056/6/19,04:00,?9?9?9?9E0?9?9?9?9*9?9*9?9?9?9?9?9?9*9*_?9*9*9?9?9,31.8,27.5,78,100341,9999,9999,440,0,0,0,999900,999900,999900,99990,200,0.8,3,3,999.0,999,9,'999999999,0,0.0000,0,88,999.000,0.0,1.0
2056/6/19,05:00,?9?9?9?9E0?9?9?9?9*9?9*9?9?9?9?9?9?9*9*_?9*9*9?9?9,31.5,27.2,78,100341,9999,9999,438,0,0,0,999900,999900,999900,99990,200,1.1,3,3,999.0,999,9,'999999999,0,0.0000,0,88,999.000,0.0,1.0
2056/6/19,06:00,?9?9?9?9E0?9?9?9?9*9?9*9?9?9?9?9?9?9*9*_?9*9*9?9?9,31.1,27.0,79,100341,9999,9999,439,1,0,1,999900,999900,999900,99990,230,0.7,4,4,999.0,999,9,'999999999,0,0.0000,0,88,999.000,0.0,1.0
2056/6/19,07:00,?9?9?9?9E0?9?9?9?9*9?9*9?9?9?9?9?9?9*9*_?9*9*9?9?9,31.8,27.3,77,100441,9999,9999,447,82,99,66,999900,999900,999900,99990,230,1.0,5,5,999.0,999,9,'999999999,0,0.0000,0,88,999.000,0.0,1.0
2056/6/19,08:00,?9?9?9?9E0?9?9?9?9*9?9*9?9?9?9?9?9?9*9*_?9*9*9?9?9,32.8,26.4,69,100541,9999,9999,461,237,199,158,999900,999900,999900,99990,230,1.0,7,7,999.0,999,9,'999999999,0,0.0000,0,88,999.000,0.0,1.0
2056/6/19,09:00,?9?9?9?9E0?9?9?9?9*9?9*9?9?9?9?9?9?9*9*_?9*9*9?9?9,34.0,23.4,54,100541,9999,9999,471,404,285,232,999900,999900,999900,99990,270,1.5,8,8,999.0,999,9,'999999999,0,0.0000,0,88,999.000,0.0,1.0
2056/6/19,10:00,?9?9?9?9E0?9?9?9?9*9?9*9?9?9?9?9?9?9*9*_?9*9*9?9?9,36.3,22.1,44,100541,9999,9999,476,627,488,250,999900,999900,999900,99990,270,1.5,7,7,999.0,999,9,'999999999,0,0.0000,0,88,999.000,0.0,1.0
2056/6/19,11:00,?9?9?9?9E0?9?9?9?9*9?9*9?9?9?9?9?9?9*9*_?9*9*9?9?9,37.6,21.3,39,100541,9999,9999,473,853,712,213,999900,999900,999900,99990,270,1.9,5,5,999.0,999,9,'999999999,0,0.0000,0,88,999.000,0.0,1.0
2056/6/19,12:00,?9?9?9?9E0?9?9?9?9*9?9*9?9?9?9?9?9?9*9*_?9*9*9?9?9,38.4,19.3,33,100541,9999,9999,475,938,743,217,999900,999900,999900,99990,270,2.1,5,5,999.0,999,9,'999999999,0,0.0000,0,88,999.000,0.0,1.0
2056/6/19,13:00,?9?9?9?9E0?9?9?9?9*9?9*9?9?9?9?9?9?9*9*_?9*9*9?9?9,39.7,19.9,32,100441,9999,9999,484,966,776,205,999900,999900,999900,99990,270,1.5,5,5,999.0,999,9,'999999999,0,0.0000,0,88,999.000,0.0,1.0
2056/6/19,14:00,?9?9?9?9E0?9?9?9?9*9?9*9?9?9?9?9?9?9*9*_?9*9*9?9?9,39.6,20.8,34,100341,9999,9999,477,959,861,159,999900,999900,999900,99990,260,1.4,3,3,999.0,999,9,'999999999,0,0.0000,0,88,999.000,0.0,1.0
2056/6/19,15:00,?9?9?9?9E0?9?9?9?9*9?9*9?9?9?9?9?9?9*9*_?9*9*9?9?9,40.2,21.3,34,100241,9999,9999,482,839,854,137,999900,999900,999900,99990,260,1.2,3,3,999.0,999,9,'999999999,0,0.0000,0,88,999.000,0.0,1.0
2056/6/19,16:00,?9?9?9?9E0?9?9?9?9*9?9*9?9?9?9?9?9?9*9*_?9*9*9?9?9,40.8,19.8,30,100241,9999,9999,491,614,709,143,999900,999900,999900,99990,260,1.3,5,5,999.0,999,9,'999999999,0,0.0000,0,88,999.000,0.0,1.0
2056/6/19,17:00,?9?9?9?9E0?9?9?9?9*9?9*9?9?9?9?9?9?9*9*_?9*9*9?9?9,39.7,19.4,31,100241,9999,9999,483,397,579,126,999900,999900,999900,99990,220,1.0,5,5,999.0,999,9,'999999999,0,0.0000,0,88,999.000,0.0,1.0
2056/6/19,18:00,?9?9?9?9E0?9?9?9?9*9?9*9?9?9?9?9?9?9*9*_?9*9*9?9?9,34.8,25.9,60,100141,9999,9999,463,163,295,91,999900,999900,999900,99990,230,1.1,5,5,999.0,999,9,'999999999,0,0.0000,0,88,999.000,0.0,1.0
2056/6/19,19:00,?9?9?9?9E0?9?9?9?9*9?9*9?9?9?9?9?9?9*9*_?9*9*9?9?9,33.0,28.2,76,100241,9999,9999,448,17,0,17,999900,999900,999900,99990,170,1.0,3,3,999.0,999,9,'999999999,0,0.0000,0,88,999.000,0.2,1.0
2056/6/19,20:00,?9?9?9?9E0?9?9?9?9*9?9*9?9?9?9?9?9?9*9*_?9*9*9?9?9,32.7,28.1,77,100341,9999,9999,446,0,0,0,999900,999900,999900,99990,160,1.0,3,3,999.0,999,9,'999999999,0,0.0000,0,88,999.000,0.0,1.0
2056/6/19,21:00,?9?9?9?9E0?9?9?9?9*9?9*9?9?9?9?9?9?9*9*_?9*9*9?9?9,32.5,28.2,78,100341,9999,9999,456,0,0,0,999900,999900,999900,99990,230,1.1,6,6,999.0,999,9,'999999999,0,0.0000,0,88,999.000,0.0,1.0
2056/6/19,22:00,?9?9?9?9E0?9?9?9?9*9?9*9?9?9?9?9?9?9*9*_?9*9*9?9?9,32.3,28.0,78,100441,9999,9999,460,0,0,0,999900,999900,999900,99990,230,1.3,7,7,999.0,999,9,'999999999,0,0.0000,0,88,999.000,0.0,1.0
2056/6/19,23:00,?9?9?9?9E0?9?9?9?9*9?9*9?9?9?9?9?9?9*9*_?9*9*9?9?9,32.2,28.3,80,100441,9999,9999,454,0,0,0,999900,999900,999900,99990,230,1.2,6,6,999.0,999,9,'999999999,0,0.0000,0,88,999.000,0.0,1.0
2056/6/19,24:00,?9?9?9?9E0?9?9?9?9*9?9*9?9?9?9?9?9?9*9*_?9*9*9?9?9,31.9,28.0,80,100341,9999,9999,448,0,0,0,999900,999900,999900,99990,180,0.7,5,5,999.0,999,9,'999999999,0,0.0000,0,88,999.000,0.0,1.0
2056/6/20,01:00,?9?9?9?9E0?9?9?9?9*9?9*9?9?9?9?9?9?9*9*_?9*9*9?9?9,31.7,28.0,81,100341,9999,9999,447,0,0,0,999900,999900,999900,99990,180,0.3,5,5,999.0,999,9,'999999999,0,0.0000,0,88,999.000,0.0,1.0
2056/6/20,02:00,?9?9?9?9E0?9?9?9?9*9?9*9?9?9?9?9?9?9*9*_?9*9*9?9?9,31.6,28.0,81,100241,9999,9999,446,0,0,0,999900,999900,999900,99990,180,0.7,5,5,999.0,999,9,'999999999,0,0.0000,0,88,999.000,0.0,1.0
2056/6/20,03:00,?9?9?9?9E0?9?9?9?9*9?9*9?9?9?9?9?9?9*9*_?9*9*9?9?9,31.5,27.0,77,100241,9999,9999,444,0,0,0,999900,999900,999900,99990,200,0.9,5,5,999.0,999,9,'999999999,0,0.0000,0,88,999.000,0.0,1.0
2056/6/20,04:00,?9?9?9?9E0?9?9?9?9*9?9*9?9?9?9?9?9?9*9*_?9*9*9?9?9,32.2,22.9,58,100241,9999,9999,443,0,0,0,999900,999900,999900,99990,200,1.3,5,5,999.0,999,9,'999999999,0,0.0000,0,88,999.000,0.0,1.0
2056/6/20,05:00,?9?9?9?9E0?9?9?9?9*9?9*9?9?9?9?9?9?9*9*_?9*9*9?9?9,32.0,22.7,58,100341,9999,9999,446,0,0,0,999900,999900,999900,99990,200,0.9,6,6,999.0,999,9,'999999999,0,0.0000,0,88,999.000,0.0,1.0
2056/6/20,06:00,?9?9?9?9E0?9?9?9?9*9?9*9?9?9?9?9?9?9*9*_?9*9*9?9?9,32.2,22.9,58,100341,9999,9999,452,1,0,1,999900,999900,999900,99990,290,1.1,7,7,999.0,999,9,'999999999,0,0.0000,0,88,999.000,0.0,1.0
2056/6/20,07:00,?9?9?9?9E0?9?9?9?9*9?9*9?9?9?9?9?9?9*9*_?9*9*9?9?9,32.6,23.3,58,100441,9999,9999,455,72,71,60,999900,999900,999900,99990,290,0.9,7,7,999.0,999,9,'999999999,0,0.0000,0,88,999.000,0.0,1.0
2056/6/20,08:00,?9?9?9?9E0?9?9?9?9*9?9*9?9?9?9?9?9?9*9*_?9*9*9?9?9,33.7,24.3,58,100541,9999,9999,458,276,327,147,999900,999900,999900,99990,290,1.4,6,6,999.0,999,9,'999999999,0,0.0000,0,88,999.000,0.0,1.0
2056/6/20,09:00,?9?9?9?9E0?9?9?9?9*9?9*9?9?9?9?9?9?9*9*_?9*9*9?9?9,35.4,24.4,53,100541,9999,9999,464,520,592,164,999900,999900,999900,99990,250,1.6,5,5,999.0,999,9,'999999999,0,0.0000,0,88,999.000,0.0,1.0
2056/6/20,10:00,?9?9?9?9E0?9?9?9?9*9?9*9?9?9?9?9?9?9*9*_?9*9*9?9?9,35.5,24.1,52,100541,9999,9999,464,704,666,189,999900,999900,999900,99990,270,1.7,5,5,999.0,999,9,'999999999,0,0.0000,0,88,999.000,0.0,1.0
2056/6/20,11:00,?9?9?9?9E0?9?9?9?9*9?9*9?9?9?9?9?9?9*9*_?9*9*9?9?9,37.6,23.7,45,100441,9999,9999,476,837,689,217,999900,999900,999900,99990,270,1.4,5,5,999.0,999,9,'999999999,0,0.0000,0,88,999.000,0.0,1.0
2056/6/20,12:00,?9?9?9?9E0?9?9?9?9*9?9*9?9?9?9?9?9?9*9*_?9*9*9?9?9,38.9,22.9,40,100341,9999,9999,483,917,706,232,999900,999900,999900,99990,240,1.6,5,5,999.0,999,9,'999999999,0,0.0000,0,88,999.000,0.0,1.0
2056/6/20,13:00,?9?9?9?9E0?9?9?9?9*9?9*9?9?9?9?9?9?9*9*_?9*9*9?9?9,39.8,23.2,39,100341,9999,9999,486,978,787,207,999900,999900,999900,99990,230,1.7,4,4,999.0,999,9,'999999999,0,0.0000,0,88,999.000,0.0,1.0
2056/6/20,14:00,?9?9?9?9E0?9?9?9?9*9?9*9?9?9?9?9?9?9*9*_?9*9*9?9?9,40.2,21.3,34,100241,9999,9999,489,891,734,208,999900,999900,999900,99990,270,1.5,5,5,999.0,999,9,'999999999,0,0.0000,0,88,999.000,0.0,1.0
2056/6/20,15:00,?9?9?9?9E0?9?9?9?9*9?9*9?9?9?9?9?9?9*9*_?9*9*9?9?9,40.9,21.0,32,100141,9999,9999,497,744,651,209,999900,999900,999900,99990,270,1.7,6,6,999.0,999,9,'999999999,0,0.0000,0,88,999.000,0.0,1.0
2056/6/20,16:00,?9?9?9?9E0?9?9?9?9*9?9*9?9?9?9?9?9?9*9*_?9*9*9?9?9,40.8,20.4,31,100141,9999,9999,501,536,506,199,999900,999900,999900,99990,250,1.7,7,7,999.0,999,9,'999999999,0,0.0000,0,88,999.000,0.0,1.0
2056/6/20,17:00,?9?9?9?9E0?9?9?9?9*9?9*9?9?9?9?9?9?9*9*_?9*9*9?9?9,38.3,22.3,40,100141,9999,9999,479,388,536,137,999900,999900,999900,99990,250,0.7,5,5,999.0,999,9,'999999999,0,0.0000,0,88,999.000,0.0,1.0
2056/6/20,18:00,?9?9?9?9E0?9?9?9?9*9?9*9?9?9?9?9?9?9*9*_?9*9*9?9?9,32.7,23.9,60,100241,9999,9999,447,170,323,90,999900,999900,999900,99990,70,2.3,5,5,999.0,999,9,'999999999,0,0.0000,0,88,999.000,0.0,1.0
2056/6/20,19:00,?9?9?9?9E0?9?9?9?9*9?9*9?9?9?9?9?9?9*9*_?9*9*9?9?9,31.1,28.7,87,100241,9999,9999,438,16,0,16,999900,999900,999900,99990,30,0.9,3,3,999.0,999,9,'999999999,0,0.0000,0,88,999.000,0.9,1.0
2056/6/20,20:00,?9?9?9?9E0?9?9?9?9*9?9*9?9?9?9?9?9?9*9*_?9*9*9?9?9,29.7,27.7,89,100341,9999,9999,432,0,0,0,999900,999900,999900,99990,90,0.7,4,4,999.0,999,9,'999999999,0,0.0000,0,88,999.000,4.9,1.0
2056/6/20,21:00,?9?9?9?9E0?9?9?9?9*9?9*9?9?9?9?9?9?9*9*_?9*9*9?9?9,30.2,28.4,90,100541,9999,9999,448,0,0,0,999900,999900,999900,99990,140,0.7,7,7,999.0,999,9,'999999999,0,0.0000,0,88,999.000,0.0,1.0
2056/6/20,22:00,?9?9?9?9E0?9?9?9?9*9?9*9?9?9?9?9?9?9*9*_?9*9*9?9?9,30.4,28.6,90,100441,9999,9999,437,0,0,0,999900,999900,999900,99990,50,0.5,4,4,999.0,999,9,'999999999,0,0.0000,0,88,999.000,0.0,1.0
2056/6/20,23:00,?9?9?9?9E0?9?9?9?9*9?9*9?9?9?9?9?9?9*9*_?9*9*9?9?9,30.5,28.7,90,100441,9999,9999,450,0,0,0,999900,999900,999900,99990,100,0.4,7,7,999.0,999,9,'999999999,0,0.0000,0,88,999.000,0.0,1.0
2056/6/20,24:00,?9?9?9?9E0?9?9?9?9*9?9*9?9?9?9?9?9?9*9*_?9*9*9?9?9,30.7,28.9,90,100441,9999,9999,459,0,0,0,999900,999900,999900,99990,140,0.1,8,8,999.0,999,9,'999999999,0,0.0000,0,88,999.000,0.0,1.0
2056/6/21,01:00,?9?9?9?9E0?9?9?9?9*9?9*9?9?9?9?9?9?9*9*_?9*9*9?9?9,30.7,28.9,90,100341,9999,9999,459,0,0,0,999900,999900,999900,99990,120,0.0,8,8,999.0,999,9,'999999999,0,0.0000,0,88,999.000,0.0,1.0
2056/6/21,02:00,?9?9?9?9E0?9?9?9?9*9?9*9?9?9?9?9?9?9*9*_?9*9*9?9?9,30.7,28.9,90,100341,9999,9999,459,0,0,0,999900,999900,999900,99990,140,0.0,8,8,999.0,999,9,'999999999,0,0.0000,0,88,999.000,0.0,1.0
2056/6/21,03:00,?9?9?9?9E0?9?9?9?9*9?9*9?9?9?9?9?9?9*9*_?9*9*9?9?9,30.5,28.7,90,100341,9999,9999,457,0,0,0,999900,999900,999900,99990,200,0.0,8,8,999.0,999,9,'999999999,0,0.0000,0,88,999.000,0.0,1.0
2056/6/21,04:00,?9?9?9?9E0?9?9?9?9*9?9*9?9?9?9?9?9?9*9*_?9*9*9?9?9,30.6,28.8,90,100341,9999,9999,458,0,0,0,999900,999900,999900,99990,200,0.4,8,8,999.0,999,9,'999999999,0,0.0000,0,88,999.000,0.0,1.0
2056/6/21,05:00,?9?9?9?9E0?9?9?9?9*9?9*9?9?9?9?9?9?9*9*_?9*9*9?9?9,30.5,28.7,90,100341,9999,9999,457,0,0,0,999900,999900,999900,99990,270,0.3,8,8,999.0,999,9,'999999999,0,0.0000,0,88,999.000,0.0,1.0
2056/6/21,06:00,?9?9?9?9E0?9?9?9?9*9?9*9?9?9?9?9?9?9*9*_?9*9*9?9?9,30.6,27.8,85,100341,9999,9999,444,1,0,1,999900,999900,999900,99990,270,0.7,6,6,999.0,999,9,'999999999,0,0.0000,0,88,999.000,0.0,1.0
2056/6/21,07:00,?9?9?9?9E0?9?9?9?9*9?9*9?9?9?9?9?9?9*9*_?9*9*9?9?9,30.8,25.6,74,100441,9999,9999,443,73,52,64,999900,999900,999900,99990,270,0.9,6,6,999.0,999,9,'999999999,0,0.0000,0,88,999.000,0.0,1.0
2056/6/21,08:00,?9?9?9?9E0?9?9?9?9*9?9*9?9?9?9?9?9?9*9*_?9*9*9?9?9,32.0,25.9,70,100441,9999,9999,462,204,92,168,999900,999900,999900,99990,250,1.1,8,8,999.0,999,9,'999999999,0,0.0000,0,88,999.000,0.0,1.0
2056/6/21,09:00,?9?9?9?9E0?9?9?9?9*9?9*9?9?9?9?9?9?9*9*_?9*9*9?9?9,33.1,23.5,57,100541,9999,9999,476,345,125,270,999900,999900,999900,99990,230,1.4,9,9,999.0,999,9,'999999999,0,0.0000,0,88,999.000,0.0,1.0
2056/6/21,10:00,?9?9?9?9E0?9?9?9?9*9?9*9?9?9?9?9?9?9*9*_?9*9*9?9?9,34.3,23.0,52,100541,9999,9999,483,484,160,360,999900,999900,999900,99990,260,1.4,9,9,999.0,999,9,'999999999,0,0.0000,0,88,999.000,0.0,1.0
2056/6/21,11:00,?9?9?9?9E0?9?9?9?9*9?9*9?9?9?9?9?9?9*9*_?9*9*9?9?9,35.3,23.0,49,100541,9999,9999,489,575,165,427,999900,999900,999900,99990,260,1.2,9,9,999.0,999,9,'999999999,0,0.0000,0,88,999.000,0.0,1.0
2056/6/21,12:00,?9?9?9?9E0?9?9?9?9*9?9*9?9?9?9?9?9?9*9*_?9*9*9?9?9,37.2,22.1,42,100441,9999,9999,500,635,172,468,999900,999900,999900,99990,260,1.5,9,9,999.0,999,9,'999999999,0,0.0000,0,88,999.000,0.0,1.0
2056/6/21,13:00,?9?9?9?9E0?9?9?9?9*9?9*9?9?9?9?9?9?9*9*_?9*9*9?9?9,37.2,20.1,37,100341,9999,9999,497,677,206,475,999900,999900,999900,99990,140,1.2,9,9,999.0,999,9,'999999999,0,0.0000,0,88,999.000,0.0,1.0
2056/6/21,14:00,?9?9?9?9E0?9?9?9?9*9?9*9?9?9?9?9?9?9*9*_?9*9*9?9?9,38.3,16.6,28,100241,9999,9999,498,646,223,439,999900,999900,999900,99990,270,1.0,9,9,999.0,999,9,'999999999,0,0.0000,0,88,999.000,0.0,1.0
2056/6/21,15:00,?9?9?9?9E0?9?9?9?9*9?9*9?9?9?9?9?9?9*9*_?9*9*9?9?9,38.2,17.1,29,100241,9999,9999,498,569,229,380,999900,999900,999900,99990,260,1.1,9,9,999.0,999,9,'999999999,0,0.0000,0,88,999.000,0.0,1.0
2056/6/21,16:00,?9?9?9?9E0?9?9?9?9*9?9*9?9?9?9?9?9?9*9*_?9*9*9?9?9,37.9,19.8,35,100141,9999,9999,501,416,169,303,999900,999900,999900,99990,290,0.7,9,9,999.0,999,9,'999999999,0,0.0000,0,88,999.000,0.0,1.0
2056/6/21,17:00,?9?9?9?9E0?9?9?9?9*9?9*9?9?9?9?9?9?9*9*_?9*9*9?9?9,38.0,23.6,44,100141,9999,9999,507,245,94,201,999900,999900,999900,99990,320,0.3,9,9,999.0,999,9,'999999999,0,0.0000,0,88,999.000,0.0,1.0
2056/6/21,18:00,?9?9?9?9E0?9?9?9?9*9?9*9?9?9?9?9?9?9*9*_?9*9*9?9?9,35.7,24.0,51,100141,9999,9999,493,97,40,87,999900,999900,999900,99990,190,0.5,9,9,999.0,999,9,'999999999,0,0.0000,0,88,999.000,0.0,1.0
2056/6/21,19:00,?9?9?9?9E0?9?9?9?9*9?9*9?9?9?9?9?9?9*9*_?9*9*9?9?9,33.6,25.3,62,100141,9999,9999,464,11,0,11,999900,999900,999900,99990,170,0.5,7,7,999.0,999,9,'999999999,0,0.0000,0,88,999.000,0.0,1.0
2056/6/21,20:00,?9?9?9?9E0?9?9?9?9*9?9*9?9?9?9?9?9?9*9*_?9*9*9?9?9,33.0,23.6,58,100241,9999,9999,442,0,0,0,999900,999900,999900,99990,180,0.7,3,3,999.0,999,9,'999999999,0,0.0000,0,88,999.000,0.0,1.0
2056/6/21,21:00,?9?9?9?9E0?9?9?9?9*9?9*9?9?9?9?9?9?9*9*_?9*9*9?9?9,31.8,24.4,65,100441,9999,9999,436,0,0,0,999900,999900,999900,99990,160,2.1,3,3,999.0,999,9,'999999999,0,0.0000,0,88,999.000,0.0,1.0
2056/6/21,22:00,?9?9?9?9E0?9?9?9?9*9?9*9?9?9?9?9?9?9*9*_?9*9*9?9?9,30.2,26.6,81,100441,9999,9999,440,0,0,0,999900,999900,999900,99990,140,0.5,6,6,999.0,999,9,'999999999,0,0.0000,0,88,999.000,0.3,1.0
2056/6/21,23:00,?9?9?9?9E0?9?9?9?9*9?9*9?9?9?9?9?9?9*9*_?9*9*9?9?9,30.3,26.7,81,100441,9999,9999,430,0,0,0,999900,999900,999900,99990,60,0.5,3,3,999.0,999,9,'999999999,0,0.0000,0,88,999.000,0.0,1.0
2056/6/21,24:00,?9?9?9?9E0?9?9?9?9*9?9*9?9?9?9?9?9?9*9*_?9*9*9?9?9,29.9,26.1,80,100441,9999,9999,438,0,0,0,999900,999900,999900,99990,180,0.1,6,6,999.0,999,9,'999999999,0,0.0000,0,88,999.000,0.0,1.0
2056/6/22,01:00,?9?9?9?9E0?9?9?9?9*9?9*9?9?9?9?9?9?9*9*_?9*9*9?9?9,29.9,26.1,80,100241,9999,9999,460,0,0,0,999900,999900,999900,99990,180,0.3,9,9,999.0,999,9,'999999999,0,0.0000,0,88,999.000,0.0,1.0
2056/6/22,02:00,?9?9?9?9E0?9?9?9?9*9?9*9?9?9?9?9?9?9*9*_?9*9*9?9?9,29.8,26.0,80,100241,9999,9999,459,0,0,0,999900,999900,999900,99990,180,0.1,9,9,999.0,999,9,'999999999,0,0.0000,0,88,999.000,0.0,1.0
2056/6/22,03:00,?9?9?9?9E0?9?9?9?9*9?9*9?9?9?9?9?9?9*9*_?9*9*9?9?9,30.3,24.5,71,100241,9999,9999,460,0,0,0,999900,999900,999900,99990,180,0.5,9,9,999.0,999,9,'999999999,0,0.0000,0,88,999.000,0.0,1.0
2056/6/22,04:00,?9?9?9?9E0?9?9?9?9*9?9*9?9?9?9?9?9?9*9*_?9*9*9?9?9,30.4,23.3,66,100241,9999,9999,459,0,0,0,999900,999900,999900,99990,240,0.4,9,9,999.0,999,9,'999999999,0,0.0000,0,88,999.000,0.0,1.0
2056/6/22,05:00,?9?9?9?9E0?9?9?9?9*9?9*9?9?9?9?9?9?9*9*_?9*9*9?9?9,30.8,21.6,58,100241,9999,9999,459,0,0,0,999900,999900,999900,99990,230,0.9,9,9,999.0,999,9,'999999999,0,0.0000,0,88,999.000,0.0,1.0
2056/6/22,06:00,?9?9?9?9E0?9?9?9?9*9?9*9?9?9?9?9?9?9*9*_?9*9*9?9?9,30.8,21.9,59,100241,9999,9999,434,1,0,1,999900,999900,999900,99990,250,0.9,5,5,999.0,999,9,'999999999,0,0.0000,0,88,999.000,0.0,1.0
2056/6/22,07:00,?9?9?9?9E0?9?9?9?9*9?9*9?9?9?9?9?9?9*9*_?9*9*9?9?9,32.0,22.1,56,100341,9999,9999,467,43,17,40,999900,999900,999900,99990,270,0.7,9,9,999.0,999,9,'999999999,0,0.0000,0,88,999.000,0.0,1.0
2056/6/22,08:00,?9?9?9?9E0?9?9?9?9*9?9*9?9?9?9?9?9?9*9*_?9*9*9?9?9,32.9,21.8,52,100441,9999,9999,472,192,87,158,999900,999900,999900,99990,270,1.0,9,9,999.0,999,9,'999999999,0,0.0000,0,88,999.000,0.0,1.0
2056/6/22,09:00,?9?9?9?9E0?9?9?9?9*9?9*9?9?9?9?9?9?9*9*_?9*9*9?9?9,33.9,23.0,53,100441,9999,9999,480,351,158,256,999900,999900,999900,99990,290,1.4,9,9,999.0,999,9,'999999999,0,0.0000,0,88,999.000,0.0,1.0
2056/6/22,10:00,?9?9?9?9E0?9?9?9?9*9?9*9?9?9?9?9?9?9*9*_?9*9*9?9?9,34.6,22.7,50,100341,9999,9999,484,494,224,321,999900,999900,999900,99990,280,1.5,9,9,999.0,999,9,'999999999,0,0.0000,0,88,999.000,0.0,1.0
2056/6/22,11:00,?9?9?9?9E0?9?9?9?9*9?9*9?9?9?9?9?9?9*9*_?9*9*9?9?9,35.9,23.2,48,100341,9999,9999,465,832,634,263,999900,999900,999900,99990,260,1.4,5,5,999.0,999,9,'999999999,0,0.0000,0,88,999.000,0.0,1.0
2056/6/22,12:00,?9?9?9?9E0?9?9?9?9*9?9*9?9?9?9?9?9?9*9*_?9*9*9?9?9,37.5,23.2,44,100241,9999,9999,475,905,662,263,999900,999900,999900,99990,280,2.2,5,5,999.0,999,9,'999999999,0,0.0000,0,88,999.000,0.0,1.0
2056/6/22,13:00,?9?9?9?9E0?9?9?9?9*9?9*9?9?9?9?9?9?9*9*_?9*9*9?9?9,38.2,21.8,39,100141,9999,9999,477,943,706,251,999900,999900,999900,99990,270,1.8,5,5,999.0,999,9,'999999999,0,0.0000,0,88,999.000,0.0,1.0
2056/6/22,14:00,?9?9?9?9E0?9?9?9?9*9?9*9?9?9?9?9?9?9*9*_?9*9*9?9?9,38.5,21.2,37,100141,9999,9999,478,880,685,243,999900,999900,999900,99990,300,1.4,5,5,999.0,999,9,'999999999,0,0.0000,0,88,999.000,0.0,1.0
2056/6/22,15:00,?9?9?9?9E0?9?9?9?9*9?9*9?9?9?9?9?9?9*9*_?9*9*9?9?9,39.4,20.6,34,100041,9999,9999,493,687,507,269,999900,999900,999900,99990,270,1.6,7,7,999.0,999,9,'999999999,0,0.0000,0,88,999.000,0.0,1.0
2056/6/22,16:00,?9?9?9?9E0?9?9?9?9*9?9*9?9?9?9?9?9?9*9*_?9*9*9?9?9,30.7,23.1,64,100041,9999,9999,444,496,383,241,999900,999900,999900,99990,270,1.8,7,7,999.0,999,9,'999999999,0,0.0000,0,88,999.000,2.9,1.0
2056/6/22,17:00,?9?9?9?9E0?9?9?9?9*9?9*9?9?9?9?9?9?9*9*_?9*9*9?9?9,34.1,28.6,73,100041,9999,9999,455,376,466,157,999900,999900,999900,99990,300,0.9,3,3,999.0,999,9,'999999999,0,0.0000,0,88,999.000,0.0,1.0
2056/6/22,18:00,?9?9?9?9E0?9?9?9?9*9?9*9?9?9?9?9?9?9*9*_?9*9*9?9?9,33.2,27.2,71,100041,9999,9999,448,174,308,98,999900,999900,999900,99990,130,0.7,3,3,999.0,999,9,'999999999,0,0.0000,0,88,999.000,0.0,1.0
2056/6/22,19:00,?9?9?9?9E0?9?9?9?9*9?9*9?9?9?9?9?9?9*9*_?9*9*9?9?9,32.7,26.3,69,100041,9999,9999,455,12,0,12,999900,999900,999900,99990,180,1.3,6,6,999.0,999,9,'999999999,0,0.0000,0,88,999.000,0.0,1.0
2056/6/22,20:00,?9?9?9?9E0?9?9?9?9*9?9*9?9?9?9?9?9?9*9*_?9*9*9?9?9,32.3,27.3,75,100141,9999,9999,443,0,0,0,999900,999900,999900,99990,170,1.2,3,3,999.0,999,9,'999999999,0,0.0000,0,88,999.000,0.0,1.0
2056/6/22,21:00,?9?9?9?9E0?9?9?9?9*9?9*9?9?9?9?9?9?9*9*_?9*9*9?9?9,31.7,27.8,80,100141,9999,9999,451,0,0,0,999900,999900,999900,99990,180,0.8,6,6,999.0,999,9,'999999999,0,0.0000,0,88,999.000,0.0,1.0
2056/6/22,22:00,?9?9?9?9E0?9?9?9?9*9?9*9?9?9?9?9?9?9*9*_?9*9*9?9?9,31.4,25.5,71,100241,9999,9999,458,0,0,0,999900,999900,999900,99990,230,1.6,8,8,999.0,999,9,'999999999,0,0.0000,0,88,999.000,0.0,1.0
2056/6/22,23:00,?9?9?9?9E0?9?9?9?9*9?9*9?9?9?9?9?9?9*9*_?9*9*9?9?9,30.7,24.6,70,100241,9999,9999,453,0,0,0,999900,999900,999900,99990,230,0.9,8,8,999.0,999,9,'999999999,0,0.0000,0,88,999.000,0.0,1.0
2056/6/22,24:00,?9?9?9?9E0?9?9?9?9*9?9*9?9?9?9?9?9?9*9*_?9*9*9?9?9,30.3,25.2,74,100141,9999,9999,451,0,0,0,999900,999900,999900,99990,180,1.1,8,8,999.0,999,9,'999999999,0,0.0000,0,88,999.000,0.0,1.0
2056/6/23,01:00,?9?9?9?9E0?9?9?9?9*9?9*9?9?9?9?9?9?9*9*_?9*9*9?9?9,30.2,24.8,73,100141,9999,9999,431,0,0,0,999900,999900,999900,99990,200,1.3,4,4,999.0,999,9,'999999999,0,0.0000,0,88,999.000,0.0,1.0
2056/6/23,02:00,?9?9?9?9E0?9?9?9?9*9?9*9?9?9?9?9?9?9*9*_?9*9*9?9?9,31.0,24.4,68,100041,9999,9999,431,0,0,0,999900,999900,999900,99990,200,1.3,3,3,999.0,999,9,'999999999,0,0.0000,0,88,999.000,0.0,1.0
2056/6/23,03:00,?9?9?9?9E0?9?9?9?9*9?9*9?9?9?9?9?9?9*9*_?9*9*9?9?9,31.2,24.4,67,100041,9999,9999,436,0,0,0,999900,999900,999900,99990,230,1.3,4,4,999.0,999,9,'999999999,0,0.0000,0,88,999.000,0.0,1.0
2056/6/23,04:00,?9?9?9?9E0?9?9?9?9*9?9*9?9?9?9?9?9?9*9*_?9*9*9?9?9,31.1,23.5,64,100041,9999,9999,438,0,0,0,999900,999900,999900,99990,270,1.5,5,5,999.0,999,9,'999999999,0,0.0000,0,88,999.000,0.0,1.0
2056/6/23,05:00,?9?9?9?9E0?9?9?9?9*9?9*9?9?9?9?9?9?9*9*_?9*9*9?9?9,30.9,22.5,61,100141,9999,9999,435,0,0,0,999900,999900,999900,99990,270,1.4,5,5,999.0,999,9,'999999999,0,0.0000,0,88,999.000,0.0,1.0
2056/6/23,06:00,?9?9?9?9E0?9?9?9?9*9?9*9?9?9?9?9?9?9*9*_?9*9*9?9?9,30.7,22.3,61,100141,9999,9999,430,1,0,1,999900,999900,999900,99990,270,1.3,4,4,999.0,999,9,'999999999,0,0.0000,0,88,999.000,0.0,1.0
2056/6/23,07:00,?9?9?9?9E0?9?9?9?9*9?9*9?9?9?9?9?9?9*9*_?9*9*9?9?9,31.2,22.8,61,100241,9999,9999,430,101,227,64,999900,999900,999900,99990,270,1.4,3,3,999.0,999,9,'999999999,0,0.0000,0,88,999.000,0.0,1.0
2056/6/23,08:00,?9?9?9?9E0?9?9?9?9*9?9*9?9?9?9?9?9?9*9*_?9*9*9?9?9,32.8,23.5,58,100241,9999,9999,441,322,553,106,999900,999900,999900,99990,260,1.3,3,3,999.0,999,9,'999999999,0,0.0000,0,88,999.000,0.0,1.0
2056/6/23,09:00,?9?9?9?9E0?9?9?9?9*9?9*9?9?9?9?9?9?9*9*_?9*9*9?9?9,34.3,22.1,49,100241,9999,9999,447,568,759,113,999900,999900,999900,99990,250,1.7,3,3,999.0,999,9,'999999999,0,0.0000,0,88,999.000,0.0,1.0
2056/6/23,10:00,?9?9?9?9E0?9?9?9?9*9?9*9?9?9?9?9?9?9*9*_?9*9*9?9?9,35.6,22.6,47,100241,9999,9999,456,764,820,131,999900,999900,999900,99990,260,1.9,3,3,999.0,999,9,'999999999,0,0.0000,0,88,999.000,0.0,1.0
2056/6/23,11:00,?9?9?9?9E0?9?9?9?9*9?9*9?9?9?9?9?9?9*9*_?9*9*9?9?9,37.2,21.4,40,100241,9999,9999,467,888,807,164,999900,999900,999900,99990,260,1.9,4,4,999.0,999,9,'999999999,0,0.0000,0,88,999.000,0.0,1.0
2056/6/23,12:00,?9?9?9?9E0?9?9?9?9*9?9*9?9?9?9?9?9?9*9*_?9*9*9?9?9,38.3,19.7,34,100141,9999,9999,475,935,763,196,999900,999900,999900,99990,260,1.7,5,5,999.0,999,9,'999999999,0,0.0000,0,88,999.000,0.0,1.0
2056/6/23,13:00,?9?9?9?9E0?9?9?9?9*9?9*9?9?9?9?9?9?9*9*_?9*9*9?9?9,39.3,19.6,32,100041,9999,9999,473,1035,899,154,999900,999900,999900,99990,320,1.8,3,3,999.0,999,9,'999999999,0,0.0000,0,88,999.000,0.0,1.0
2056/6/23,14:00,?9?9?9?9E0?9?9?9?9*9?9*9?9?9?9?9?9?9*9*_?9*9*9?9?9,39.8,17.9,28,100041,9999,9999,478,950,858,152,999900,999900,999900,99990,270,1.7,4,4,999.0,999,9,'999999999,0,0.0000,0,88,999.000,0.0,1.0
2056/6/23,15:00,?9?9?9?9E0?9?9?9?9*9?9*9?9?9?9?9?9?9*9*_?9*9*9?9?9,40.4,17.2,26,99941,9999,9999,484,804,797,147,999900,999900,999900,99990,270,1.5,5,5,999.0,999,9,'999999999,0,0.0000,0,88,999.000,0.0,1.0
2056/6/23,16:00,?9?9?9?9E0?9?9?9?9*9?9*9?9?9?9?9?9?9*9*_?9*9*9?9?9,40.3,16.5,25,99841,9999,9999,482,629,751,128,999900,999900,999900,99990,260,1.4,5,5,999.0,999,9,'999999999,0,0.0000,0,88,999.000,0.0,1.0
2056/6/23,17:00,?9?9?9?9E0?9?9?9?9*9?9*9?9?9?9?9?9?9*9*_?9*9*9?9?9,37.3,22.6,43,99941,9999,9999,470,408,631,111,999900,999900,999900,99990,260,1.1,4,4,999.0,999,9,'999999999,0,0.0000,0,88,999.000,0.0,1.0
2056/6/23,18:00,?9?9?9?9E0?9?9?9?9*9?9*9?9?9?9?9?9?9*9*_?9*9*9?9?9,34.9,24.8,56,99841,9999,9999,458,180,395,82,999900,999900,999900,99990,160,0.9,4,4,999.0,999,9,'999999999,0,0.0000,0,88,999.000,0.0,1.0
2056/6/23,19:00,?9?9?9?9E0?9?9?9?9*9?9*9?9?9?9?9?9?9*9*_?9*9*9?9?9,33.7,25.1,61,99941,9999,9999,452,19,0,19,999900,999900,999900,99990,160,1.2,4,4,999.0,999,9,'999999999,0,0.0000,0,88,999.000,0.0,1.0
2056/6/23,20:00,?9?9?9?9E0?9?9?9?9*9?9*9?9?9?9?9?9?9*9*_?9*9*9?9?9,33.0,27.8,74,100041,9999,9999,451,0,0,0,999900,999900,999900,99990,160,1.2,4,4,999.0,999,9,'999999999,0,0.0000,0,88,999.000,0.0,1.0
2056/6/23,21:00,?9?9?9?9E0?9?9?9?9*9?9*9?9?9?9?9?9?9*9*_?9*9*9?9?9,32.7,27.9,76,100041,9999,9999,449,0,0,0,999900,999900,999900,99990,180,1.0,4,4,999.0,999,9,'999999999,0,0.0000,0,88,999.000,0.0,1.0
2056/6/23,22:00,?9?9?9?9E0?9?9?9?9*9?9*9?9?9?9?9?9?9*9*_?9*9*9?9?9,32.7,28.4,78,100041,9999,9999,450,0,0,0,999900,999900,999900,99990,150,0.9,4,4,999.0,999,9,'999999999,0,0.0000,0,88,999.000,0.0,1.0
2056/6/23,23:00,?9?9?9?9E0?9?9?9?9*9?9*9?9?9?9?9?9?9*9*_?9*9*9?9?9,32.7,28.1,77,100141,9999,9999,453,0,0,0,999900,999900,999900,99990,150,0.5,5,5,999.0,999,9,'999999999,0,0.0000,0,88,999.000,0.0,1.0
2056/6/23,24:00,?9?9?9?9E0?9?9?9?9*9?9*9?9?9?9?9?9?9*9*_?9*9*9?9?9,33.3,28.0,74,100041,9999,9999,456,0,0,0,999900,999900,999900,99990,180,1.1,5,5,999.0,999,9,'999999999,0,0.0000,0,88,999.000,0.0,1.0
2056/6/24,01:00,?9?9?9?9E0?9?9?9?9*9?9*9?9?9?9?9?9?9*9*_?9*9*9?9?9,33.4,22.8,54,100041,9999,9999,450,0,0,0,999900,999900,999900,99990,180,0.7,5,5,999.0,999,9,'999999999,0,0.0000,0,88,999.000,0.0,1.0
2056/6/24,02:00,?9?9?9?9E0?9?9?9?9*9?9*9?9?9?9?9?9?9*9*_?9*9*9?9?9,33.1,22.6,54,100041,9999,9999,448,0,0,0,999900,999900,999900,99990,250,1.1,5,5,999.0,999,9,'999999999,0,0.0000,0,88,999.000,0.0,1.0
2056/6/24,03:00,?9?9?9?9E0?9?9?9?9*9?9*9?9?9?9?9?9?9*9*_?9*9*9?9?9,33.1,21.6,51,100041,9999,9999,440,0,0,0,999900,999900,999900,99990,250,0.9,3,3,999.0,999,9,'999999999,0,0.0000,0,88,999.000,0.0,1.0
2056/6/24,04:00,?9?9?9?9E0?9?9?9?9*9?9*9?9?9?9?9?9?9*9*_?9*9*9?9?9,32.7,20.3,48,100141,9999,9999,436,0,0,0,999900,999900,999900,99990,230,1.1,3,3,999.0,999,9,'999999999,0,0.0000,0,88,999.000,0.0,1.0
2056/6/24,05:00,?9?9?9?9E0?9?9?9?9*9?9*9?9?9?9?9?9?9*9*_?9*9*9?9?9,32.5,21.1,51,100141,9999,9999,439,0,0,0,999900,999900,999900,99990,230,1.1,4,4,999.0,999,9,'999999999,0,0.0000,0,88,999.000,0.0,1.0
2056/6/24,06:00,?9?9?9?9E0?9?9?9?9*9?9*9?9?9?9?9?9?9*9*_?9*9*9?9?9,32.2,21.7,54,100141,9999,9999,438,1,0,1,999900,999900,999900,99990,270,1.0,4,4,999.0,999,9,'999999999,0,0.0000,0,88,999.000,0.0,1.0
2056/6/24,07:00,?9?9?9?9E0?9?9?9?9*9?9*9?9?9?9?9?9?9*9*_?9*9*9?9?9,32.4,21.9,54,100241,9999,9999,452,73,56,64,999900,999900,999900,99990,240,1.1,7,7,999.0,999,9,'999999999,0,0.0000,0,88,999.000,0.0,1.0
2056/6/24,08:00,?9?9?9?9E0?9?9?9?9*9?9*9?9?9?9?9?9?9*9*_?9*9*9?9?9,33.7,22.5,52,100241,9999,9999,478,193,84,160,999900,999900,999900,99990,240,0.8,9,9,999.0,999,9,'999999999,0,0.0000,0,88,999.000,0.0,1.0
2056/6/24,09:00,?9?9?9?9E0?9?9?9?9*9?9*9?9?9?9?9?9?9*9*_?9*9*9?9?9,34.3,22.4,50,100341,9999,9999,482,359,150,269,999900,999900,999900,99990,290,1.3,9,9,999.0,999,9,'999999999,0,0.0000,0,88,999.000,0.0,1.0
2056/6/24,10:00,?9?9?9?9E0?9?9?9?9*9?9*9?9?9?9?9?9?9*9*_?9*9*9?9?9,34.7,22.8,50,100341,9999,9999,485,494,182,354,999900,999900,999900,99990,280,1.4,9,9,999.0,999,9,'999999999,0,0.0000,0,88,999.000,0.0,1.0
2056/6/24,11:00,?9?9?9?9E0?9?9?9?9*9?9*9?9?9?9?9?9?9*9*_?9*9*9?9?9,35.7,23.0,48,100241,9999,9999,491,586,185,420,999900,999900,999900,99990,270,1.3,9,9,999.0,999,9,'999999999,0,0.0000,0,88,999.000,0.0,1.0
2056/6/24,12:00,?9?9?9?9E0?9?9?9?9*9?9*9?9?9?9?9?9?9*9*_?9*9*9?9?9,37.0,22.4,43,100241,9999,9999,499,640,185,461,999900,999900,999900,99990,250,1.4,9,9,999.0,999,9,'999999999,0,0.0000,0,88,999.000,0.0,1.0
2056/6/24,13:00,?9?9?9?9E0?9?9?9?9*9?9*9?9?9?9?9?9?9*9*_?9*9*9?9?9,38.1,21.3,38,100141,9999,9999,504,672,213,463,999900,999900,999900,99990,280,1.6,9,9,999.0,999,9,'999999999,0,0.0000,0,88,999.000,0.0,1.0
2056/6/24,14:00,?9?9?9?9E0?9?9?9?9*9?9*9?9?9?9?9?9?9*9*_?9*9*9?9?9,39.6,20.3,33,100041,9999,9999,502,709,321,410,999900,999900,999900,99990,280,1.6,8,8,999.0,999,9,'999999999,0,0.0000,0,88,999.000,0.0,1.0
2056/6/24,15:00,?9?9?9?9E0?9?9?9?9*9?9*9?9?9?9?9?9?9*9*_?9*9*9?9?9,40.0,18.0,28,100041,9999,9999,501,638,359,342,999900,999900,999900,99990,230,2.1,8,8,999.0,999,9,'999999999,0,0.0000,0,88,999.000,0.0,1.0
2056/6/24,16:00,?9?9?9?9E0?9?9?9?9*9?9*9?9?9?9?9?9?9*9*_?9*9*9?9?9,40.1,17.5,27,99941,9999,9999,501,492,321,278,999900,999900,999900,99990,230,1.3,8,8,999.0,999,9,'999999999,0,0.0000,0,88,999.000,0.0,1.0
2056/6/24,17:00,?9?9?9?9E0?9?9?9?9*9?9*9?9?9?9?9?9?9*9*_?9*9*9?9?9,39.5,17.0,27,99941,9999,9999,496,317,237,205,999900,999900,999900,99990,270,1.3,8,8,999.0,999,9,'999999999,0,0.0000,0,88,999.000,0.0,1.0
2056/6/24,18:00,?9?9?9?9E0?9?9?9?9*9?9*9?9?9?9?9?9?9*9*_?9*9*9?9?9,39.1,16.7,27,100041,9999,9999,503,117,73,99,999900,999900,999900,99990,230,0.9,9,9,999.0,999,9,'999999999,0,0.0000,0,88,999.000,0.0,1.0
2056/6/24,19:00,?9?9?9?9E0?9?9?9?9*9?9*9?9?9?9?9?9?9*9*_?9*9*9?9?9,37.0,20.3,38,100141,9999,9999,496,9,0,9,999900,999900,999900,99990,250,0.8,9,9,999.0,999,9,'999999999,0,0.0000,0,88,999.000,0.0,1.0
2056/6/24,20:00,?9?9?9?9E0?9?9?9?9*9?9*9?9?9?9?9?9?9*9*_?9*9*9?9?9,33.8,27.8,71,100141,9999,9999,486,0,0,0,999900,999900,999900,99990,120,1.1,9,9,999.0,999,9,'999999999,0,0.0000,0,88,999.000,0.0,1.0
2056/6/24,21:00,?9?9?9?9E0?9?9?9?9*9?9*9?9?9?9?9?9?9*9*_?9*9*9?9?9,33.1,27.6,73,100241,9999,9999,464,0,0,0,999900,999900,999900,99990,180,1.3,7,7,999.0,999,9,'999999999,0,0.0000,0,88,999.000,0.0,1.0
2056/6/24,22:00,?9?9?9?9E0?9?9?9?9*9?9*9?9?9?9?9?9?9*9*_?9*9*9?9?9,32.8,27.8,75,100241,9999,9999,453,0,0,0,999900,999900,999900,99990,180,1.0,5,5,999.0,999,9,'999999999,0,0.0000,0,88,999.000,0.0,1.0
2056/6/24,23:00,?9?9?9?9E0?9?9?9?9*9?9*9?9?9?9?9?9?9*9*_?9*9*9?9?9,32.5,28.6,80,100241,9999,9999,453,0,0,0,999900,999900,999900,99990,180,0.9,5,5,999.0,999,9,'999999999,0,0.0000,0,88,999.000,0.0,1.0
2056/6/24,24:00,?9?9?9?9E0?9?9?9?9*9?9*9?9?9?9?9?9?9*9*_?9*9*9?9?9,32.2,28.5,81,100241,9999,9999,451,0,0,0,999900,999900,999900,99990,180,0.7,5,5,999.0,999,9,'999999999,0,0.0000,0,88,999.000,0.0,1.0
2056/6/25,01:00,?9?9?9?9E0?9?9?9?9*9?9*9?9?9?9?9?9?9*9*_?9*9*9?9?9,32.0,28.3,81,100141,9999,9999,449,0,0,0,999900,999900,999900,99990,200,0.3,5,5,999.0,999,9,'999999999,0,0.0000,0,88,999.000,0.0,1.0
2056/6/25,02:00,?9?9?9?9E0?9?9?9?9*9?9*9?9?9?9?9?9?9*9*_?9*9*9?9?9,32.4,25.2,66,100141,9999,9999,447,0,0,0,999900,999900,999900,99990,220,1.1,5,5,999.0,999,9,'999999999,0,0.0000,0,88,999.000,0.0,1.0
2056/6/25,03:00,?9?9?9?9E0?9?9?9?9*9?9*9?9?9?9?9?9?9*9*_?9*9*9?9?9,32.8,23.2,57,100241,9999,9999,447,0,0,0,999900,999900,999900,99990,240,1.5,5,5,999.0,999,9,'999999999,0,0.0000,0,88,999.000,0.0,1.0
2056/6/25,04:00,?9?9?9?9E0?9?9?9?9*9?9*9?9?9?9?9?9?9*9*_?9*9*9?9?9,33.0,23.1,56,100241,9999,9999,448,0,0,0,999900,999900,999900,99990,260,1.2,5,5,999.0,999,9,'999999999,0,0.0000,0,88,999.000,0.0,1.0
2056/6/25,05:00,?9?9?9?9E0?9?9?9?9*9?9*9?9?9?9?9?9?9*9*_?9*9*9?9?9,32.5,22.9,57,100241,9999,9999,445,0,0,0,999900,999900,999900,99990,260,1.3,5,5,999.0,999,9,'999999999,0,0.0000,0,88,999.000,0.0,1.0
2056/6/25,06:00,?9?9?9?9E0?9?9?9?9*9?9*9?9?9?9?9?9?9*9*_?9*9*9?9?9,32.2,22.9,58,100241,9999,9999,443,1,0,1,999900,999900,999900,99990,260,1.3,5,5,999.0,999,9,'999999999,0,0.0000,0,88,999.000,0.0,1.0
2056/6/25,07:00,?9?9?9?9E0?9?9?9?9*9?9*9?9?9?9?9?9?9*9*_?9*9*9?9?9,32.4,23.1,58,100341,9999,9999,441,96,167,69,999900,999900,999900,99990,320,1.3,4,4,999.0,999,9,'999999999,0,0.0000,0,88,999.000,0.0,1.0
2056/6/25,08:00,?9?9?9?9E0?9?9?9?9*9?9*9?9?9?9?9?9?9*9*_?9*9*9?9?9,33.7,23.7,56,100341,9999,9999,450,313,466,131,999900,999900,999900,99990,260,1.1,4,4,999.0,999,9,'999999999,0,0.0000,0,88,999.000,0.0,1.0
2056/6/25,09:00,?9?9?9?9E0?9?9?9?9*9?9*9?9?9?9?9?9?9*9*_?9*9*9?9?9,35.6,21.8,45,100341,9999,9999,458,559,688,148,999900,999900,999900,99990,260,2.0,4,4,999.0,999,9,'999999999,0,0.0000,0,88,999.000,0.0,1.0
2056/6/25,10:00,?9?9?9?9E0?9?9?9?9*9?9*9?9?9?9?9?9?9*9*_?9*9*9?9?9,36.5,21.9,43,100341,9999,9999,467,725,682,200,999900,999900,999900,99990,270,3.2,5,5,999.0,999,9,'999999999,0,0.0000,0,88,999.000,0.0,1.0
2056/6/25,11:00,?9?9?9?9E0?9?9?9?9*9?9*9?9?9?9?9?9?9*9*_?9*9*9?9?9,37.5,22.0,41,100341,9999,9999,483,748,472,324,999900,999900,999900,99990,270,2.5,7,7,999.0,999,9,'999999999,0,0.0000,0,88,999.000,0.0,1.0
2056/6/25,12:00,?9?9?9?9E0?9?9?9?9*9?9*9?9?9?9?9?9?9*9*_?9*9*9?9?9,38.6,20.9,36,100241,9999,9999,507,665,245,428,999900,999900,999900,99990,280,2.3,9,9,999.0,999,9,'999999999,0,0.0000,0,88,999.000,0.0,1.0
2056/6/25,13:00,?9?9?9?9E0?9?9?9?9*9?9*9?9?9?9?9?9?9*9*_?9*9*9?9?9,39.0,18.3,30,100241,9999,9999,505,709,274,440,999900,999900,999900,99990,270,2.3,9,9,999.0,999,9,'999999999,0,0.0000,0,88,999.000,0.0,1.0
2056/6/25,14:00,?9?9?9?9E0?9?9?9?9*9?9*9?9?9?9?9?9?9*9*_?9*9*9?9?9,40.4,13.9,21,100141,9999,9999,507,675,291,404,999900,999900,999900,99990,270,2.1,9,9,999.0,999,9,'999999999,0,0.0000,0,88,999.000,0.0,1.0
2056/6/25,15:00,?9?9?9?9E0?9?9?9?9*9?9*9?9?9?9?9?9?9*9*_?9*9*9?9?9,41.0,13.6,20,100041,9999,9999,511,593,296,349,999900,999900,999900,99990,290,2.2,9,9,999.0,999,9,'999999999,0,0.0000,0,88,999.000,0.0,1.0
2056/6/25,16:00,?9?9?9?9E0?9?9?9?9*9?9*9?9?9?9?9?9?9*9*_?9*9*9?9?9,41.2,15.9,23,100041,9999,9999,516,445,247,280,999900,999900,999900,99990,280,2.2,9,9,999.0,999,9,'999999999,0,0.0000,0,88,999.000,0.0,1.0
2056/6/25,17:00,?9?9?9?9E0?9?9?9?9*9?9*9?9?9?9?9?9?9*9*_?9*9*9?9?9,40.7,17.5,26,100041,9999,9999,504,319,254,199,999900,999900,999900,99990,280,1.7,8,8,999.0,999,9,'999999999,0,0.0000,0,88,999.000,0.0,1.0
2056/6/25,18:00,?9?9?9?9E0?9?9?9?9*9?9*9?9?9?9?9?9?9*9*_?9*9*9?9?9,38.0,26.4,52,100041,9999,9999,501,121,91,98,999900,999900,999900,99990,320,0.7,8,8,999.0,999,9,'999999999,0,0.0000,0,88,999.000,0.0,1.0
2056/6/25,19:00,?9?9?9?9E0?9?9?9?9*9?9*9?9?9?9?9?9?9*9*_?9*9*9?9?9,34.4,27.4,67,100041,9999,9999,472,13,0,13,999900,999900,999900,99990,320,0.9,7,7,999.0,999,9,'999999999,0,0.0000,0,88,999.000,0.0,1.0
2056/6/25,20:00,?9?9?9?9E0?9?9?9?9*9?9*9?9?9?9?9?9?9*9*_?9*9*9?9?9,33.9,26.7,66,100141,9999,9999,468,0,0,0,999900,999900,999900,99990,320,1.1,7,7,999.0,999,9,'999999999,0,0.0000,0,88,999.000,0.0,1.0
2056/6/25,21:00,?9?9?9?9E0?9?9?9?9*9?9*9?9?9?9?9?9?9*9*_?9*9*9?9?9,33.4,27.4,71,100141,9999,9999,460,0,0,0,999900,999900,999900,99990,160,1.2,6,6,999.0,999,9,'999999999,0,0.0000,0,88,999.000,0.0,1.0
2056/6/25,22:00,?9?9?9?9E0?9?9?9?9*9?9*9?9?9?9?9?9?9*9*_?9*9*9?9?9,33.1,27.9,74,100241,9999,9999,455,0,0,0,999900,999900,999900,99990,160,1.1,5,5,999.0,999,9,'999999999,0,0.0000,0,88,999.000,0.0,1.0
2056/6/25,23:00,?9?9?9?9E0?9?9?9?9*9?9*9?9?9?9?9?9?9*9*_?9*9*9?9?9,32.9,27.9,75,100241,9999,9999,454,0,0,0,999900,999900,999900,99990,160,1.2,5,5,999.0,999,9,'999999999,0,0.0000,0,88,999.000,0.0,1.0
2056/6/25,24:00,?9?9?9?9E0?9?9?9?9*9?9*9?9?9?9?9?9?9*9*_?9*9*9?9?9,32.6,28.1,77,100241,9999,9999,452,0,0,0,999900,999900,999900,99990,160,0.8,5,5,999.0,999,9,'999999999,0,0.0000,0,88,999.000,0.0,1.0
2056/6/26,01:00,?9?9?9?9E0?9?9?9?9*9?9*9?9?9?9?9?9?9*9*_?9*9*9?9?9,32.3,28.2,79,100141,9999,9999,451,0,0,0,999900,999900,999900,99990,180,0.7,5,5,999.0,999,9,'999999999,0,0.0000,0,88,999.000,0.0,1.0
2056/6/26,02:00,?9?9?9?9E0?9?9?9?9*9?9*9?9?9?9?9?9?9*9*_?9*9*9?9?9,32.0,27.9,79,100141,9999,9999,449,0,0,0,999900,999900,999900,99990,200,0.1,5,5,999.0,999,9,'999999999,0,0.0000,0,88,999.000,0.0,1.0
2056/6/26,03:00,?9?9?9?9E0?9?9?9?9*9?9*9?9?9?9?9?9?9*9*_?9*9*9?9?9,31.5,25.9,72,100141,9999,9999,443,0,0,0,999900,999900,999900,99990,180,0.8,5,5,999.0,999,9,'999999999,0,0.0000,0,88,999.000,0.0,1.0
2056/6/26,04:00,?9?9?9?9E0?9?9?9?9*9?9*9?9?9?9?9?9?9*9*_?9*9*9?9?9,31.6,24.0,64,100141,9999,9999,441,0,0,0,999900,999900,999900,99990,180,0.5,5,5,999.0,999,9,'999999999,0,0.0000,0,88,999.000,0.0,1.0
2056/6/26,05:00,?9?9?9?9E0?9?9?9?9*9?9*9?9?9?9?9?9?9*9*_?9*9*9?9?9,32.0,22.1,56,100241,9999,9999,441,0,0,0,999900,999900,999900,99990,250,0.8,5,5,999.0,999,9,'999999999,0,0.0000,0,88,999.000,0.0,1.0
2056/6/26,06:00,?9?9?9?9E0?9?9?9?9*9?9*9?9?9?9?9?9?9*9*_?9*9*9?9?9,31.9,22.9,59,100241,9999,9999,445,1,0,1,999900,999900,999900,99990,270,0.7,6,6,999.0,999,9,'999999999,0,0.0000,0,88,999.000,0.0,1.0
2056/6/26,07:00,?9?9?9?9E0?9?9?9?9*9?9*9?9?9?9?9?9?9*9*_?9*9*9?9?9,32.5,22.3,55,100341,9999,9999,444,89,125,69,999900,999900,999900,99990,250,1.1,5,5,999.0,999,9,'999999999,0,0.0000,0,88,999.000,0.0,1.0
2056/6/26,08:00,?9?9?9?9E0?9?9?9?9*9?9*9?9?9?9?9?9?9*9*_?9*9*9?9?9,33.9,23.0,53,100341,9999,9999,453,299,383,150,999900,999900,999900,99990,250,1.3,5,5,999.0,999,9,'999999999,0,0.0000,0,88,999.000,0.0,1.0
2056/6/26,09:00,?9?9?9?9E0?9?9?9?9*9?9*9?9?9?9?9?9?9*9*_?9*9*9?9?9,35.4,23.1,49,100341,9999,9999,466,494,471,213,999900,999900,999900,99990,270,2.1,6,6,999.0,999,9,'999999999,0,0.0000,0,88,999.000,0.0,1.0
2056/6/26,10:00,?9?9?9?9E0?9?9?9?9*9?9*9?9?9?9?9?9?9*9*_?9*9*9?9?9,36.5,22.7,45,100341,9999,9999,486,572,325,321,999900,999900,999900,99990,280,3.3,8,8,999.0,999,9,'999999999,0,0.0000,0,88,999.000,0.0,1.0
2056/6/26,11:00,?9?9?9?9E0?9?9?9?9*9?9*9?9?9?9?9?9?9*9*_?9*9*9?9?9,37.5,22.0,41,100241,9999,9999,501,604,219,407,999900,999900,999900,99990,280,2.7,9,9,999.0,999,9,'999999999,0,0.0000,0,88,999.000,0.0,1.0
2056/6/26,12:00,?9?9?9?9E0?9?9?9?9*9?9*9?9?9?9?9?9?9*9*_?9*9*9?9?9,38.6,21.3,37,100241,9999,9999,507,661,214,454,999900,999900,999900,99990,320,2.5,9,9,999.0,999,9,'999999999,0,0.0000,0,88,999.000,0.0,1.0
2056/6/26,13:00,?9?9?9?9E0?9?9?9?9*9?9*9?9?9?9?9?9?9*9*_?9*9*9?9?9,39.3,21.0,35,100141,9999,9999,512,689,233,460,999900,999900,999900,99990,320,2.1,9,9,999.0,999,9,'999999999,0,0.0000,0,88,999.000,0.0,1.0
2056/6/26,14:00,?9?9?9?9E0?9?9?9?9*9?9*9?9?9?9?9?9?9*9*_?9*9*9?9?9,39.9,20.1,32,100041,9999,9999,514,644,233,427,999900,999900,999900,99990,320,2.4,9,9,999.0,999,9,'999999999,0,0.0000,0,88,999.000,0.0,1.0
2056/6/26,15:00,?9?9?9?9E0?9?9?9?9*9?9*9?9?9?9?9?9?9*9*_?9*9*9?9?9,40.0,18.6,29,100041,9999,9999,512,572,246,369,999900,999900,999900,99990,270,2.0,9,9,999.0,999,9,'999999999,0,0.0000,0,88,999.000,0.0,1.0
2056/6/26,16:00,?9?9?9?9E0?9?9?9?9*9?9*9?9?9?9?9?9?9*9*_?9*9*9?9?9,40.3,18.8,29,99941,9999,9999,515,436,210,295,999900,999900,999900,99990,260,2.2,9,9,999.0,999,9,'999999999,0,0.0000,0,88,999.000,0.0,1.0
2056/6/26,17:00,?9?9?9?9E0?9?9?9?9*9?9*9?9?9?9?9?9?9*9*_?9*9*9?9?9,40.0,18.6,29,99941,9999,9999,512,273,149,203,999900,999900,999900,99990,290,1.3,9,9,999.0,999,9,'999999999,0,0.0000,0,88,999.000,0.0,1.0
2056/6/26,18:00,?9?9?9?9E0?9?9?9?9*9?9*9?9?9?9?9?9?9*9*_?9*9*9?9?9,39.4,18.1,29,100041,9999,9999,497,138,123,107,999900,999900,999900,99990,290,0.8,8,8,999.0,999,9,'999999999,0,0.0000,0,88,999.000,0.0,1.0
2056/6/26,19:00,?9?9?9?9E0?9?9?9?9*9?9*9?9?9?9?9?9?9*9*_?9*9*9?9?9,36.1,23.4,48,100041,9999,9999,476,15,0,15,999900,999900,999900,99990,290,0.8,7,7,999.0,999,9,'999999999,0,0.0000,0,88,999.000,0.0,1.0
2056/6/26,20:00,?9?9?9?9E0?9?9?9?9*9?9*9?9?9?9?9?9?9*9*_?9*9*9?9?9,34.1,27.9,70,100141,9999,9999,465,0,0,0,999900,999900,999900,99990,290,0.9,6,6,999.0,999,9,'999999999,0,0.0000,0,88,999.000,0.0,1.0
2056/6/26,21:00,?9?9?9?9E0?9?9?9?9*9?9*9?9?9?9?9?9?9*9*_?9*9*9?9?9,33.6,29.7,80,100141,9999,9999,460,0,0,0,999900,999900,999900,99990,270,1.2,5,5,999.0,999,9,'999999999,0,0.0000,0,88,999.000,0.0,1.0
2056/6/26,22:00,?9?9?9?9E0?9?9?9?9*9?9*9?9?9?9?9?9?9*9*_?9*9*9?9?9,33.5,30.0,82,100241,9999,9999,464,0,0,0,999900,999900,999900,99990,270,0.8,6,6,999.0,999,9,'999999999,0,0.0000,0,88,999.000,0.0,1.0
2056/6/26,23:00,?9?9?9?9E0?9?9?9?9*9?9*9?9?9?9?9?9?9*9*_?9*9*9?9?9,29.5,28.3,93,100241,9999,9999,451,0,0,0,999900,999900,999900,99990,240,0.9,8,8,999.0,999,9,'999999999,0,0.0000,0,88,999.000,1.9,1.0
2056/6/26,24:00,?9?9?9?9E0?9?9?9?9*9?9*9?9?9?9?9?9?9*9*_?9*9*9?9?9,31.2,29.2,89,100241,9999,9999,472,0,0,0,999900,999900,999900,99990,230,1.5,9,9,999.0,999,9,'999999999,0,0.0000,0,88,999.000,0.0,1.0
2056/6/27,01:00,?9?9?9?9E0?9?9?9?9*9?9*9?9?9?9?9?9?9*9*_?9*9*9?9?9,31.7,27.6,79,100241,9999,9999,456,0,0,0,999900,999900,999900,99990,140,1.7,7,7,999.0,999,9,'999999999,0,0.0000,0,88,999.000,0.0,1.0
2056/6/27,02:00,?9?9?9?9E0?9?9?9?9*9?9*9?9?9?9?9?9?9*9*_?9*9*9?9?9,31.8,26.4,73,100241,9999,9999,439,0,0,0,999900,999900,999900,99990,220,1.0,3,3,999.0,999,9,'999999999,0,0.0000,0,88,999.000,0.0,1.0
2056/6/27,03:00,?9?9?9?9E0?9?9?9?9*9?9*9?9?9?9?9?9?9*9*_?9*9*9?9?9,31.6,25.2,69,100241,9999,9999,436,0,0,0,999900,999900,999900,99990,220,1.1,3,3,999.0,999,9,'999999999,0,0.0000,0,88,999.000,0.0,1.0
2056/6/27,04:00,?9?9?9?9E0?9?9?9?9*9?9*9?9?9?9?9?9?9*9*_?9*9*9?9?9,32.0,23.0,59,100241,9999,9999,435,0,0,0,999900,999900,999900,99990,260,1.4,3,3,999.0,999,9,'999999999,0,0.0000,0,88,999.000,0.0,1.0
2056/6/27,05:00,?9?9?9?9E0?9?9?9?9*9?9*9?9?9?9?9?9?9*9*_?9*9*9?9?9,31.8,22.8,59,100241,9999,9999,434,0,0,0,999900,999900,999900,99990,270,1.1,3,3,999.0,999,9,'999999999,0,0.0000,0,88,999.000,0.0,1.0
2056/6/27,06:00,?9?9?9?9E0?9?9?9?9*9?9*9?9?9?9?9?9?9*9*_?9*9*9?9?9,31.5,22.5,59,100241,9999,9999,435,1,0,1,999900,999900,999900,99990,270,1.1,4,4,999.0,999,9,'999999999,0,0.0000,0,88,999.000,0.0,1.0
2056/6/27,07:00,?9?9?9?9E0?9?9?9?9*9?9*9?9?9?9?9?9?9*9*_?9*9*9?9?9,32.0,23.0,59,100241,9999,9999,458,55,37,49,999900,999900,999900,99990,270,1.1,8,8,999.0,999,9,'999999999,0,0.0000,0,88,999.000,0.0,1.0
2056/6/27,08:00,?9?9?9?9E0?9?9?9?9*9?9*9?9?9?9?9?9?9*9*_?9*9*9?9?9,33.4,24.0,58,100341,9999,9999,468,217,151,158,999900,999900,999900,99990,270,1.2,8,8,999.0,999,9,'999999999,0,0.0000,0,88,999.000,0.0,1.0
2056/6/27,09:00,?9?9?9?9E0?9?9?9?9*9?9*9?9?9?9?9?9?9*9*_?9*9*9?9?9,34.9,23.6,52,100441,9999,9999,477,403,291,230,999900,999900,999900,99990,270,1.6,8,8,999.0,999,9,'999999999,0,0.0000,0,88,999.000,0.0,1.0
2056/6/27,10:00,?9?9?9?9E0?9?9?9?9*9?9*9?9?9?9?9?9?9*9*_?9*9*9?9?9,36.7,22.8,45,100441,9999,9999,474,671,583,222,999900,999900,999900,99990,270,1.8,6,6,999.0,999,9,'999999999,0,0.0000,0,88,999.000,0.0,1.0
2056/6/27,11:00,?9?9?9?9E0?9?9?9?9*9?9*9?9?9?9?9?9?9*9*_?9*9*9?9?9,37.9,19.3,34,100341,9999,9999,476,824,663,230,999900,999900,999900,99990,270,2.6,6,6,999.0,999,9,'999999999,0,0.0000,0,88,999.000,0.0,1.0
2056/6/27,12:00,?9?9?9?9E0?9?9?9?9*9?9*9?9?9?9?9?9?9*9*_?9*9*9?9?9,39.0,19.3,32,100341,9999,9999,483,893,665,249,999900,999900,999900,99990,270,2.5,6,6,999.0,999,9,'999999999,0,0.0000,0,88,999.000,0.0,1.0
2056/6/27,13:00,?9?9?9?9E0?9?9?9?9*9?9*9?9?9?9?9?9?9*9*_?9*9*9?9?9,39.9,18.0,28,100241,9999,9999,482,985,796,204,999900,999900,999900,99990,290,2.2,5,5,999.0,999,9,'999999999,0,0.0000,0,88,999.000,0.0,1.0
2056/6/27,14:00,?9?9?9?9E0?9?9?9?9*9?9*9?9?9?9?9?9?9*9*_?9*9*9?9?9,40.7,17.5,26,100141,9999,9999,486,919,785,187,999900,999900,999900,99990,300,1.7,5,5,999.0,999,9,'999999999,0,0.0000,0,88,999.000,0.0,1.0
2056/6/27,15:00,?9?9?9?9E0?9?9?9?9*9?9*9?9?9?9?9?9?9*9*_?9*9*9?9?9,41.2,16.6,24,100041,9999,9999,488,813,794,157,999900,999900,999900,99990,280,1.7,5,5,999.0,999,9,'999999999,0,0.0000,0,88,999.000,0.0,1.0
2056/6/27,16:00,?9?9?9?9E0?9?9?9?9*9?9*9?9?9?9?9?9?9*9*_?9*9*9?9?9,39.6,20.3,33,100041,9999,9999,480,646,764,134,999900,999900,999900,99990,280,1.6,4,4,999.0,999,9,'999999999,0,0.0000,0,88,999.000,0.0,1.0
2056/6/27,17:00,?9?9?9?9E0?9?9?9?9*9?9*9?9?9?9?9?9?9*9*_?9*9*9?9?9,35.0,26.1,60,100041,9999,9999,464,373,481,145,999900,999900,999900,99990,280,1.5,5,5,999.0,999,9,'999999999,0,0.0000,0,88,999.000,0.0,1.0
2056/6/27,18:00,?9?9?9?9E0?9?9?9?9*9?9*9?9?9?9?9?9?9*9*_?9*9*9?9?9,33.8,27.8,71,100041,9999,9999,459,162,261,96,999900,999900,999900,99990,130,1.3,5,5,999.0,999,9,'999999999,0,0.0000,0,88,999.000,0.0,1.0
2056/6/27,19:00,?9?9?9?9E0?9?9?9?9*9?9*9?9?9?9?9?9?9*9*_?9*9*9?9?9,33.3,27.6,72,100141,9999,9999,456,18,0,18,999900,999900,999900,99990,140,1.5,5,5,999.0,999,9,'999999999,0,0.0000,0,88,999.000,0.0,1.0
2056/6/27,20:00,?9?9?9?9E0?9?9?9?9*9?9*9?9?9?9?9?9?9*9*_?9*9*9?9?9,32.9,28.1,76,100141,9999,9999,447,0,0,0,999900,999900,999900,99990,160,1.2,3,3,999.0,999,9,'999999999,0,0.0000,0,88,999.000,0.0,1.0
2056/6/27,21:00,?9?9?9?9E0?9?9?9?9*9?9*9?9?9?9?9?9?9*9*_?9*9*9?9?9,33.0,28.2,76,100141,9999,9999,452,0,0,0,999900,999900,999900,99990,180,1.3,4,4,999.0,999,9,'999999999,0,0.0000,0,88,999.000,0.0,1.0
2056/6/27,22:00,?9?9?9?9E0?9?9?9?9*9?9*9?9?9?9?9?9?9*9*_?9*9*9?9?9,32.6,27.8,76,100241,9999,9999,452,0,0,0,999900,999900,999900,99990,180,1.1,5,5,999.0,999,9,'999999999,0,0.0000,0,88,999.000,0.0,1.0
2056/6/27,23:00,?9?9?9?9E0?9?9?9?9*9?9*9?9?9?9?9?9?9*9*_?9*9*9?9?9,32.4,27.6,76,100241,9999,9999,447,0,0,0,999900,999900,999900,99990,180,1.1,4,4,999.0,999,9,'999999999,0,0.0000,0,88,999.000,0.0,1.0
2056/6/27,24:00,?9?9?9?9E0?9?9?9?9*9?9*9?9?9?9?9?9?9*9*_?9*9*9?9?9,32.0,27.7,78,100241,9999,9999,441,0,0,0,999900,999900,999900,99990,180,0.9,3,3,999.0,999,9,'999999999,0,0.0000,0,88,999.000,0.0,1.0
2056/6/28,01:00,?9?9?9?9E0?9?9?9?9*9?9*9?9?9?9?9?9?9*9*_?9*9*9?9?9,32.1,25.7,69,100241,9999,9999,439,0,0,0,999900,999900,999900,99990,230,1.4,3,3,999.0,999,9,'999999999,0,0.0000,0,88,999.000,0.0,1.0
2056/6/28,02:00,?9?9?9?9E0?9?9?9?9*9?9*9?9?9?9?9?9?9*9*_?9*9*9?9?9,32.6,23.6,59,100241,9999,9999,439,0,0,0,999900,999900,999900,99990,230,1.5,3,3,999.0,999,9,'999999999,0,0.0000,0,88,999.000,0.0,1.0
2056/6/28,03:00,?9?9?9?9E0?9?9?9?9*9?9*9?9?9?9?9?9?9*9*_?9*9*9?9?9,32.4,23.1,58,100241,9999,9999,438,0,0,0,999900,999900,999900,99990,250,1.0,3,3,999.0,999,9,'999999999,0,0.0000,0,88,999.000,0.0,1.0
2056/6/28,04:00,?9?9?9?9E0?9?9?9?9*9?9*9?9?9?9?9?9?9*9*_?9*9*9?9?9,32.1,22.5,57,100241,9999,9999,435,0,0,0,999900,999900,999900,99990,250,0.8,3,3,999.0,999,9,'999999999,0,0.0000,0,88,999.000,0.0,1.0
2056/6/28,05:00,?9?9?9?9E0?9?9?9?9*9?9*9?9?9?9?9?9?9*9*_?9*9*9?9?9,31.7,22.1,57,100341,9999,9999,432,0,0,0,999900,999900,999900,99990,240,0.7,3,3,999.0,999,9,'999999999,0,0.0000,0,88,999.000,0.0,1.0
2056/6/28,06:00,?9?9?9?9E0?9?9?9?9*9?9*9?9?9?9?9?9?9*9*_?9*9*9?9?9,31.0,22.1,59,100341,9999,9999,432,1,0,1,999900,999900,999900,99990,290,0.7,4,4,999.0,999,9,'999999999,0,0.0000,0,88,999.000,0.0,1.0
2056/6/28,07:00,?9?9?9?9E0?9?9?9?9*9?9*9?9?9?9?9?9?9*9*_?9*9*9?9?9,31.8,22.5,58,100441,9999,9999,440,87,145,64,999900,999900,999900,99990,260,0.9,5,5,999.0,999,9,'999999999,0,0.0000,0,88,999.000,0.0,1.0
2056/6/28,08:00,?9?9?9?9E0?9?9?9?9*9?9*9?9?9?9?9?9?9*9*_?9*9*9?9?9,33.7,23.4,55,100441,9999,9999,453,294,418,132,999900,999900,999900,99990,260,1.3,5,5,999.0,999,9,'999999999,0,0.0000,0,88,999.000,0.0,1.0
2056/6/28,09:00,?9?9?9?9E0?9?9?9?9*9?9*9?9?9?9?9?9?9*9*_?9*9*9?9?9,35.4,23.1,49,100541,9999,9999,462,519,607,158,999900,999900,999900,99990,290,1.6,5,5,999.0,999,9,'999999999,0,0.0000,0,88,999.000,0.0,1.0
2056/6/28,10:00,?9?9?9?9E0?9?9?9?9*9?9*9?9?9?9?9?9?9*9*_?9*9*9?9?9,37.0,22.0,42,100441,9999,9999,470,718,704,176,999900,999900,999900,99990,290,2.0,5,5,999.0,999,9,'999999999,0,0.0000,0,88,999.000,0.0,1.0
2056/6/28,11:00,?9?9?9?9E0?9?9?9?9*9?9*9?9?9?9?9?9?9*9*_?9*9*9?9?9,37.8,20.6,37,100341,9999,9999,473,865,747,196,999900,999900,999900,99990,270,2.7,5,5,999.0,999,9,'999999999,0,0.0000,0,88,999.000,0.0,1.0
2056/6/28,12:00,?9?9?9?9E0?9?9?9?9*9?9*9?9?9?9?9?9?9*9*_?9*9*9?9?9,39.5,19.2,31,100341,9999,9999,482,948,760,212,999900,999900,999900,99990,270,2.5,5,5,999.0,999,9,'999999999,0,0.0000,0,88,999.000,0.0,1.0
2056/6/28,13:00,?9?9?9?9E0?9?9?9?9*9?9*9?9?9?9?9?9?9*9*_?9*9*9?9?9,40.0,18.6,29,100141,9999,9999,484,981,788,208,999900,999900,999900,99990,260,1.7,5,5,999.0,999,9,'999999999,0,0.0000,0,88,999.000,0.0,1.0
2056/6/28,14:00,?9?9?9?9E0?9?9?9?9*9?9*9?9?9?9?9?9?9*9*_?9*9*9?9?9,40.8,18.1,27,100041,9999,9999,492,867,674,238,999900,999900,999900,99990,260,2.0,6,6,999.0,999,9,'999999999,0,0.0000,0,88,999.000,0.0,1.0
2056/6/28,15:00,?9?9?9?9E0?9?9?9?9*9?9*9?9?9?9?9?9?9*9*_?9*9*9?9?9,41.2,17.3,25,100041,9999,9999,507,652,466,267,999900,999900,999900,99990,280,1.4,8,8,999.0,999,9,'999999999,0,0.0000,0,88,999.000,0.0,1.0
2056/6/28,16:00,?9?9?9?9E0?9?9?9?9*9?9*9?9?9?9?9?9?9*9*_?9*9*9?9?9,41.0,17.1,25,100041,9999,9999,492,597,606,191,999900,999900,999900,99990,270,1.7,6,6,999.0,999,9,'999999999,0,0.0000,0,88,999.000,0.0,1.0
2056/6/28,17:00,?9?9?9?9E0?9?9?9?9*9?9*9?9?9?9?9?9?9*9*_?9*9*9?9?9,35.2,26.6,61,100041,9999,9999,483,279,192,188,999900,999900,999900,99990,270,1.3,8,8,999.0,999,9,'999999999,0,0.0000,0,88,999.000,0.0,1.0
2056/6/28,18:00,?9?9?9?9E0?9?9?9?9*9?9*9?9?9?9?9?9?9*9*_?9*9*9?9?9,34.2,25.3,60,100041,9999,9999,485,101,55,87,999900,999900,999900,99990,120,1.5,9,9,999.0,999,9,'999999999,0,0.0000,0,88,999.000,0.0,1.0
2056/6/28,19:00,?9?9?9?9E0?9?9?9?9*9?9*9?9?9?9?9?9?9*9*_?9*9*9?9?9,34.1,26.6,65,100041,9999,9999,487,7,0,7,999900,999900,999900,99990,160,0.5,9,9,999.0,999,9,'999999999,0,0.0000,0,88,999.000,0.0,1.0
2056/6/28,20:00,?9?9?9?9E0?9?9?9?9*9?9*9?9?9?9?9?9?9*9*_?9*9*9?9?9,33.4,24.0,58,100141,9999,9999,478,0,0,0,999900,999900,999900,99990,160,0.8,9,9,999.0,999,9,'999999999,0,0.0000,0,88,999.000,0.0,1.0
2056/6/28,21:00,?9?9?9?9E0?9?9?9?9*9?9*9?9?9?9?9?9?9*9*_?9*9*9?9?9,33.0,24.8,62,100341,9999,9999,477,0,0,0,999900,999900,999900,99990,180,1.0,9,9,999.0,999,9,'999999999,0,0.0000,0,88,999.000,0.0,1.0
2056/6/28,22:00,?9?9?9?9E0?9?9?9?9*9?9*9?9?9?9?9?9?9*9*_?9*9*9?9?9,32.8,25.4,65,100341,9999,9999,454,0,0,0,999900,999900,999900,99990,200,1.3,6,6,999.0,999,9,'999999999,0,0.0000,0,88,999.000,0.0,1.0
2056/6/28,23:00,?9?9?9?9E0?9?9?9?9*9?9*9?9?9?9?9?9?9*9*_?9*9*9?9?9,32.4,27.0,73,100341,9999,9999,450,0,0,0,999900,999900,999900,99990,200,1.0,5,5,999.0,999,9,'999999999,0,0.0000,0,88,999.000,0.0,1.0
2056/6/28,24:00,?9?9?9?9E0?9?9?9?9*9?9*9?9?9?9?9?9?9*9*_?9*9*9?9?9,32.0,27.3,76,100241,9999,9999,448,0,0,0,999900,999900,999900,99990,190,1.2,5,5,999.0,999,9,'999999999,0,0.0000,0,88,999.000,0.0,1.0
2056/6/29,01:00,?9?9?9?9E0?9?9?9?9*9?9*9?9?9?9?9?9?9*9*_?9*9*9?9?9,32.4,25.2,66,100241,9999,9999,447,0,0,0,999900,999900,999900,99990,220,1.5,5,5,999.0,999,9,'999999999,0,0.0000,0,88,999.000,0.0,1.0
2056/6/29,02:00,?9?9?9?9E0?9?9?9?9*9?9*9?9?9?9?9?9?9*9*_?9*9*9?9?9,32.5,22.9,57,100241,9999,9999,445,0,0,0,999900,999900,999900,99990,220,1.6,5,5,999.0,999,9,'999999999,0,0.0000,0,88,999.000,0.0,1.0
2056/6/29,03:00,?9?9?9?9E0?9?9?9?9*9?9*9?9?9?9?9?9?9*9*_?9*9*9?9?9,32.4,22.5,56,100241,9999,9999,444,0,0,0,999900,999900,999900,99990,250,5.1,5,5,999.0,999,9,'999999999,0,0.0000,0,88,999.000,0.0,1.0
2056/6/29,04:00,?9?9?9?9E0?9?9?9?9*9?9*9?9?9?9?9?9?9*9*_?9*9*9?9?9,32.3,22.4,56,100241,9999,9999,452,0,0,0,999900,999900,999900,99990,200,1.6,7,7,999.0,999,9,'999999999,0,0.0000,0,88,999.000,0.0,1.0
2056/6/29,05:00,?9?9?9?9E0?9?9?9?9*9?9*9?9?9?9?9?9?9*9*_?9*9*9?9?9,32.0,22.1,56,100341,9999,9999,445,0,0,0,999900,999900,999900,99990,200,1.9,6,6,999.0,999,9,'999999999,0,0.0000,0,88,999.000,0.0,1.0
2056/6/29,06:00,?9?9?9?9E0?9?9?9?9*9?9*9?9?9?9?9?9?9*9*_?9*9*9?9?9,31.8,22.0,56,100341,9999,9999,436,0,0,0,999900,999900,999900,99990,270,1.4,4,4,999.0,999,9,'999999999,0,0.0000,0,88,999.000,0.0,1.0
2056/6/29,07:00,?9?9?9?9E0?9?9?9?9*9?9*9?9?9?9?9?9?9*9*_?9*9*9?9?9,32.0,22.1,56,100441,9999,9999,438,94,213,60,999900,999900,999900,99990,270,2.0,4,4,999.0,999,9,'999999999,0,0.0000,0,88,999.000,0.0,1.0
2056/6/29,08:00,?9?9?9?9E0?9?9?9?9*9?9*9?9?9?9?9?9?9*9*_?9*9*9?9?9,33.6,23.6,56,100441,9999,9999,452,295,417,134,999900,999900,999900,99990,270,2.1,5,5,999.0,999,9,'999999999,0,0.0000,0,88,999.000,0.0,1.0
2056/6/29,09:00,?9?9?9?9E0?9?9?9?9*9?9*9?9?9?9?9?9?9*9*_?9*9*9?9?9,34.5,22.2,49,100441,9999,9999,456,525,614,160,999900,999900,999900,99990,260,1.9,5,5,999.0,999,9,'999999999,0,0.0000,0,88,999.000,0.0,1.0
2056/6/29,10:00,?9?9?9?9E0?9?9?9?9*9?9*9?9?9?9?9?9?9*9*_?9*9*9?9?9,35.8,21.3,43,100441,9999,9999,462,724,707,181,999900,999900,999900,99990,270,2.7,5,5,999.0,999,9,'999999999,0,0.0000,0,88,999.000,0.0,1.0
2056/6/29,11:00,?9?9?9?9E0?9?9?9?9*9?9*9?9?9?9?9?9?9*9*_?9*9*9?9?9,37.4,21.1,39,100341,9999,9999,471,858,723,210,999900,999900,999900,99990,270,2.3,5,5,999.0,999,9,'999999999,0,0.0000,0,88,999.000,0.0,1.0
2056/6/29,12:00,?9?9?9?9E0?9?9?9?9*9?9*9?9?9?9?9?9?9*9*_?9*9*9?9?9,38.6,19.5,33,100341,9999,9999,476,939,720,241,999900,999900,999900,99990,270,2.0,5,5,999.0,999,9,'999999999,0,0.0000,0,88,999.000,0.0,1.0
2056/6/29,13:00,?9?9?9?9E0?9?9?9?9*9?9*9?9?9?9?9?9?9*9*_?9*9*9?9?9,39.6,20.3,33,100241,9999,9999,494,849,526,333,999900,999900,999900,99990,290,1.9,7,7,999.0,999,9,'999999999,0,0.0000,0,88,999.000,0.0,1.0
2056/6/29,14:00,?9?9?9?9E0?9?9?9?9*9?9*9?9?9?9?9?9?9*9*_?9*9*9?9?9,39.8,18.4,29,100241,9999,9999,511,648,275,391,999900,999900,999900,99990,290,1.2,9,9,999.0,999,9,'999999999,0,0.0000,0,88,999.000,0.0,1.0
2056/6/29,15:00,?9?9?9?9E0?9?9?9?9*9?9*9?9?9?9?9?9?9*9*_?9*9*9?9?9,36.3,22.5,45,100141,9999,9999,494,545,241,346,999900,999900,999900,99990,290,1.7,9,9,999.0,999,9,'999999999,0,0.0000,0,88,999.000,0.0,1.0
2056/6/29,16:00,?9?9?9?9E0?9?9?9?9*9?9*9?9?9?9?9?9?9*9*_?9*9*9?9?9,33.0,29.5,82,100041,9999,9999,461,496,365,251,999900,999900,999900,99990,130,1.3,6,6,999.0,999,9,'999999999,0,0.0000,0,88,999.000,1.1,1.0
2056/6/29,17:00,?9?9?9?9E0?9?9?9?9*9?9*9?9?9?9?9?9?9*9*_?9*9*9?9?9,34.0,27.3,68,100041,9999,9999,453,395,499,158,999900,999900,999900,99990,120,1.3,3,3,999.0,999,9,'999999999,0,0.0000,0,88,999.000,0.0,1.0
2056/6/29,18:00,?9?9?9?9E0?9?9?9?9*9?9*9?9?9?9?9?9?9*9*_?9*9*9?9?9,33.4,26.9,69,100141,9999,9999,465,127,120,97,999900,999900,999900,99990,120,0.9,7,7,999.0,999,9,'999999999,0,0.0000,0,88,999.000,0.0,1.0
2056/6/29,19:00,?9?9?9?9E0?9?9?9?9*9?9*9?9?9?9?9?9?9*9*_?9*9*9?9?9,33.2,28.2,75,100141,9999,9999,453,18,0,18,999900,999900,999900,99990,160,0.9,4,4,999.0,999,9,'999999999,0,0.0000,0,88,999.000,0.0,1.0
2056/6/29,20:00,?9?9?9?9E0?9?9?9?9*9?9*9?9?9?9?9?9?9*9*_?9*9*9?9?9,32.6,27.6,75,100241,9999,9999,452,0,0,0,999900,999900,999900,99990,130,1.0,5,5,999.0,999,9,'999999999,0,0.0000,0,88,999.000,0.0,1.0
2056/6/29,21:00,?9?9?9?9E0?9?9?9?9*9?9*9?9?9?9?9?9?9*9*_?9*9*9?9?9,32.4,28.1,78,100241,9999,9999,461,0,0,0,999900,999900,999900,99990,160,0.9,7,7,999.0,999,9,'999999999,0,0.0000,0,88,999.000,0.0,1.0
2056/6/29,22:00,?9?9?9?9E0?9?9?9?9*9?9*9?9?9?9?9?9?9*9*_?9*9*9?9?9,32.4,27.9,77,100341,9999,9999,478,0,0,0,999900,999900,999900,99990,140,2.0,9,9,999.0,999,9,'999999999,0,0.0000,0,88,999.000,0.0,1.0
2056/6/29,23:00,?9?9?9?9E0?9?9?9?9*9?9*9?9?9?9?9?9?9*9*_?9*9*9?9?9,32.0,26.3,72,100341,9999,9999,473,0,0,0,999900,999900,999900,99990,240,1.0,9,9,999.0,999,9,'999999999,0,0.0000,0,88,999.000,0.0,1.0
2056/6/29,24:00,?9?9?9?9E0?9?9?9?9*9?9*9?9?9?9?9?9?9*9*_?9*9*9?9?9,31.6,25.2,69,100241,9999,9999,469,0,0,0,999900,999900,999900,99990,230,0.9,9,9,999.0,999,9,'999999999,0,0.0000,0,88,999.000,0.0,1.0
2056/6/30,01:00,?9?9?9?9E0?9?9?9?9*9?9*9?9?9?9?9?9?9*9*_?9*9*9?9?9,31.6,25.2,69,100241,9999,9999,469,0,0,0,999900,999900,999900,99990,230,1.7,9,9,999.0,999,9,'999999999,0,0.0000,0,88,999.000,0.0,1.0
2056/6/30,02:00,?9?9?9?9E0?9?9?9?9*9?9*9?9?9?9?9?9?9*9*_?9*9*9?9?9,31.4,25.0,69,100241,9999,9999,467,0,0,0,999900,999900,999900,99990,230,1.6,9,9,999.0,999,9,'999999999,0,0.0000,0,88,999.000,0.0,1.0
2056/6/30,03:00,?9?9?9?9E0?9?9?9?9*9?9*9?9?9?9?9?9?9*9*_?9*9*9?9?9,31.2,25.1,70,100241,9999,9999,466,0,0,0,999900,999900,999900,99990,230,1.6,9,9,999.0,999,9,'999999999,0,0.0000,0,88,999.000,0.0,1.0
2056/6/30,04:00,?9?9?9?9E0?9?9?9?9*9?9*9?9?9?9?9?9?9*9*_?9*9*9?9?9,31.0,25.1,71,100241,9999,9999,455,0,0,0,999900,999900,999900,99990,220,1.7,8,8,999.0,999,9,'999999999,0,0.0000,0,88,999.000,0.0,1.0
2056/6/30,05:00,?9?9?9?9E0?9?9?9?9*9?9*9?9?9?9?9?9?9*9*_?9*9*9?9?9,31.0,25.1,71,100241,9999,9999,443,0,0,0,999900,999900,999900,99990,220,1.5,6,6,999.0,999,9,'999999999,0,0.0000,0,88,999.000,0.0,1.0
2056/6/30,06:00,?9?9?9?9E0?9?9?9?9*9?9*9?9?9?9?9?9?9*9*_?9*9*9?9?9,30.9,25.0,71,100341,9999,9999,438,0,0,0,999900,999900,999900,99990,220,1.5,5,5,999.0,999,9,'999999999,0,0.0000,0,88,999.000,0.0,1.0
2056/6/30,07:00,?9?9?9?9E0?9?9?9?9*9?9*9?9?9?9?9?9?9*9*_?9*9*9?9?9,31.2,25.3,71,100441,9999,9999,467,33,10,31,999900,999900,999900,99990,230,1.1,9,9,999.0,999,9,'999999999,0,0.0000,0,88,999.000,0.0,1.0
2056/6/30,08:00,?9?9?9?9E0?9?9?9?9*9?9*9?9?9?9?9?9?9*9*_?9*9*9?9?9,32.7,25.8,67,100441,9999,9999,477,171,58,149,999900,999900,999900,99990,230,1.9,9,9,999.0,999,9,'999999999,0,0.0000,0,88,999.000,0.0,1.0
2056/6/30,09:00,?9?9?9?9E0?9?9?9?9*9?9*9?9?9?9?9?9?9*9*_?9*9*9?9?9,33.4,24.0,58,100541,9999,9999,478,342,136,261,999900,999900,999900,99990,240,1.9,9,9,999.0,999,9,'999999999,0,0.0000,0,88,999.000,0.0,1.0
2056/6/30,10:00,?9?9?9?9E0?9?9?9?9*9?9*9?9?9?9?9?9?9*9*_?9*9*9?9?9,35.1,25.0,56,100541,9999,9999,491,470,164,344,999900,999900,999900,99990,270,1.9,9,9,999.0,999,9,'999999999,0,0.0000,0,88,999.000,0.0,1.0
2056/6/30,11:00,?9?9?9?9E0?9?9?9?9*9?9*9?9?9?9?9?9?9*9*_?9*9*9?9?9,36.1,23.4,48,100441,9999,9999,494,580,189,411,999900,999900,999900,99990,270,2.1,9,9,999.0,999,9,'999999999,0,0.0000,0,88,999.000,0.0,1.0
2056/6/30,12:00,?9?9?9?9E0?9?9?9?9*9?9*9?9?9?9?9?9?9*9*_?9*9*9?9?9,36.9,22.3,43,100441,9999,9999,498,636,204,439,999900,999900,999900,99990,270,1.6,9,9,999.0,999,9,'999999999,0,0.0000,0,88,999.000,0.0,1.0
2056/6/30,13:00,?9?9?9?9E0?9?9?9?9*9?9*9?9?9?9?9?9?9*9*_?9*9*9?9?9,38.3,20.2,35,100341,9999,9999,485,847,491,365,999900,999900,999900,99990,270,2.0,7,7,999.0,999,9,'999999999,0,0.0000,0,88,999.000,0.0,1.0
2056/6/30,14:00,?9?9?9?9E0?9?9?9?9*9?9*9?9?9?9?9?9?9*9*_?9*9*9?9?9,39.3,20.1,33,100241,9999,9999,482,894,688,252,999900,999900,999900,99990,260,1.6,5,5,999.0,999,9,'999999999,0,0.0000,0,88,999.000,0.0,1.0
2056/6/30,15:00,?9?9?9?9E0?9?9?9?9*9?9*9?9?9?9?9?9?9*9*_?9*9*9?9?9,40.2,19.8,31,100141,9999,9999,487,789,699,211,999900,999900,999900,99990,260,1.7,5,5,999.0,999,9,'999999999,0,0.0000,0,88,999.000,0.0,1.0
2056/6/30,16:00,?9?9?9?9E0?9?9?9?9*9?9*9?9?9?9?9?9?9*9*_?9*9*9?9?9,38.9,19.2,32,100141,9999,9999,482,582,552,211,999900,999900,999900,99990,240,1.2,6,6,999.0,999,9,'999999999,0,0.0000,0,88,999.000,0.0,1.0
2056/6/30,17:00,?9?9?9?9E0?9?9?9?9*9?9*9?9?9?9?9?9?9*9*_?9*9*9?9?9,31.4,24.5,67,100141,9999,9999,450,314,241,199,999900,999900,999900,99990,240,1.7,7,7,999.0,999,9,'999999999,0,0.0000,0,88,999.000,11.2,1.0
2056/6/30,18:00,?9?9?9?9E0?9?9?9?9*9?9*9?9?9?9?9?9?9*9*_?9*9*9?9?9,28.9,26.5,87,100141,9999,9999,445,106,57,92,999900,999900,999900,99990,270,1.0,8,8,999.0,999,9,'999999999,0,0.0000,0,88,999.000,2.8,1.0
2056/6/30,19:00,?9?9?9?9E0?9?9?9?9*9?9*9?9?9?9?9?9?9*9*_?9*9*9?9?9,29.5,27.1,87,100241,9999,9999,442,12,0,12,999900,999900,999900,99990,270,0.7,7,7,999.0,999,9,'999999999,0,0.0000,0,88,999.000,0.0,1.0
2056/6/30,20:00,?9?9?9?9E0?9?9?9?9*9?9*9?9?9?9?9?9?9*9*_?9*9*9?9?9,30.2,27.8,87,100241,9999,9999,438,0,0,0,999900,999900,999900,99990,270,0.8,5,5,999.0,999,9,'999999999,0,0.0000,0,88,999.000,0.0,1.0
2056/6/30,21:00,?9?9?9?9E0?9?9?9?9*9?9*9?9?9?9?9?9?9*9*_?9*9*9?9?9,31.1,27.9,83,100341,9999,9999,437,0,0,0,999900,999900,999900,99990,150,0.4,3,3,999.0,999,9,'999999999,0,0.0000,0,88,999.000,0.0,1.0
2056/6/30,22:00,?9?9?9?9E0?9?9?9?9*9?9*9?9?9?9?9?9?9*9*_?9*9*9?9?9,31.3,27.4,80,100441,9999,9999,437,0,0,0,999900,999900,999900,99990,180,0.9,3,3,999.0,999,9,'999999999,0,0.0000,0,88,999.000,0.0,1.0
2056/6/30,23:00,?9?9?9?9E0?9?9?9?9*9?9*9?9?9?9?9?9?9*9*_?9*9*9?9?9,31.0,26.5,77,100441,9999,9999,434,0,0,0,999900,999900,999900,99990,180,0.7,3,3,999.0,999,9,'999999999,0,0.0000,0,88,999.000,0.0,1.0
2056/6/30,24:00,?9?9?9?9E0?9?9?9?9*9?9*9?9?9?9?9?9?9*9*_?9*9*9?9?9,30.7,25.8,75,100341,9999,9999,432,0,0,0,999900,999900,999900,99990,80,0.0,3,3,999.0,999,9,'999999999,0,0.0000,0,88,999.000,0.0,1.0
2056/7/1,01:00,?9?9?9?9E0?9?9?9?9*9?9*9?9?9?9?9?9?9*9*_?9*9*9?9?9,30.3,24.9,73,100370,9999,9999,432,0,0,0,999900,999900,999900,99990,230,0.9,4,4,999.0,999,9,'999999999,0,0.0000,0,88,999.000,0.0,1.0
2056/7/1,02:00,?9?9?9?9E0?9?9?9?9*9?9*9?9?9?9?9?9?9*9*_?9*9*9?9?9,30.7,22.6,62,100270,9999,9999,431,0,0,0,999900,999900,999900,99990,230,0.8,4,4,999.0,999,9,'999999999,0,0.0000,0,88,999.000,0.0,1.0
2056/7/1,03:00,?9?9?9?9E0?9?9?9?9*9?9*9?9?9?9?9?9?9*9*_?9*9*9?9?9,30.4,22.0,61,100270,9999,9999,428,0,0,0,999900,999900,999900,99990,230,0.9,4,4,999.0,999,9,'999999999,0,0.0000,0,88,999.000,0.0,1.0
2056/7/1,04:00,?9?9?9?9E0?9?9?9?9*9?9*9?9?9?9?9?9?9*9*_?9*9*9?9?9,29.8,22.0,63,100170,9999,9999,425,0,0,0,999900,999900,999900,99990,230,0.6,4,4,999.0,999,9,'999999999,0,0.0000,0,88,999.000,0.0,1.0
2056/7/1,05:00,?9?9?9?9E0?9?9?9?9*9?9*9?9?9?9?9?9?9*9*_?9*9*9?9?9,29.2,22.7,68,100170,9999,9999,426,0,0,0,999900,999900,999900,99990,230,0.6,5,5,999.0,999,9,'999999999,0,0.0000,0,88,999.000,0.0,1.0
2056/7/1,06:00,?9?9?9?9E0?9?9?9?9*9?9*9?9?9?9?9?9?9*9*_?9*9*9?9?9,29.0,22.7,69,100270,9999,9999,425,0,0,0,999900,999900,999900,99990,270,0.8,5,5,999.0,999,9,'999999999,0,0.0000,0,88,999.000,0.0,1.0
2056/7/1,07:00,?9?9?9?9E0?9?9?9?9*9?9*9?9?9?9?9?9?9*9*_?9*9*9?9?9,29.5,22.7,67,100270,9999,9999,427,87,135,66,999900,999900,999900,99990,240,0.9,5,5,999.0,999,9,'999999999,0,0.0000,0,88,999.000,0.0,1.0
2056/7/1,08:00,?9?9?9?9E0?9?9?9?9*9?9*9?9?9?9?9?9?9*9*_?9*9*9?9?9,30.5,23.2,65,100270,9999,9999,438,261,230,173,999900,999900,999900,99990,240,0.9,6,6,999.0,999,9,'999999999,0,0.0000,0,88,999.000,0.0,1.0
2056/7/1,09:00,?9?9?9?9E0?9?9?9?9*9?9*9?9?9?9?9?9?9*9*_?9*9*9?9?9,32.3,23.0,58,100270,9999,9999,460,379,183,271,999900,999900,999900,99990,250,0.7,8,8,999.0,999,9,'999999999,0,0.0000,0,88,999.000,0.0,1.0
2056/7/1,10:00,?9?9?9?9E0?9?9?9?9*9?9*9?9?9?9?9?9?9*9*_?9*9*9?9?9,33.5,22.6,53,100270,9999,9999,477,463,140,355,999900,999900,999900,99990,230,1.2,9,9,999.0,999,9,'999999999,0,0.0000,0,88,999.000,0.0,1.0
2056/7/1,11:00,?9?9?9?9E0?9?9?9?9*9?9*9?9?9?9?9?9?9*9*_?9*9*9?9?9,34.3,23.0,52,100270,9999,9999,483,560,147,429,999900,999900,999900,99990,260,1.5,9,9,999.0,999,9,'999999999,0,0.0000,0,88,999.000,0.0,1.0
2056/7/1,12:00,?9?9?9?9E0?9?9?9?9*9?9*9?9?9?9?9?9?9*9*_?9*9*9?9?9,34.8,22.9,50,100270,9999,9999,485,620,152,473,999900,999900,999900,99990,250,1.3,9,9,999.0,999,9,'999999999,0,0.0000,0,88,999.000,0.0,1.0
2056/7/1,13:00,?9?9?9?9E0?9?9?9?9*9?9*9?9?9?9?9?9?9*9*_?9*9*9?9?9,35.2,21.1,44,100170,9999,9999,485,643,163,483,999900,999900,999900,99990,270,1.2,9,9,999.0,999,9,'999999999,0,0.0000,0,88,999.000,0.0,1.0
2056/7/1,14:00,?9?9?9?9E0?9?9?9?9*9?9*9?9?9?9?9?9?9*9*_?9*9*9?9?9,35.7,21.6,44,100170,9999,9999,489,606,166,451,999900,999900,999900,99990,270,0.8,9,9,999.0,999,9,'999999999,0,0.0000,0,88,999.000,0.0,1.0
2056/7/1,15:00,?9?9?9?9E0?9?9?9?9*9?9*9?9?9?9?9?9?9*9*_?9*9*9?9?9,35.3,21.6,45,100070,9999,9999,487,524,155,396,999900,999900,999900,99990,290,0.6,9,9,999.0,999,9,'999999999,0,0.0000,0,88,999.000,0.0,1.0
2056/7/1,16:00,?9?9?9?9E0?9?9?9?9*9?9*9?9?9?9?9?9?9*9*_?9*9*9?9?9,31.8,26.6,74,100070,9999,9999,472,326,68,280,999900,999900,999900,99990,290,0.7,9,9,999.0,999,9,'999999999,0,0.0000,0,88,999.000,0.1,1.0
2056/7/1,17:00,?9?9?9?9E0?9?9?9?9*9?9*9?9?9?9?9?9?9*9*_?9*9*9?9?9,31.3,27.0,78,100070,9999,9999,470,197,41,178,999900,999900,999900,99990,290,1.0,9,9,999.0,999,9,'999999999,0,0.0000,0,88,999.000,0.0,1.0
2056/7/1,18:00,?9?9?9?9E0?9?9?9?9*9?9*9?9?9?9?9?9?9*9*_?9*9*9?9?9,31.3,27.2,79,100070,9999,9999,470,77,18,72,999900,999900,999900,99990,150,0.8,9,9,999.0,999,9,'999999999,0,0.0000,0,88,999.000,0.0,1.0
2056/7/1,19:00,?9?9?9?9E0?9?9?9?9*9?9*9?9?9?9?9?9?9*9*_?9*9*9?9?9,31.2,27.1,79,100170,9999,9999,452,10,0,10,999900,999900,999900,99990,180,0.9,7,7,999.0,999,9,'999999999,0,0.0000,0,88,999.000,0.0,1.0
2056/7/1,20:00,?9?9?9?9E0?9?9?9?9*9?9*9?9?9?9?9?9?9*9*_?9*9*9?9?9,31.2,27.1,79,100270,9999,9999,436,0,0,0,999900,999900,999900,99990,180,0.7,3,3,999.0,999,9,'999999999,0,0.0000,0,88,999.000,0.0,1.0
2056/7/1,21:00,?9?9?9?9E0?9?9?9?9*9?9*9?9?9?9?9?9?9*9*_?9*9*9?9?9,30.9,27.3,81,100270,9999,9999,435,0,0,0,999900,999900,999900,99990,170,0.9,3,3,999.0,999,9,'999999999,0,0.0000,0,88,999.000,0.0,1.0
2056/7/1,22:00,?9?9?9?9E0?9?9?9?9*9?9*9?9?9?9?9?9?9*9*_?9*9*9?9?9,30.9,27.3,81,100370,9999,9999,438,0,0,0,999900,999900,999900,99990,180,0.5,4,4,999.0,999,9,'999999999,0,0.0000,0,88,999.000,0.0,1.0
2056/7/1,23:00,?9?9?9?9E0?9?9?9?9*9?9*9?9?9?9?9?9?9*9*_?9*9*9?9?9,30.5,26.9,81,100270,9999,9999,432,0,0,0,999900,999900,999900,99990,180,0.4,3,3,999.0,999,9,'999999999,0,0.0000,0,88,999.000,0.0,1.0
2056/7/1,24:00,?9?9?9?9E0?9?9?9?9*9?9*9?9?9?9?9?9?9*9*_?9*9*9?9?9,30.5,27.1,82,100270,9999,9999,436,0,0,0,999900,999900,999900,99990,180,0.5,4,4,999.0,999,9,'999999999,0,0.0000,0,88,999.000,0.0,1.0
2056/7/2,01:00,?9?9?9?9E0?9?9?9?9*9?9*9?9?9?9?9?9?9*9*_?9*9*9?9?9,30.5,27.1,82,100270,9999,9999,443,0,0,0,999900,999900,999900,99990,180,0.6,6,6,999.0,999,9,'999999999,0,0.0000,0,88,999.000,0.0,1.0
2056/7/2,02:00,?9?9?9?9E0?9?9?9?9*9?9*9?9?9?9?9?9?9*9*_?9*9*9?9?9,29.5,26.1,82,100270,9999,9999,441,0,0,0,999900,999900,999900,99990,180,0.7,7,7,999.0,999,9,'999999999,0,0.0000,0,88,999.000,0.1,1.0
2056/7/2,03:00,?9?9?9?9E0?9?9?9?9*9?9*9?9?9?9?9?9?9*9*_?9*9*9?9?9,29.0,25.6,82,100170,9999,9999,437,0,0,0,999900,999900,999900,99990,180,0.3,7,7,999.0,999,9,'999999999,0,0.0000,0,88,999.000,0.0,1.0
2056/7/2,04:00,?9?9?9?9E0?9?9?9?9*9?9*9?9?9?9?9?9?9*9*_?9*9*9?9?9,28.5,25.1,82,100170,9999,9999,441,0,0,0,999900,999900,999900,99990,180,0.4,8,8,999.0,999,9,'999999999,0,0.0000,0,88,999.000,0.0,1.0
2056/7/2,05:00,?9?9?9?9E0?9?9?9?9*9?9*9?9?9?9?9?9?9*9*_?9*9*9?9?9,28.5,25.3,83,100270,9999,9999,441,0,0,0,999900,999900,999900,99990,180,0.4,8,8,999.0,999,9,'999999999,0,0.0000,0,88,999.000,0.0,1.0
2056/7/2,06:00,?9?9?9?9E0?9?9?9?9*9?9*9?9?9?9?9?9?9*9*_?9*9*9?9?9,28.4,25.3,83,100270,9999,9999,450,0,0,0,999900,999900,999900,99990,180,0.5,9,9,999.0,999,9,'999999999,0,0.0000,0,88,999.000,0.1,1.0
2056/7/2,07:00,?9?9?9?9E0?9?9?9?9*9?9*9?9?9?9?9?9?9*9*_?9*9*9?9?9,28.5,25.3,83,100270,9999,9999,450,34,9,33,999900,999900,999900,99990,180,0.3,9,9,999.0,999,9,'999999999,0,0.0000,0,88,999.000,0.1,1.0
2056/7/2,08:00,?9?9?9?9E0?9?9?9?9*9?9*9?9?9?9?9?9?9*9*_?9*9*9?9?9,28.9,24.7,78,100370,9999,9999,452,158,37,144,999900,999900,999900,99990,180,0.5,9,9,999.0,999,9,'999999999,0,0.0000,0,88,999.000,0.0,1.0
2056/7/2,09:00,?9?9?9?9E0?9?9?9?9*9?9*9?9?9?9?9?9?9*9*_?9*9*9?9?9,29.5,25.7,80,100370,9999,9999,457,292,67,252,999900,999900,999900,99990,240,1.0,9,9,999.0,999,9,'999999999,0,0.0000,0,88,999.000,0.1,1.0
2056/7/2,10:00,?9?9?9?9E0?9?9?9?9*9?9*9?9?9?9?9?9?9*9*_?9*9*9?9?9,31.9,23.2,60,100370,9999,9999,468,447,113,361,999900,999900,999900,99990,260,1.2,9,9,999.0,999,9,'999999999,0,0.0000,0,88,999.000,0.0,1.0
2056/7/2,11:00,?9?9?9?9E0?9?9?9?9*9?9*9?9?9?9?9?9?9*9*_?9*9*9?9?9,33.2,23.3,56,100370,9999,9999,476,545,126,432,999900,999900,999900,99990,260,1.3,9,9,999.0,999,9,'999999999,0,0.0000,0,88,999.000,0.0,1.0
2056/7/2,12:00,?9?9?9?9E0?9?9?9?9*9?9*9?9?9?9?9?9?9*9*_?9*9*9?9?9,33.8,23.5,55,100270,9999,9999,480,592,122,474,999900,999900,999900,99990,320,1.3,9,9,999.0,999,9,'999999999,0,0.0000,0,88,999.000,0.0,1.0
2056/7/2,13:00,?9?9?9?9E0?9?9?9?9*9?9*9?9?9?9?9?9?9*9*_?9*9*9?9?9,34.6,23.0,51,100170,9999,9999,484,612,130,485,999900,999900,999900,99990,240,1.1,9,9,999.0,999,9,'999999999,0,0.0000,0,88,999.000,0.0,1.0
2056/7/2,14:00,?9?9?9?9E0?9?9?9?9*9?9*9?9?9?9?9?9?9*9*_?9*9*9?9?9,34.9,21.6,46,100170,9999,9999,484,602,155,458,999900,999900,999900,99990,240,1.3,9,9,999.0,999,9,'999999999,0,0.0000,0,88,999.000,0.0,1.0
2056/7/2,15:00,?9?9?9?9E0?9?9?9?9*9?9*9?9?9?9?9?9?9*9*_?9*9*9?9?9,35.3,21.6,45,100070,9999,9999,487,523,152,397,999900,999900,999900,99990,240,1.4,9,9,999.0,999,9,'999999999,0,0.0000,0,88,999.000,0.0,1.0
2056/7/2,16:00,?9?9?9?9E0?9?9?9?9*9?9*9?9?9?9?9?9?9*9*_?9*9*9?9?9,35.1,21.4,45,99970,9999,9999,485,378,106,307,999900,999900,999900,99990,270,0.7,9,9,999.0,999,9,'999999999,0,0.0000,0,88,999.000,0.0,1.0
2056/7/2,17:00,?9?9?9?9E0?9?9?9?9*9?9*9?9?9?9?9?9?9*9*_?9*9*9?9?9,32.6,24.4,62,99970,9999,9999,474,217,51,192,999900,999900,999900,99990,100,1.0,9,9,999.0,999,9,'999999999,0,0.0000,0,88,999.000,0.0,1.0
2056/7/2,18:00,?9?9?9?9E0?9?9?9?9*9?9*9?9?9?9?9?9?9*9*_?9*9*9?9?9,31.7,27.0,76,99970,9999,9999,485,54,7,52,999900,999900,999900,99990,140,0.8,10,10,999.0,999,9,'999999999,0,0.0000,0,88,999.000,0.0,1.0
2056/7/2,19:00,?9?9?9?9E0?9?9?9?9*9?9*9?9?9?9?9?9?9*9*_?9*9*9?9?9,31.4,26.9,77,99970,9999,9999,483,3,0,3,999900,999900,999900,99990,130,0.9,10,10,999.0,999,9,'999999999,0,0.0000,0,88,999.000,0.0,1.0
2056/7/2,20:00,?9?9?9?9E0?9?9?9?9*9?9*9?9?9?9?9?9?9*9*_?9*9*9?9?9,31.2,26.7,77,100070,9999,9999,469,0,0,0,999900,999900,999900,99990,140,0.9,9,9,999.0,999,9,'999999999,0,0.0000,0,88,999.000,0.0,1.0
2056/7/2,21:00,?9?9?9?9E0?9?9?9?9*9?9*9?9?9?9?9?9?9*9*_?9*9*9?9?9,30.7,26.2,77,100070,9999,9999,465,0,0,0,999900,999900,999900,99990,180,0.7,9,9,999.0,999,9,'999999999,0,0.0000,0,88,999.000,0.0,1.0
2056/7/2,22:00,?9?9?9?9E0?9?9?9?9*9?9*9?9?9?9?9?9?9*9*_?9*9*9?9?9,30.5,26.7,80,100070,9999,9999,464,0,0,0,999900,999900,999900,99990,180,0.5,9,9,999.0,999,9,'999999999,0,0.0000,0,88,999.000,0.0,1.0
2056/7/2,23:00,?9?9?9?9E0?9?9?9?9*9?9*9?9?9?9?9?9?9*9*_?9*9*9?9?9,27.1,24.8,87,100270,9999,9999,420,0,0,0,999900,999900,999900,99990,180,1.3,6,6,999.0,999,9,'999999999,0,0.0000,0,88,999.000,2.7,1.0
2056/7/2,24:00,?9?9?9?9E0?9?9?9?9*9?9*9?9?9?9?9?9?9*9*_?9*9*9?9?9,27.1,24.8,87,100170,9999,9999,410,0,0,0,999900,999900,999900,99990,230,1.1,3,3,999.0,999,9,'999999999,0,0.0000,0,88,999.000,1.2,1.0
2056/7/3,01:00,?9?9?9?9E0?9?9?9?9*9?9*9?9?9?9?9?9?9*9*_?9*9*9?9?9,27.1,24.8,87,100070,9999,9999,425,0,0,0,999900,999900,999900,99990,230,0.5,7,7,999.0,999,9,'999999999,0,0.0000,0,88,999.000,0.0,1.0
2056/7/3,02:00,?9?9?9?9E0?9?9?9?9*9?9*9?9?9?9?9?9?9*9*_?9*9*9?9?9,27.4,25.1,87,100070,9999,9999,412,0,0,0,999900,999900,999900,99990,230,0.3,3,3,999.0,999,9,'999999999,0,0.0000,0,88,999.000,0.0,1.0
2056/7/3,03:00,?9?9?9?9E0?9?9?9?9*9?9*9?9?9?9?9?9?9*9*_?9*9*9?9?9,27.4,25.1,87,100070,9999,9999,412,0,0,0,999900,999900,999900,99990,22,1.0,3,3,999.0,999,9,'999999999,0,0.0000,0,88,999.000,0.0,1.0
2056/7/3,04:00,?9?9?9?9E0?9?9?9?9*9?9*9?9?9?9?9?9?9*9*_?9*9*9?9?9,27.4,25.1,87,100070,9999,9999,456,0,0,0,999900,999900,999900,99990,22,0.3,10,10,999.0,999,9,'999999999,0,0.0000,0,88,999.000,2.0,1.0
2056/7/3,05:00,?9?9?9?9E0?9?9?9?9*9?9*9?9?9?9?9?9?9*9*_?9*9*9?9?9,27.4,25.1,87,100070,9999,9999,456,0,0,0,999900,999900,999900,99990,22,0.5,10,10,999.0,999,9,'999999999,0,0.0000,0,88,999.000,1.6,1.0
2056/7/3,06:00,?9?9?9?9E0?9?9?9?9*9?9*9?9?9?9?9?9?9*9*_?9*9*9?9?9,27.4,25.1,87,100070,9999,9999,456,0,0,0,999900,999900,999900,99990,22,0.5,10,10,999.0,999,9,'999999999,0,0.0000,0,88,999.000,0.8,1.0
2056/7/3,07:00,?9?9?9?9E0?9?9?9?9*9?9*9?9?9?9?9?9?9*9*_?9*9*9?9?9,27.4,25.1,87,100170,9999,9999,456,19,2,19,999900,999900,999900,99990,22,0.4,10,10,999.0,999,9,'999999999,0,0.0000,0,88,999.000,0.4,1.0
2056/7/3,08:00,?9?9?9?9E0?9?9?9?9*9?9*9?9?9?9?9?9?9*9*_?9*9*9?9?9,27.3,25.0,87,100170,9999,9999,455,109,10,105,999900,999900,999900,99990,22,0.4,10,10,999.0,999,9,'999999999,0,0.0000,0,88,999.000,0.1,1.0
2056/7/3,09:00,?9?9?9?9E0?9?9?9?9*9?9*9?9?9?9?9?9?9*9*_?9*9*9?9?9,27.5,25.0,86,100370,9999,9999,456,223,21,210,999900,999900,999900,99990,270,0.4,10,10,999.0,999,9,'999999999,0,0.0000,0,88,999.000,0.6,1.0
2056/7/3,10:00,?9?9?9?9E0?9?9?9?9*9?9*9?9?9?9?9?9?9*9*_?9*9*9?9?9,28.0,25.5,86,100370,9999,9999,460,315,26,295,999900,999900,999900,99990,270,0.3,10,10,999.0,999,9,'999999999,0,0.0000,0,88,999.000,0.1,1.0
2056/7/3,11:00,?9?9?9?9E0?9?9?9?9*9?9*9?9?9?9?9?9?9*9*_?9*9*9?9?9,28.5,25.7,85,100370,9999,9999,464,383,28,358,999900,999900,999900,99990,270,0.9,10,10,999.0,999,9,'999999999,0,0.0000,0,88,999.000,0.1,1.0
2056/7/3,12:00,?9?9?9?9E0?9?9?9?9*9?9*9?9?9?9?9?9?9*9*_?9*9*9?9?9,29.0,25.0,79,100370,9999,9999,466,435,30,406,999900,999900,999900,99990,290,1.3,10,10,999.0,999,9,'999999999,0,0.0000,0,88,999.000,0.0,1.0
2056/7/3,13:00,?9?9?9?9E0?9?9?9?9*9?9*9?9?9?9?9?9?9*9*_?9*9*9?9?9,29.3,25.5,80,100270,9999,9999,468,427,27,400,999900,999900,999900,99990,290,0.9,10,10,999.0,999,9,'999999999,0,0.0000,0,88,999.000,0.0,1.0
2056/7/3,14:00,?9?9?9?9E0?9?9?9?9*9?9*9?9?9?9?9?9?9*9*_?9*9*9?9?9,29.2,25.6,81,100270,9999,9999,468,405,28,378,999900,999900,999900,99990,290,1.3,10,10,999.0,999,9,'999999999,0,0.0000,0,88,999.000,0.0,1.0
2056/7/3,15:00,?9?9?9?9E0?9?9?9?9*9?9*9?9?9?9?9?9?9*9*_?9*9*9?9?9,28.9,25.5,82,100170,9999,9999,466,343,26,321,999900,999900,999900,99990,320,0.9,10,10,999.0,999,9,'999999999,0,0.0000,0,88,999.000,0.1,1.0
2056/7/3,16:00,?9?9?9?9E0?9?9?9?9*9?9*9?9?9?9?9?9?9*9*_?9*9*9?9?9,28.9,25.3,81,100070,9999,9999,466,234,17,223,999900,999900,999900,99990,230,1.1,10,10,999.0,999,9,'999999999,0,0.0000,0,88,999.000,0.0,1.0
2056/7/3,17:00,?9?9?9?9E0?9?9?9?9*9?9*9?9?9?9?9?9?9*9*_?9*9*9?9?9,28.9,25.3,81,100070,9999,9999,466,134,10,129,999900,999900,999900,99990,230,1.2,10,10,999.0,999,9,'999999999,0,0.0000,0,88,999.000,0.0,1.0
2056/7/3,18:00,?9?9?9?9E0?9?9?9?9*9?9*9?9?9?9?9?9?9*9*_?9*9*9?9?9,28.9,25.3,81,100070,9999,9999,466,44,4,43,999900,999900,999900,99990,280,0.9,10,10,999.0,999,9,'999999999,0,0.0000,0,88,999.000,0.0,1.0
2056/7/3,19:00,?9?9?9?9E0?9?9?9?9*9?9*9?9?9?9?9?9?9*9*_?9*9*9?9?9,28.6,25.2,82,100070,9999,9999,464,3,0,3,999900,999900,999900,99990,230,0.6,10,10,999.0,999,9,'999999999,0,0.0000,0,88,999.000,0.0,1.0
2056/7/3,20:00,?9?9?9?9E0?9?9?9?9*9?9*9?9?9?9?9?9?9*9*_?9*9*9?9?9,28.5,24.9,81,100070,9999,9999,462,0,0,0,999900,999900,999900,99990,230,0.9,10,10,999.0,999,9,'999999999,0,0.0000,0,88,999.000,0.0,1.0
2056/7/3,21:00,?9?9?9?9E0?9?9?9?9*9?9*9?9?9?9?9?9?9*9*_?9*9*9?9?9,28.5,24.9,81,100170,9999,9999,462,0,0,0,999900,999900,999900,99990,270,0.9,10,10,999.0,999,9,'999999999,0,0.0000,0,88,999.000,0.0,1.0
2056/7/3,22:00,?9?9?9?9E0?9?9?9?9*9?9*9?9?9?9?9?9?9*9*_?9*9*9?9?9,28.5,24.9,81,100170,9999,9999,450,0,0,0,999900,999900,999900,99990,270,0.3,9,9,999.0,999,9,'999999999,0,0.0000,0,88,999.000,0.0,1.0
2056/7/3,23:00,?9?9?9?9E0?9?9?9?9*9?9*9?9?9?9?9?9?9*9*_?9*9*9?9?9,28.5,24.9,81,100270,9999,9999,450,0,0,0,999900,999900,999900,99990,270,0.6,9,9,999.0,999,9,'999999999,0,0.0000,0,88,999.000,0.0,1.0
2056/7/3,24:00,?9?9?9?9E0?9?9?9?9*9?9*9?9?9?9?9?9?9*9*_?9*9*9?9?9,28.5,24.9,81,100170,9999,9999,450,0,0,0,999900,999900,999900,99990,270,0.7,9,9,999.0,999,9,'999999999,0,0.0000,0,88,999.000,0.0,1.0
2056/7/4,01:00,?9?9?9?9E0?9?9?9?9*9?9*9?9?9?9?9?9?9*9*_?9*9*9?9?9,28.5,24.9,81,100070,9999,9999,450,0,0,0,999900,999900,999900,99990,270,0.9,9,9,999.0,999,9,'999999999,0,0.0000,0,88,999.000,0.0,1.0
2056/7/4,02:00,?9?9?9?9E0?9?9?9?9*9?9*9?9?9?9?9?9?9*9*_?9*9*9?9?9,28.5,24.9,81,100070,9999,9999,450,0,0,0,999900,999900,999900,99990,270,0.5,9,9,999.0,999,9,'999999999,0,0.0000,0,88,999.000,0.0,1.0
2056/7/4,03:00,?9?9?9?9E0?9?9?9?9*9?9*9?9?9?9?9?9?9*9*_?9*9*9?9?9,28.5,24.9,81,100070,9999,9999,450,0,0,0,999900,999900,999900,99990,270,0.8,9,9,999.0,999,9,'999999999,0,0.0000,0,88,999.000,0.0,1.0
2056/7/4,04:00,?9?9?9?9E0?9?9?9?9*9?9*9?9?9?9?9?9?9*9*_?9*9*9?9?9,28.5,24.5,79,100070,9999,9999,449,0,0,0,999900,999900,999900,99990,270,1.0,9,9,999.0,999,9,'999999999,0,0.0000,0,88,999.000,0.0,1.0
2056/7/4,05:00,?9?9?9?9E0?9?9?9?9*9?9*9?9?9?9?9?9?9*9*_?9*9*9?9?9,28.5,24.5,79,100070,9999,9999,449,0,0,0,999900,999900,999900,99990,270,0.3,9,9,999.0,999,9,'999999999,0,0.0000,0,88,999.000,0.0,1.0
2056/7/4,06:00,?9?9?9?9E0?9?9?9?9*9?9*9?9?9?9?9?9?9*9*_?9*9*9?9?9,28.5,24.5,79,100070,9999,9999,449,0,0,0,999900,999900,999900,99990,260,0.9,9,9,999.0,999,9,'999999999,0,0.0000,0,88,999.000,0.0,1.0
2056/7/4,07:00,?9?9?9?9E0?9?9?9?9*9?9*9?9?9?9?9?9?9*9*_?9*9*9?9?9,27.6,23.4,78,100170,9999,9999,433,50,18,47,999900,999900,999900,99990,290,1.5,8,8,999.0,999,9,'999999999,0,0.0000,0,88,999.000,0.1,1.0
2056/7/4,08:00,?9?9?9?9E0?9?9?9?9*9?9*9?9?9?9?9?9?9*9*_?9*9*9?9?9,26.5,24.0,86,100270,9999,9999,437,153,29,142,999900,999900,999900,99990,310,0.6,9,9,999.0,999,9,'999999999,0,0.0000,0,88,999.000,2.7,1.0
2056/7/4,09:00,?9?9?9?9E0?9?9?9?9*9?9*9?9?9?9?9?9?9*9*_?9*9*9?9?9,26.1,25.1,94,100370,9999,9999,448,216,21,203,999900,999900,999900,99990,360,0.6,10,10,999.0,999,9,'999999999,0,0.0000,0,88,999.000,8.6,1.0
2056/7/4,10:00,?9?9?9?9E0?9?9?9?9*9?9*9?9?9?9?9?9?9*9*_?9*9*9?9?9,26.1,25.1,94,100370,9999,9999,448,304,25,285,999900,999900,999900,99990,360,0.6,10,10,999.0,999,9,'999999999,0,0.0000,0,88,999.000,2.8,1.0
2056/7/4,11:00,?9?9?9?9E0?9?9?9?9*9?9*9?9?9?9?9?9?9*9*_?9*9*9?9?9,26.1,25.1,94,100270,9999,9999,448,365,25,343,999900,999900,999900,99990,270,0.8,10,10,999.0,999,9,'999999999,0,0.0000,0,88,999.000,5.7,1.0
2056/7/4,12:00,?9?9?9?9E0?9?9?9?9*9?9*9?9?9?9?9?9?9*9*_?9*9*9?9?9,26.7,25.5,93,100270,9999,9999,452,392,23,370,999900,999900,999900,99990,270,0.9,10,10,999.0,999,9,'999999999,0,0.0000,0,88,999.000,0.8,1.0
2056/7/4,13:00,?9?9?9?9E0?9?9?9?9*9?9*9?9?9?9?9?9?9*9*_?9*9*9?9?9,28.1,25.9,88,100170,9999,9999,461,396,22,374,999900,999900,999900,99990,270,0.9,10,10,999.0,999,9,'999999999,0,0.0000,0,88,999.000,0.0,1.0
2056/7/4,14:00,?9?9?9?9E0?9?9?9?9*9?9*9?9?9?9?9?9?9*9*_?9*9*9?9?9,28.8,26.2,86,100070,9999,9999,466,380,24,358,999900,999900,999900,99990,270,2.0,10,10,999.0,999,9,'999999999,0,0.0000,0,88,999.000,0.0,1.0
2056/7/4,15:00,?9?9?9?9E0?9?9?9?9*9?9*9?9?9?9?9?9?9*9*_?9*9*9?9?9,29.5,25.9,81,99970,9999,9999,470,333,30,308,999900,999900,999900,99990,320,1.4,10,10,999.0,999,9,'999999999,0,0.0000,0,88,999.000,0.0,1.0
2056/7/4,16:00,?9?9?9?9E0?9?9?9?9*9?9*9?9?9?9?9?9?9*9*_?9*9*9?9?9,29.5,25.9,81,99870,9999,9999,428,506,231,350,999900,999900,999900,99990,280,1.0,4,4,999.0,999,9,'999999999,0,0.0000,0,88,999.000,0.0,1.0
2056/7/4,17:00,?9?9?9?9E0?9?9?9?9*9?9*9?9?9?9?9?9?9*9*_?9*9*9?9?9,29.5,26.1,82,99870,9999,9999,448,216,45,194,999900,999900,999900,99990,260,0.7,8,8,999.0,999,9,'999999999,0,0.0000,0,88,999.000,0.0,1.0
2056/7/4,18:00,?9?9?9?9E0?9?9?9?9*9?9*9?9?9?9?9?9?9*9*_?9*9*9?9?9,29.5,26.1,82,99970,9999,9999,470,43,4,42,999900,999900,999900,99990,320,0.4,10,10,999.0,999,9,'999999999,0,0.0000,0,88,999.000,0.0,1.0
2056/7/4,19:00,?9?9?9?9E0?9?9?9?9*9?9*9?9?9?9?9?9?9*9*_?9*9*9?9?9,29.1,26.1,84,100070,9999,9999,468,3,0,3,999900,999900,999900,99990,320,0.6,10,10,999.0,999,9,'999999999,0,0.0000,0,88,999.000,0.0,1.0
2056/7/4,20:00,?9?9?9?9E0?9?9?9?9*9?9*9?9?9?9?9?9?9*9*_?9*9*9?9?9,29.0,26.0,84,100070,9999,9999,445,0,0,0,999900,999900,999900,99990,320,0.7,8,8,999.0,999,9,'999999999,0,0.0000,0,88,999.000,0.0,1.0
2056/7/4,21:00,?9?9?9?9E0?9?9?9?9*9?9*9?9?9?9?9?9?9*9*_?9*9*9?9?9,29.0,26.0,84,100070,9999,9999,433,0,0,0,999900,999900,999900,99990,270,0.7,6,6,999.0,999,9,'999999999,0,0.0000,0,88,999.000,0.0,1.0
2056/7/4,22:00,?9?9?9?9E0?9?9?9?9*9?9*9?9?9?9?9?9?9*9*_?9*9*9?9?9,29.0,26.0,84,100170,9999,9999,445,0,0,0,999900,999900,999900,99990,250,0.5,8,8,999.0,999,9,'999999999,0,0.0000,0,88,999.000,0.0,1.0
2056/7/4,23:00,?9?9?9?9E0?9?9?9?9*9?9*9?9?9?9?9?9?9*9*_?9*9*9?9?9,29.0,26.2,85,100170,9999,9999,445,0,0,0,999900,999900,999900,99990,250,0.4,8,8,999.0,999,9,'999999999,0,0.0000,0,88,999.000,0.0,1.0
2056/7/4,24:00,?9?9?9?9E0?9?9?9?9*9?9*9?9?9?9?9?9?9*9*_?9*9*9?9?9,28.5,26.1,87,100170,9999,9999,442,0,0,0,999900,999900,999900,99990,290,0.7,8,8,999.0,999,9,'999999999,0,0.0000,0,88,999.000,0.0,1.0
2056/7/5,01:00,?9?9?9?9E0?9?9?9?9*9?9*9?9?9?9?9?9?9*9*_?9*9*9?9?9,28.5,26.1,87,100070,9999,9999,442,0,0,0,999900,999900,999900,99990,290,0.5,8,8,999.0,999,9,'999999999,0,0.0000,0,88,999.000,0.0,1.0
2056/7/5,02:00,?9?9?9?9E0?9?9?9?9*9?9*9?9?9?9?9?9?9*9*_?9*9*9?9?9,28.5,26.1,87,100070,9999,9999,442,0,0,0,999900,999900,999900,99990,290,0.7,8,8,999.0,999,9,'999999999,0,0.0000,0,88,999.000,0.0,1.0
2056/7/5,03:00,?9?9?9?9E0?9?9?9?9*9?9*9?9?9?9?9?9?9*9*_?9*9*9?9?9,28.4,26.0,87,100070,9999,9999,441,0,0,0,999900,999900,999900,99990,230,0.8,8,8,999.0,999,9,'999999999,0,0.0000,0,88,999.000,0.0,1.0
2056/7/5,04:00,?9?9?9?9E0?9?9?9?9*9?9*9?9?9?9?9?9?9*9*_?9*9*9?9?9,28.5,25.9,86,100070,9999,9999,451,0,0,0,999900,999900,999900,99990,250,1.0,9,9,999.0,999,9,'999999999,0,0.0000,0,88,999.000,0.0,1.0
2056/7/5,05:00,?9?9?9?9E0?9?9?9?9*9?9*9?9?9?9?9?9?9*9*_?9*9*9?9?9,28.3,25.9,87,100070,9999,9999,450,0,0,0,999900,999900,999900,99990,250,0.7,9,9,999.0,999,9,'999999999,0,0.0000,0,88,999.000,0.0,1.0
2056/7/5,06:00,?9?9?9?9E0?9?9?9?9*9?9*9?9?9?9?9?9?9*9*_?9*9*9?9?9,28.1,25.9,88,100070,9999,9999,439,0,0,0,999900,999900,999900,99990,290,0.5,8,8,999.0,999,9,'999999999,0,0.0000,0,88,999.000,0.0,1.0
2056/7/5,07:00,?9?9?9?9E0?9?9?9?9*9?9*9?9?9?9?9?9?9*9*_?9*9*9?9?9,28.1,25.9,88,100170,9999,9999,439,43,17,40,999900,999900,999900,99990,290,0.6,8,8,999.0,999,9,'999999999,0,0.0000,0,88,999.000,0.0,1.0
2056/7/5,08:00,?9?9?9?9E0?9?9?9?9*9?9*9?9?9?9?9?9?9*9*_?9*9*9?9?9,29.0,26.0,84,100170,9999,9999,445,182,65,157,999900,999900,999900,99990,290,0.7,8,8,999.0,999,9,'999999999,0,0.0000,0,88,999.000,0.0,1.0
2056/7/5,09:00,?9?9?9?9E0?9?9?9?9*9?9*9?9?9?9?9?9?9*9*_?9*9*9?9?9,30.6,25.7,75,100170,9999,9999,454,346,124,273,999900,999900,999900,99990,260,0.6,8,8,999.0,999,9,'999999999,0,0.0000,0,88,999.000,0.0,1.0
2056/7/5,10:00,?9?9?9?9E0?9?9?9?9*9?9*9?9?9?9?9?9?9*9*_?9*9*9?9?9,31.9,25.3,68,100170,9999,9999,471,424,102,346,999900,999900,999900,99990,270,1.4,9,9,999.0,999,9,'999999999,0,0.0000,0,88,999.000,0.0,1.0
2056/7/5,11:00,?9?9?9?9E0?9?9?9?9*9?9*9?9?9?9?9?9?9*9*_?9*9*9?9?9,32.0,24.4,64,100170,9999,9999,470,530,117,425,999900,999900,999900,99990,290,2.0,9,9,999.0,999,9,'999999999,0,0.0000,0,88,999.000,0.0,1.0
2056/7/5,12:00,?9?9?9?9E0?9?9?9?9*9?9*9?9?9?9?9?9?9*9*_?9*9*9?9?9,33.7,25.4,62,100170,9999,9999,482,582,117,468,999900,999900,999900,99990,340,2.5,9,9,999.0,999,9,'999999999,0,0.0000,0,88,999.000,0.0,1.0
2056/7/5,13:00,?9?9?9?9E0?9?9?9?9*9?9*9?9?9?9?9?9?9*9*_?9*9*9?9?9,33.4,24.6,60,100070,9999,9999,479,593,117,478,999900,999900,999900,99990,270,1.7,9,9,999.0,999,9,'999999999,0,0.0000,0,88,999.000,0.0,1.0
2056/7/5,14:00,?9?9?9?9E0?9?9?9?9*9?9*9?9?9?9?9?9?9*9*_?9*9*9?9?9,33.2,25.2,63,100070,9999,9999,479,553,116,445,999900,999900,999900,99990,270,1.9,9,9,999.0,999,9,'999999999,0,0.0000,0,88,999.000,0.0,1.0
2056/7/5,15:00,?9?9?9?9E0?9?9?9?9*9?9*9?9?9?9?9?9?9*9*_?9*9*9?9?9,32.9,25.2,64,99970,9999,9999,477,484,126,380,999900,999900,999900,99990,320,1.8,9,9,999.0,999,9,'999999999,0,0.0000,0,88,999.000,0.0,1.0
2056/7/5,16:00,?9?9?9?9E0?9?9?9?9*9?9*9?9?9?9?9?9?9*9*_?9*9*9?9?9,33.2,25.2,63,99970,9999,9999,456,495,287,301,999900,999900,999900,99990,280,1.8,6,6,999.0,999,9,'999999999,0,0.0000,0,88,999.000,0.0,1.0
2056/7/5,17:00,?9?9?9?9E0?9?9?9?9*9?9*9?9?9?9?9?9?9*9*_?9*9*9?9?9,32.9,25.2,64,99970,9999,9999,450,342,278,209,999900,999900,999900,99990,250,1.2,5,5,999.0,999,9,'999999999,0,0.0000,0,88,999.000,0.0,1.0
2056/7/5,18:00,?9?9?9?9E0?9?9?9?9*9?9*9?9?9?9?9?9?9*9*_?9*9*9?9?9,32.4,25.0,65,100070,9999,9999,451,144,122,113,999900,999900,999900,99990,320,1.0,6,6,999.0,999,9,'999999999,0,0.0000,0,88,999.000,0.0,1.0
2056/7/5,19:00,?9?9?9?9E0?9?9?9?9*9?9*9?9?9?9?9?9?9*9*_?9*9*9?9?9,31.4,25.0,69,100070,9999,9999,450,13,0,13,999900,999900,999900,99990,320,0.7,7,7,999.0,999,9,'999999999,0,0.0000,0,88,999.000,0.0,1.0
2056/7/5,20:00,?9?9?9?9E0?9?9?9?9*9?9*9?9?9?9?9?9?9*9*_?9*9*9?9?9,30.6,22.8,63,100070,9999,9999,438,0,0,0,999900,999900,999900,99990,320,0.7,6,6,999.0,999,9,'999999999,0,0.0000,0,88,999.000,0.0,1.0
2056/7/5,21:00,?9?9?9?9E0?9?9?9?9*9?9*9?9?9?9?9?9?9*9*_?9*9*9?9?9,30.4,25.0,73,100170,9999,9999,436,0,0,0,999900,999900,999900,99990,250,0.8,5,5,999.0,999,9,'999999999,0,0.0000,0,88,999.000,0.0,1.0
2056/7/5,22:00,?9?9?9?9E0?9?9?9?9*9?9*9?9?9?9?9?9?9*9*_?9*9*9?9?9,30.3,25.8,77,100170,9999,9999,440,0,0,0,999900,999900,999900,99990,240,0.7,6,6,999.0,999,9,'999999999,0,0.0000,0,88,999.000,0.0,1.0
2056/7/5,23:00,?9?9?9?9E0?9?9?9?9*9?9*9?9?9?9?9?9?9*9*_?9*9*9?9?9,30.2,25.1,74,100170,9999,9999,434,0,0,0,999900,999900,999900,99990,240,0.4,5,5,999.0,999,9,'999999999,0,0.0000,0,88,999.000,0.0,1.0
2056/7/5,24:00,?9?9?9?9E0?9?9?9?9*9?9*9?9?9?9?9?9?9*9*_?9*9*9?9?9,29.7,25.3,77,100170,9999,9999,432,0,0,0,999900,999900,999900,99990,230,2.5,5,5,999.0,999,9,'999999999,0,0.0000,0,88,999.000,0.0,1.0
2056/7/6,01:00,?9?9?9?9E0?9?9?9?9*9?9*9?9?9?9?9?9?9*9*_?9*9*9?9?9,29.7,25.5,78,100170,9999,9999,432,0,0,0,999900,999900,999900,99990,230,3.2,5,5,999.0,999,9,'999999999,0,0.0000,0,88,999.000,0.0,1.0
2056/7/6,02:00,?9?9?9?9E0?9?9?9?9*9?9*9?9?9?9?9?9?9*9*_?9*9*9?9?9,29.4,24.3,74,100070,9999,9999,429,0,0,0,999900,999900,999900,99990,230,4.5,5,5,999.0,999,9,'999999999,0,0.0000,0,88,999.000,0.0,1.0
2056/7/6,03:00,?9?9?9?9E0?9?9?9?9*9?9*9?9?9?9?9?9?9*9*_?9*9*9?9?9,28.9,25.9,84,100070,9999,9999,428,0,0,0,999900,999900,999900,99990,250,5.8,5,5,999.0,999,9,'999999999,0,0.0000,0,88,999.000,0.0,1.0
2056/7/6,04:00,?9?9?9?9E0?9?9?9?9*9?9*9?9?9?9?9?9?9*9*_?9*9*9?9?9,28.9,25.1,80,100070,9999,9999,431,0,0,0,999900,999900,999900,99990,260,4.9,6,6,999.0,999,9,'999999999,0,0.0000,0,88,999.000,0.0,1.0
2056/7/6,05:00,?9?9?9?9E0?9?9?9?9*9?9*9?9?9?9?9?9?9*9*_?9*9*9?9?9,28.8,24.6,78,100070,9999,9999,426,0,0,0,999900,999900,999900,99990,260,5.2,5,5,999.0,999,9,'999999999,0,0.0000,0,88,999.000,0.0,1.0
2056/7/6,06:00,?9?9?9?9E0?9?9?9?9*9?9*9?9?9?9?9?9?9*9*_?9*9*9?9?9,28.5,24.5,79,100070,9999,9999,428,0,0,0,999900,999900,999900,99990,230,3.4,6,6,999.0,999,9,'999999999,0,0.0000,0,88,999.000,0.0,1.0
2056/7/6,07:00,?9?9?9?9E0?9?9?9?9*9?9*9?9?9?9?9?9?9*9*_?9*9*9?9?9,28.8,24.8,79,100170,9999,9999,442,47,20,44,999900,999900,999900,99990,250,0.9,8,8,999.0,999,9,'999999999,0,0.0000,0,88,999.000,0.0,1.0
2056/7/6,08:00,?9?9?9?9E0?9?9?9?9*9?9*9?9?9?9?9?9?9*9*_?9*9*9?9?9,29.4,24.5,75,100270,9999,9999,455,160,41,144,999900,999900,999900,99990,250,0.8,9,9,999.0,999,9,'999999999,0,0.0000,0,88,999.000,0.0,1.0
2056/7/6,09:00,?9?9?9?9E0?9?9?9?9*9?9*9?9?9?9?9?9?9*9*_?9*9*9?9?9,30.7,25.8,75,100270,9999,9999,464,296,69,255,999900,999900,999900,99990,320,1.0,9,9,999.0,999,9,'999999999,0,0.0000,0,88,999.000,0.0,1.0
2056/7/6,10:00,?9?9?9?9E0?9?9?9?9*9?9*9?9?9?9?9?9?9*9*_?9*9*9?9?9,31.6,26.2,73,100270,9999,9999,470,415,87,348,999900,999900,999900,99990,320,1.2,9,9,999.0,999,9,'999999999,0,0.0000,0,88,999.000,0.0,1.0
2056/7/6,11:00,?9?9?9?9E0?9?9?9?9*9?9*9?9?9?9?9?9?9*9*_?9*9*9?9?9,32.3,24.1,62,100270,9999,9999,472,536,116,432,999900,999900,999900,99990,270,1.9,9,9,999.0,999,9,'999999999,0,0.0000,0,88,999.000,0.0,1.0
2056/7/6,12:00,?9?9?9?9E0?9?9?9?9*9?9*9?9?9?9?9?9?9*9*_?9*9*9?9?9,32.6,24.1,61,100170,9999,9999,474,587,116,475,999900,999900,999900,99990,320,1.4,9,9,999.0,999,9,'999999999,0,0.0000,0,88,999.000,0.0,1.0
2056/7/6,13:00,?9?9?9?9E0?9?9?9?9*9?9*9?9?9?9?9?9?9*9*_?9*9*9?9?9,33.4,24.3,59,100170,9999,9999,479,594,113,483,999900,999900,999900,99990,320,1.6,9,9,999.0,999,9,'999999999,0,0.0000,0,88,999.000,0.0,1.0
2056/7/6,14:00,?9?9?9?9E0?9?9?9?9*9?9*9?9?9?9?9?9?9*9*_?9*9*9?9?9,33.5,24.4,59,100070,9999,9999,480,566,120,454,999900,999900,999900,99990,320,1.9,9,9,999.0,999,9,'999999999,0,0.0000,0,88,999.000,0.0,1.0
2056/7/6,15:00,?9?9?9?9E0?9?9?9?9*9?9*9?9?9?9?9?9?9*9*_?9*9*9?9?9,33.5,23.8,57,100070,9999,9999,479,493,118,395,999900,999900,999900,99990,320,1.7,9,9,999.0,999,9,'999999999,0,0.0000,0,88,999.000,0.0,1.0
2056/7/6,16:00,?9?9?9?9E0?9?9?9?9*9?9*9?9?9?9?9?9?9*9*_?9*9*9?9?9,33.5,23.8,57,99970,9999,9999,479,355,83,299,999900,999900,999900,99990,320,1.3,9,9,999.0,999,9,'999999999,0,0.0000,0,88,999.000,0.0,1.0
2056/7/6,17:00,?9?9?9?9E0?9?9?9?9*9?9*9?9?9?9?9?9?9*9*_?9*9*9?9?9,33.2,23.5,57,99970,9999,9999,476,221,55,194,999900,999900,999900,99990,280,1.2,9,9,999.0,999,9,'999999999,0,0.0000,0,88,999.000,0.0,1.0
2056/7/6,18:00,?9?9?9?9E0?9?9?9?9*9?9*9?9?9?9?9?9?9*9*_?9*9*9?9?9,32.6,23.8,60,99970,9999,9999,473,91,25,84,999900,999900,999900,99990,290,0.6,9,9,999.0,999,9,'999999999,0,0.0000,0,88,999.000,0.0,1.0
2056/7/6,19:00,?9?9?9?9E0?9?9?9?9*9?9*9?9?9?9?9?9?9*9*_?9*9*9?9?9,32.1,24.2,63,99970,9999,9999,471,7,0,7,999900,999900,999900,99990,290,0.5,9,9,999.0,999,9,'999999999,0,0.0000,0,88,999.000,0.0,1.0
2056/7/6,20:00,?9?9?9?9E0?9?9?9?9*9?9*9?9?9?9?9?9?9*9*_?9*9*9?9?9,31.6,24.0,64,100070,9999,9999,467,0,0,0,999900,999900,999900,99990,290,0.6,9,9,999.0,999,9,'999999999,0,0.0000,0,88,999.000,0.0,1.0
2056/7/6,21:00,?9?9?9?9E0?9?9?9?9*9?9*9?9?9?9?9?9?9*9*_?9*9*9?9?9,30.3,27.1,83,100170,9999,9999,464,0,0,0,999900,999900,999900,99990,290,0.6,9,9,999.0,999,9,'999999999,0,0.0000,0,88,999.000,0.3,1.0
2056/7/6,22:00,?9?9?9?9E0?9?9?9?9*9?9*9?9?9?9?9?9?9*9*_?9*9*9?9?9,30.2,26.0,78,100170,9999,9999,461,0,0,0,999900,999900,999900,99990,270,0.7,9,9,999.0,999,9,'999999999,0,0.0000,0,88,999.000,0.0,1.0
2056/7/6,23:00,?9?9?9?9E0?9?9?9?9*9?9*9?9?9?9?9?9?9*9*_?9*9*9?9?9,29.2,27.0,88,100170,9999,9999,428,0,0,0,999900,999900,999900,99990,230,0.7,4,4,999.0,999,9,'999999999,0,0.0000,0,88,999.000,0.0,1.0
2056/7/6,24:00,?9?9?9?9E0?9?9?9?9*9?9*9?9?9?9?9?9?9*9*_?9*9*9?9?9,28.7,26.7,89,100170,9999,9999,421,0,0,0,999900,999900,999900,99990,230,0.5,3,3,999.0,999,9,'999999999,0,0.0000,0,88,999.000,0.0,1.0
2056/7/7,01:00,?9?9?9?9E0?9?9?9?9*9?9*9?9?9?9?9?9?9*9*_?9*9*9?9?9,28.4,26.4,89,100170,9999,9999,435,0,0,0,999900,999900,999900,99990,230,0.5,7,7,999.0,999,9,'999999999,0,0.0000,0,88,999.000,0.0,1.0
2056/7/7,02:00,?9?9?9?9E0?9?9?9?9*9?9*9?9?9?9?9?9?9*9*_?9*9*9?9?9,28.3,26.3,89,100070,9999,9999,419,0,0,0,999900,999900,999900,99990,230,0.5,3,3,999.0,999,9,'999999999,0,0.0000,0,88,999.000,0.0,1.0
2056/7/7,03:00,?9?9?9?9E0?9?9?9?9*9?9*9?9?9?9?9?9?9*9*_?9*9*9?9?9,28.3,26.3,89,100070,9999,9999,434,0,0,0,999900,999900,999900,99990,230,0.6,7,7,999.0,999,9,'999999999,0,0.0000,0,88,999.000,0.0,1.0
2056/7/7,04:00,?9?9?9?9E0?9?9?9?9*9?9*9?9?9?9?9?9?9*9*_?9*9*9?9?9,28.3,26.3,89,100070,9999,9999,463,0,0,0,999900,999900,999900,99990,230,0.4,10,10,999.0,999,9,'999999999,0,0.0000,0,88,999.000,0.0,1.0
2056/7/7,05:00,?9?9?9?9E0?9?9?9?9*9?9*9?9?9?9?9?9?9*9*_?9*9*9?9?9,27.9,25.9,89,100070,9999,9999,460,0,0,0,999900,999900,999900,99990,230,0.6,10,10,999.0,999,9,'999999999,0,0.0000,0,88,999.000,0.0,1.0
2056/7/7,06:00,?9?9?9?9E0?9?9?9?9*9?9*9?9?9?9?9?9?9*9*_?9*9*9?9?9,27.8,25.8,89,100070,9999,9999,459,0,0,0,999900,999900,999900,99990,200,0.7,10,10,999.0,999,9,'999999999,0,0.0000,0,88,999.000,0.0,1.0
2056/7/7,07:00,?9?9?9?9E0?9?9?9?9*9?9*9?9?9?9?9?9?9*9*_?9*9*9?9?9,27.8,25.6,88,100170,9999,9999,447,30,8,29,999900,999900,999900,99990,260,0.7,9,9,999.0,999,9,'999999999,0,0.0000,0,88,999.000,0.0,1.0
2056/7/7,08:00,?9?9?9?9E0?9?9?9?9*9?9*9?9?9?9?9?9?9*9*_?9*9*9?9?9,28.4,26.0,87,100170,9999,9999,451,145,33,132,999900,999900,999900,99990,260,0.7,9,9,999.0,999,9,'999999999,0,0.0000,0,88,999.000,0.0,1.0
2056/7/7,09:00,?9?9?9?9E0?9?9?9?9*9?9*9?9?9?9?9?9?9*9*_?9*9*9?9?9,30.0,25.3,76,100170,9999,9999,459,294,75,250,999900,999900,999900,99990,270,0.7,9,9,999.0,999,9,'999999999,0,0.0000,0,88,999.000,0.0,1.0
2056/7/7,10:00,?9?9?9?9E0?9?9?9?9*9?9*9?9?9?9?9?9?9*9*_?9*9*9?9?9,30.9,24.8,70,100170,9999,9999,464,421,102,343,999900,999900,999900,99990,270,1.1,9,9,999.0,999,9,'999999999,0,0.0000,0,88,999.000,0.0,1.0
2056/7/7,11:00,?9?9?9?9E0?9?9?9?9*9?9*9?9?9?9?9?9?9*9*_?9*9*9?9?9,32.4,23.7,60,100170,9999,9999,472,540,137,418,999900,999900,999900,99990,270,2.7,9,9,999.0,999,9,'999999999,0,0.0000,0,88,999.000,0.0,1.0
2056/7/7,12:00,?9?9?9?9E0?9?9?9?9*9?9*9?9?9?9?9?9?9*9*_?9*9*9?9?9,33.8,24.4,58,100170,9999,9999,471,672,210,468,999900,999900,999900,99990,270,1.9,8,8,999.0,999,9,'999999999,0,0.0000,0,88,999.000,0.0,1.0
2056/7/7,13:00,?9?9?9?9E0?9?9?9?9*9?9*9?9?9?9?9?9?9*9*_?9*9*9?9?9,34.5,24.8,57,100070,9999,9999,476,673,211,465,999900,999900,999900,99990,280,1.3,8,8,999.0,999,9,'999999999,0,0.0000,0,88,999.000,0.0,1.0
2056/7/7,14:00,?9?9?9?9E0?9?9?9?9*9?9*9?9?9?9?9?9?9*9*_?9*9*9?9?9,34.8,23.5,52,100070,9999,9999,469,731,347,406,999900,999900,999900,99990,280,1.5,7,7,999.0,999,9,'999999999,0,0.0000,0,88,999.000,0.0,1.0
2056/7/7,15:00,?9?9?9?9E0?9?9?9?9*9?9*9?9?9?9?9?9?9*9*_?9*9*9?9?9,35.0,23.7,52,100070,9999,9999,465,695,454,318,999900,999900,999900,99990,280,2.0,6,6,999.0,999,9,'999999999,0,0.0000,0,88,999.000,0.0,1.0
2056/7/7,16:00,?9?9?9?9E0?9?9?9?9*9?9*9?9?9?9?9?9?9*9*_?9*9*9?9?9,35.7,23.3,49,99970,9999,9999,469,521,367,273,999900,999900,999900,99990,280,1.1,6,6,999.0,999,9,'999999999,0,0.0000,0,88,999.000,0.0,1.0
2056/7/7,17:00,?9?9?9?9E0?9?9?9?9*9?9*9?9?9?9?9?9?9*9*_?9*9*9?9?9,35.3,22.6,48,99970,9999,9999,471,311,206,212,999900,999900,999900,99990,280,1.2,7,7,999.0,999,9,'999999999,0,0.0000,0,88,999.000,0.0,1.0
2056/7/7,18:00,?9?9?9?9E0?9?9?9?9*9?9*9?9?9?9?9?9?9*9*_?9*9*9?9?9,32.0,25.6,69,99970,9999,9999,462,109,52,96,999900,999900,999900,99990,180,1.0,8,8,999.0,999,9,'999999999,0,0.0000,0,88,999.000,0.0,1.0
2056/7/7,19:00,?9?9?9?9E0?9?9?9?9*9?9*9?9?9?9?9?9?9*9*_?9*9*9?9?9,31.2,25.8,73,100070,9999,9999,457,10,0,10,999900,999900,999900,99990,180,0.8,8,8,999.0,999,9,'999999999,0,0.0000,0,88,999.000,0.0,1.0
2056/7/7,20:00,?9?9?9?9E0?9?9?9?9*9?9*9?9?9?9?9?9?9*9*_?9*9*9?9?9,30.8,26.8,79,100070,9999,9999,449,0,0,0,999900,999900,999900,99990,180,0.8,7,7,999.0,999,9,'999999999,0,0.0000,0,88,999.000,0.0,1.0
2056/7/7,21:00,?9?9?9?9E0?9?9?9?9*9?9*9?9?9?9?9?9?9*9*_?9*9*9?9?9,30.5,26.7,80,100070,9999,9999,442,0,0,0,999900,999900,999900,99990,160,0.8,6,6,999.0,999,9,'999999999,0,0.0000,0,88,999.000,0.0,1.0
2056/7/7,22:00,?9?9?9?9E0?9?9?9?9*9?9*9?9?9?9?9?9?9*9*_?9*9*9?9?9,30.2,26.2,79,100270,9999,9999,436,0,0,0,999900,999900,999900,99990,160,1.1,5,5,999.0,999,9,'999999999,0,0.0000,0,88,999.000,0.0,1.0
2056/7/7,23:00,?9?9?9?9E0?9?9?9?9*9?9*9?9?9?9?9?9?9*9*_?9*9*9?9?9,30.2,26.0,78,100170,9999,9999,436,0,0,0,999900,999900,999900,99990,200,0.9,5,5,999.0,999,9,'999999999,0,0.0000,0,88,999.000,0.0,1.0
2056/7/7,24:00,?9?9?9?9E0?9?9?9?9*9?9*9?9?9?9?9?9?9*9*_?9*9*9?9?9,29.6,24.5,74,100170,9999,9999,430,0,0,0,999900,999900,999900,99990,230,0.7,5,5,999.0,999,9,'999999999,0,0.0000,0,88,999.000,0.0,1.0
2056/7/8,01:00,?9?9?9?9E0?9?9?9?9*9?9*9?9?9?9?9?9?9*9*_?9*9*9?9?9,29.7,24.6,74,100170,9999,9999,440,0,0,0,999900,999900,999900,99990,230,1.2,7,7,999.0,999,9,'999999999,0,0.0000,0,88,999.000,0.0,1.0
2056/7/8,02:00,?9?9?9?9E0?9?9?9?9*9?9*9?9?9?9?9?9?9*9*_?9*9*9?9?9,30.0,23.7,69,100070,9999,9999,432,0,0,0,999900,999900,999900,99990,250,1.5,5,5,999.0,999,9,'999999999,0,0.0000,0,88,999.000,0.0,1.0
2056/7/8,03:00,?9?9?9?9E0?9?9?9?9*9?9*9?9?9?9?9?9?9*9*_?9*9*9?9?9,29.7,22.7,66,100070,9999,9999,428,0,0,0,999900,999900,999900,99990,250,1.7,5,5,999.0,999,9,'999999999,0,0.0000,0,88,999.000,0.0,1.0
2056/7/8,04:00,?9?9?9?9E0?9?9?9?9*9?9*9?9?9?9?9?9?9*9*_?9*9*9?9?9,29.6,22.8,67,100070,9999,9999,432,0,0,0,999900,999900,999900,99990,250,1.4,6,6,999.0,999,9,'999999999,0,0.0000,0,88,999.000,0.0,1.0
2056/7/8,05:00,?9?9?9?9E0?9?9?9?9*9?9*9?9?9?9?9?9?9*9*_?9*9*9?9?9,29.4,23.1,69,100070,9999,9999,436,0,0,0,999900,999900,999900,99990,250,1.1,7,7,999.0,999,9,'999999999,0,0.0000,0,88,999.000,0.0,1.0
2056/7/8,06:00,?9?9?9?9E0?9?9?9?9*9?9*9?9?9?9?9?9?9*9*_?9*9*9?9?9,29.0,22.7,69,100170,9999,9999,440,0,0,0,999900,999900,999900,99990,290,1.3,8,8,999.0,999,9,'999999999,0,0.0000,0,88,999.000,0.0,1.0
2056/7/8,07:00,?9?9?9?9E0?9?9?9?9*9?9*9?9?9?9?9?9?9*9*_?9*9*9?9?9,29.5,22.5,66,100170,9999,9999,443,54,42,48,999900,999900,999900,99990,290,1.5,8,8,999.0,999,9,'999999999,0,0.0000,0,88,999.000,0.0,1.0
2056/7/8,08:00,?9?9?9?9E0?9?9?9?9*9?9*9?9?9?9?9?9?9*9*_?9*9*9?9?9,30.3,22.2,62,100270,9999,9999,447,211,132,161,999900,999900,999900,99990,290,1.6,8,8,999.0,999,9,'999999999,0,0.0000,0,88,999.000,0.0,1.0
2056/7/8,09:00,?9?9?9?9E0?9?9?9?9*9?9*9?9?9?9?9?9?9*9*_?9*9*9?9?9,31.9,23.7,62,100270,9999,9999,459,371,216,244,999900,999900,999900,99990,270,1.1,8,8,999.0,999,9,'999999999,0,0.0000,0,88,999.000,0.0,1.0
2056/7/8,10:00,?9?9?9?9E0?9?9?9?9*9?9*9?9?9?9?9?9?9*9*_?9*9*9?9?9,33.3,23.0,55,100270,9999,9999,446,701,626,222,999900,999900,999900,99990,250,1.4,4,4,999.0,999,9,'999999999,0,0.0000,0,88,999.000,0.0,1.0
2056/7/8,11:00,?9?9?9?9E0?9?9?9?9*9?9*9?9?9?9?9?9?9*9*_?9*9*9?9?9,33.9,23.6,55,100170,9999,9999,447,860,711,224,999900,999900,999900,99990,250,1.3,3,3,999.0,999,9,'999999999,0,0.0000,0,88,999.000,0.0,1.0
2056/7/8,12:00,?9?9?9?9E0?9?9?9?9*9?9*9?9?9?9?9?9?9*9*_?9*9*9?9?9,35.3,23.6,51,100170,9999,9999,459,919,673,266,999900,999900,999900,99990,280,1.5,4,4,999.0,999,9,'999999999,0,0.0000,0,88,999.000,0.0,1.0
2056/7/8,13:00,?9?9?9?9E0?9?9?9?9*9?9*9?9?9?9?9?9?9*9*_?9*9*9?9?9,36.3,24.2,50,100070,9999,9999,469,889,574,324,999900,999900,999900,99990,300,1.7,5,5,999.0,999,9,'999999999,0,0.0000,0,88,999.000,0.0,1.0
2056/7/8,14:00,?9?9?9?9E0?9?9?9?9*9?9*9?9?9?9?9?9?9*9*_?9*9*9?9?9,36.3,23.2,47,100070,9999,9999,485,679,308,390,999900,999900,999900,99990,290,1.9,8,8,999.0,999,9,'999999999,0,0.0000,0,88,999.000,0.0,1.0
2056/7/8,15:00,?9?9?9?9E0?9?9?9?9*9?9*9?9?9?9?9?9?9*9*_?9*9*9?9?9,35.8,22.4,46,99970,9999,9999,481,600,298,352,999900,999900,999900,99990,320,1.6,8,8,999.0,999,9,'999999999,0,0.0000,0,88,999.000,0.1,1.0
2056/7/8,16:00,?9?9?9?9E0?9?9?9?9*9?9*9?9?9?9?9?9?9*9*_?9*9*9?9?9,35.8,23.4,49,99870,9999,9999,482,434,208,294,999900,999900,999900,99990,200,0.9,8,8,999.0,999,9,'999999999,0,0.0000,0,88,999.000,0.0,1.0
2056/7/8,17:00,?9?9?9?9E0?9?9?9?9*9?9*9?9?9?9?9?9?9*9*_?9*9*9?9?9,34.2,23.6,54,99870,9999,9999,483,231,85,190,999900,999900,999900,99990,200,0.8,9,9,999.0,999,9,'999999999,0,0.0000,0,88,999.000,0.0,1.0
2056/7/8,18:00,?9?9?9?9E0?9?9?9?9*9?9*9?9?9?9?9?9?9*9*_?9*9*9?9?9,33.0,23.6,58,100070,9999,9999,475,96,38,86,999900,999900,999900,99990,230,0.8,9,9,999.0,999,9,'999999999,0,0.0000,0,88,999.000,0.0,1.0
2056/7/8,19:00,?9?9?9?9E0?9?9?9?9*9?9*9?9?9?9?9?9?9*9*_?9*9*9?9?9,31.0,22.9,62,100270,9999,9999,462,8,0,8,999900,999900,999900,99990,270,1.4,9,9,999.0,999,9,'999999999,0,0.0000,0,88,999.000,0.4,1.0
2056/7/8,20:00,?9?9?9?9E0?9?9?9?9*9?9*9?9?9?9?9?9?9*9*_?9*9*9?9?9,30.6,23.8,67,100270,9999,9999,461,0,0,0,999900,999900,999900,99990,270,1.2,9,9,999.0,999,9,'999999999,0,0.0000,0,88,999.000,0.0,1.0
2056/7/8,21:00,?9?9?9?9E0?9?9?9?9*9?9*9?9?9?9?9?9?9*9*_?9*9*9?9?9,30.6,23.8,67,100270,9999,9999,461,0,0,0,999900,999900,999900,99990,260,0.8,9,9,999.0,999,9,'999999999,0,0.0000,0,88,999.000,0.0,1.0
2056/7/8,22:00,?9?9?9?9E0?9?9?9?9*9?9*9?9?9?9?9?9?9*9*_?9*9*9?9?9,30.6,24.0,68,100270,9999,9999,451,0,0,0,999900,999900,999900,99990,290,0.9,8,8,999.0,999,9,'999999999,0,0.0000,0,88,999.000,0.0,1.0
2056/7/8,23:00,?9?9?9?9E0?9?9?9?9*9?9*9?9?9?9?9?9?9*9*_?9*9*9?9?9,30.1,24.5,72,100270,9999,9999,449,0,0,0,999900,999900,999900,99990,290,0.7,8,8,999.0,999,9,'999999999,0,0.0000,0,88,999.000,0.0,1.0
2056/7/8,24:00,?9?9?9?9E0?9?9?9?9*9?9*9?9?9?9?9?9?9*9*_?9*9*9?9?9,30.1,24.7,73,100270,9999,9999,449,0,0,0,999900,999900,999900,99990,230,0.8,8,8,999.0,999,9,'999999999,0,0.0000,0,88,999.000,0.0,1.0
2056/7/9,01:00,?9?9?9?9E0?9?9?9?9*9?9*9?9?9?9?9?9?9*9*_?9*9*9?9?9,29.8,24.5,73,100270,9999,9999,447,0,0,0,999900,999900,999900,99990,240,0.8,8,8,999.0,999,9,'999999999,0,0.0000,0,88,999.000,0.0,1.0
2056/7/9,02:00,?9?9?9?9E0?9?9?9?9*9?9*9?9?9?9?9?9?9*9*_?9*9*9?9?9,29.9,23.4,68,100270,9999,9999,456,0,0,0,999900,999900,999900,99990,240,1.3,9,9,999.0,999,9,'999999999,0,0.0000,0,88,999.000,0.0,1.0
2056/7/9,03:00,?9?9?9?9E0?9?9?9?9*9?9*9?9?9?9?9?9?9*9*_?9*9*9?9?9,29.8,23.3,68,100170,9999,9999,455,0,0,0,999900,999900,999900,99990,250,1.2,9,9,999.0,999,9,'999999999,0,0.0000,0,88,999.000,0.0,1.0
2056/7/9,04:00,?9?9?9?9E0?9?9?9?9*9?9*9?9?9?9?9?9?9*9*_?9*9*9?9?9,29.8,22.5,65,100170,9999,9999,445,0,0,0,999900,999900,999900,99990,260,1.0,8,8,999.0,999,9,'999999999,0,0.0000,0,88,999.000,0.0,1.0
2056/7/9,05:00,?9?9?9?9E0?9?9?9?9*9?9*9?9?9?9?9?9?9*9*_?9*9*9?9?9,29.8,22.3,64,100170,9999,9999,454,0,0,0,999900,999900,999900,99990,260,1.3,9,9,999.0,999,9,'999999999,0,0.0000,0,88,999.000,0.0,1.0
2056/7/9,06:00,?9?9?9?9E0?9?9?9?9*9?9*9?9?9?9?9?9?9*9*_?9*9*9?9?9,29.7,22.2,64,100270,9999,9999,453,0,0,0,999900,999900,999900,99990,270,1.3,9,9,999.0,999,9,'999999999,0,0.0000,0,88,999.000,0.0,1.0
2056/7/9,07:00,?9?9?9?9E0?9?9?9?9*9?9*9?9?9?9?9?9?9*9*_?9*9*9?9?9,29.6,22.3,65,100270,9999,9999,453,41,18,38,999900,999900,999900,99990,270,0.8,9,9,999.0,999,9,'999999999,0,0.0000,0,88,999.000,0.0,1.0
2056/7/9,08:00,?9?9?9?9E0?9?9?9?9*9?9*9?9?9?9?9?9?9*9*_?9*9*9?9?9,30.7,23.1,64,100270,9999,9999,460,174,64,150,999900,999900,999900,99990,260,1.5,9,9,999.0,999,9,'999999999,0,0.0000,0,88,999.000,0.0,1.0
2056/7/9,09:00,?9?9?9?9E0?9?9?9?9*9?9*9?9?9?9?9?9?9*9*_?9*9*9?9?9,32.4,21.9,54,100270,9999,9999,459,390,210,266,999900,999900,999900,99990,290,2.1,8,8,999.0,999,9,'999999999,0,0.0000,0,88,999.000,0.0,1.0
2056/7/9,10:00,?9?9?9?9E0?9?9?9?9*9?9*9?9?9?9?9?9?9*9*_?9*9*9?9?9,33.3,21.8,51,100270,9999,9999,465,540,255,345,999900,999900,999900,99990,260,2.8,8,8,999.0,999,9,'999999999,0,0.0000,0,88,999.000,0.0,1.0
2056/7/9,11:00,?9?9?9?9E0?9?9?9?9*9?9*9?9?9?9?9?9?9*9*_?9*9*9?9?9,34.9,22.3,48,100270,9999,9999,485,574,178,414,999900,999900,999900,99990,260,2.3,9,9,999.0,999,9,'999999999,0,0.0000,0,88,999.000,0.0,1.0
2056/7/9,12:00,?9?9?9?9E0?9?9?9?9*9?9*9?9?9?9?9?9?9*9*_?9*9*9?9?9,35.0,22.0,47,100170,9999,9999,485,633,174,464,999900,999900,999900,99990,270,1.8,9,9,999.0,999,9,'999999999,0,0.0000,0,88,999.000,0.0,1.0
2056/7/9,13:00,?9?9?9?9E0?9?9?9?9*9?9*9?9?9?9?9?9?9*9*_?9*9*9?9?9,36.8,21.8,42,100170,9999,9999,497,644,174,473,999900,999900,999900,99990,270,2.0,9,9,999.0,999,9,'999999999,0,0.0000,0,88,999.000,0.0,1.0
2056/7/9,14:00,?9?9?9?9E0?9?9?9?9*9?9*9?9?9?9?9?9?9*9*_?9*9*9?9?9,36.8,21.0,40,100070,9999,9999,495,624,194,442,999900,999900,999900,99990,270,1.8,9,9,999.0,999,9,'999999999,0,0.0000,0,88,999.000,0.0,1.0
2056/7/9,15:00,?9?9?9?9E0?9?9?9?9*9?9*9?9?9?9?9?9?9*9*_?9*9*9?9?9,36.8,20.6,39,99970,9999,9999,495,540,198,375,999900,999900,999900,99990,260,1.3,9,9,999.0,999,9,'999999999,0,0.0000,0,88,999.000,0.0,1.0
2056/7/9,16:00,?9?9?9?9E0?9?9?9?9*9?9*9?9?9?9?9?9?9*9*_?9*9*9?9?9,36.8,20.6,39,99970,9999,9999,477,509,344,276,999900,999900,999900,99990,320,1.9,7,7,999.0,999,9,'999999999,0,0.0000,0,88,999.000,0.0,1.0
2056/7/9,17:00,?9?9?9?9E0?9?9?9?9*9?9*9?9?9?9?9?9?9*9*_?9*9*9?9?9,31.3,16.1,40,99970,9999,9999,429,400,490,164,999900,999900,999900,99990,320,1.5,5,5,999.0,999,9,'999999999,0,0.0000,0,88,999.000,0.0,1.0
2056/7/9,18:00,?9?9?9?9E0?9?9?9?9*9?9*9?9?9?9?9?9?9*9*_?9*9*9?9?9,30.6,15.5,40,99970,9999,9999,417,208,420,100,999900,999900,999900,99990,280,0.7,3,3,999.0,999,9,'999999999,0,0.0000,0,88,999.000,0.0,1.0
2056/7/9,19:00,?9?9?9?9E0?9?9?9?9*9?9*9?9?9?9?9?9?9*9*_?9*9*9?9?9,29.6,15.7,43,100070,9999,9999,444,12,0,12,999900,999900,999900,99990,270,0.9,9,9,999.0,999,9,'999999999,0,0.0000,0,88,999.000,0.0,1.0
2056/7/9,20:00,?9?9?9?9E0?9?9?9?9*9?9*9?9?9?9?9?9?9*9*_?9*9*9?9?9,33.3,21.5,50,100170,9999,9999,474,0,0,0,999900,999900,999900,99990,270,0.6,9,9,999.0,999,9,'999999999,0,0.0000,0,88,999.000,0.0,1.0
2056/7/9,21:00,?9?9?9?9E0?9?9?9?9*9?9*9?9?9?9?9?9?9*9*_?9*9*9?9?9,32.6,21.8,53,100170,9999,9999,470,0,0,0,999900,999900,999900,99990,240,0.8,9,9,999.0,999,9,'999999999,0,0.0000,0,88,999.000,0.0,1.0
2056/7/9,22:00,?9?9?9?9E0?9?9?9?9*9?9*9?9?9?9?9?9?9*9*_?9*9*9?9?9,33.0,20.9,49,100270,9999,9999,461,0,0,0,999900,999900,999900,99990,270,1.5,8,8,999.0,999,9,'999999999,0,0.0000,0,88,999.000,0.0,1.0
2056/7/9,23:00,?9?9?9?9E0?9?9?9?9*9?9*9?9?9?9?9?9?9*9*_?9*9*9?9?9,33.0,20.5,48,100270,9999,9999,471,0,0,0,999900,999900,999900,99990,250,1.3,9,9,999.0,999,9,'999999999,0,0.0000,0,88,999.000,0.0,1.0
2056/7/9,24:00,?9?9?9?9E0?9?9?9?9*9?9*9?9?9?9?9?9?9*9*_?9*9*9?9?9,32.6,20.2,48,100370,9999,9999,468,0,0,0,999900,999900,999900,99990,200,1.2,9,9,999.0,999,9,'999999999,0,0.0000,0,88,999.000,0.0,1.0
2056/7/10,01:00,?9?9?9?9E0?9?9?9?9*9?9*9?9?9?9?9?9?9*9*_?9*9*9?9?9,31.9,20.2,50,100370,9999,9999,454,0,0,0,999900,999900,999900,99990,270,1.0,8,8,999.0,999,9,'999999999,0,0.0000,0,88,999.000,0.0,1.0
2056/7/10,02:00,?9?9?9?9E0?9?9?9?9*9?9*9?9?9?9?9?9?9*9*_?9*9*9?9?9,31.7,21.0,53,100270,9999,9999,454,0,0,0,999900,999900,999900,99990,270,0.8,8,8,999.0,999,9,'999999999,0,0.0000,0,88,999.000,0.0,1.0
2056/7/10,03:00,?9?9?9?9E0?9?9?9?9*9?9*9?9?9?9?9?9?9*9*_?9*9*9?9?9,30.6,21.7,59,100270,9999,9999,458,0,0,0,999900,999900,999900,99990,270,0.7,9,9,999.0,999,9,'999999999,0,0.0000,0,88,999.000,0.0,1.0
2056/7/10,04:00,?9?9?9?9E0?9?9?9?9*9?9*9?9?9?9?9?9?9*9*_?9*9*9?9?9,29.8,22.8,66,100270,9999,9999,455,0,0,0,999900,999900,999900,99990,270,0.5,9,9,999.0,999,9,'999999999,0,0.0000,0,88,999.000,0.0,1.0
2056/7/10,05:00,?9?9?9?9E0?9?9?9?9*9?9*9?9?9?9?9?9?9*9*_?9*9*9?9?9,29.7,22.4,65,100270,9999,9999,454,0,0,0,999900,999900,999900,99990,240,0.9,9,9,999.0,999,9,'999999999,0,0.0000,0,88,999.000,0.0,1.0
2056/7/10,06:00,?9?9?9?9E0?9?9?9?9*9?9*9?9?9?9?9?9?9*9*_?9*9*9?9?9,29.8,22.3,64,100370,9999,9999,454,0,0,0,999900,999900,999900,99990,240,1.0,9,9,999.0,999,9,'999999999,0,0.0000,0,88,999.000,0.0,1.0
2056/7/10,07:00,?9?9?9?9E0?9?9?9?9*9?9*9?9?9?9?9?9?9*9*_?9*9*9?9?9,30.5,22.4,62,100370,9999,9999,458,41,23,38,999900,999900,999900,99990,240,1.1,9,9,999.0,999,9,'999999999,0,0.0000,0,88,999.000,0.0,1.0
2056/7/10,08:00,?9?9?9?9E0?9?9?9?9*9?9*9?9?9?9?9?9?9*9*_?9*9*9?9?9,32.6,24.1,61,100370,9999,9999,456,233,190,161,999900,999900,999900,99990,240,0.9,7,7,999.0,999,9,'999999999,0,0.0000,0,88,999.000,0.0,1.0
2056/7/10,09:00,?9?9?9?9E0?9?9?9?9*9?9*9?9?9?9?9?9?9*9*_?9*9*9?9?9,32.4,22.5,56,100370,9999,9999,444,495,498,202,999900,999900,999900,99990,260,1.3,5,5,999.0,999,9,'999999999,0,0.0000,0,88,999.000,0.0,1.0
2056/7/10,10:00,?9?9?9?9E0?9?9?9?9*9?9*9?9?9?9?9?9?9*9*_?9*9*9?9?9,34.2,23.0,52,100270,9999,9999,464,590,408,278,999900,999900,999900,99990,270,1.8,7,7,999.0,999,9,'999999999,0,0.0000,0,88,999.000,0.0,1.0
2056/7/10,11:00,?9?9?9?9E0?9?9?9?9*9?9*9?9?9?9?9?9?9*9*_?9*9*9?9?9,35.4,22.4,47,100270,9999,9999,461,831,639,259,999900,999900,999900,99990,280,2.3,5,5,999.0,999,9,'999999999,0,0.0000,0,88,999.000,0.0,1.0
2056/7/10,12:00,?9?9?9?9E0?9?9?9?9*9?9*9?9?9?9?9?9?9*9*_?9*9*9?9?9,36.5,21.9,43,100170,9999,9999,467,907,643,283,999900,999900,999900,99990,270,2.3,5,5,999.0,999,9,'999999999,0,0.0000,0,88,999.000,0.0,1.0
2056/7/10,13:00,?9?9?9?9E0?9?9?9?9*9?9*9?9?9?9?9?9?9*9*_?9*9*9?9?9,37.2,22.1,42,100070,9999,9999,476,866,532,342,999900,999900,999900,99990,270,1.6,6,6,999.0,999,9,'999999999,0,0.0000,0,88,999.000,0.0,1.0
2056/7/10,14:00,?9?9?9?9E0?9?9?9?9*9?9*9?9?9?9?9?9?9*9*_?9*9*9?9?9,37.1,21.3,40,99970,9999,9999,487,704,333,392,999900,999900,999900,99990,270,1.5,8,8,999.0,999,9,'999999999,0,0.0000,0,88,999.000,0.0,1.0
2056/7/10,15:00,?9?9?9?9E0?9?9?9?9*9?9*9?9?9?9?9?9?9*9*_?9*9*9?9?9,37.5,21.2,39,99970,9999,9999,500,547,217,366,999900,999900,999900,99990,270,1.6,9,9,999.0,999,9,'999999999,0,0.0000,0,88,999.000,0.0,1.0
2056/7/10,16:00,?9?9?9?9E0?9?9?9?9*9?9*9?9?9?9?9?9?9*9*_?9*9*9?9?9,37.1,20.9,39,99970,9999,9999,497,401,158,294,999900,999900,999900,99990,270,1.8,9,9,999.0,999,9,'999999999,0,0.0000,0,88,999.000,0.0,1.0
2056/7/10,17:00,?9?9?9?9E0?9?9?9?9*9?9*9?9?9?9?9?9?9*9*_?9*9*9?9?9,36.4,20.2,39,99970,9999,9999,492,253,110,200,999900,999900,999900,99990,260,1.4,9,9,999.0,999,9,'999999999,0,0.0000,0,88,999.000,0.0,1.0
2056/7/10,18:00,?9?9?9?9E0?9?9?9?9*9?9*9?9?9?9?9?9?9*9*_?9*9*9?9?9,35.7,19.6,39,99970,9999,9999,486,111,59,96,999900,999900,999900,99990,250,0.8,9,9,999.0,999,9,'999999999,0,0.0000,0,88,999.000,0.0,1.0
2056/7/10,19:00,?9?9?9?9E0?9?9?9?9*9?9*9?9?9?9?9?9?9*9*_?9*9*9?9?9,35.4,19.8,40,99870,9999,9999,485,11,0,11,999900,999900,999900,99990,320,1.5,9,9,999.0,999,9,'999999999,0,0.0000,0,88,999.000,0.0,1.0
2056/7/10,20:00,?9?9?9?9E0?9?9?9?9*9?9*9?9?9?9?9?9?9*9*_?9*9*9?9?9,34.7,19.5,41,100070,9999,9999,480,0,0,0,999900,999900,999900,99990,320,1.0,9,9,999.0,999,9,'999999999,0,0.0000,0,88,999.000,0.0,1.0
2056/7/10,21:00,?9?9?9?9E0?9?9?9?9*9?9*9?9?9?9?9?9?9*9*_?9*9*9?9?9,33.9,19.6,43,100070,9999,9999,475,0,0,0,999900,999900,999900,99990,270,0.7,9,9,999.0,999,9,'999999999,0,0.0000,0,88,999.000,0.0,1.0
2056/7/10,22:00,?9?9?9?9E0?9?9?9?9*9?9*9?9?9?9?9?9?9*9*_?9*9*9?9?9,33.3,21.5,50,100170,9999,9999,474,0,0,0,999900,999900,999900,99990,270,0.7,9,9,999.0,999,9,'999999999,0,0.0000,0,88,999.000,0.0,1.0
2056/7/10,23:00,?9?9?9?9E0?9?9?9?9*9?9*9?9?9?9?9?9?9*9*_?9*9*9?9?9,32.8,21.0,50,100170,9999,9999,470,0,0,0,999900,999900,999900,99990,270,1.0,9,9,999.0,999,9,'999999999,0,0.0000,0,88,999.000,0.0,1.0
2056/7/10,24:00,?9?9?9?9E0?9?9?9?9*9?9*9?9?9?9?9?9?9*9*_?9*9*9?9?9,32.8,21.0,50,100170,9999,9999,470,0,0,0,999900,999900,999900,99990,270,0.9,9,9,999.0,999,9,'999999999,0,0.0000,0,88,999.000,0.0,1.0
2056/7/11,01:00,?9?9?9?9E0?9?9?9?9*9?9*9?9?9?9?9?9?9*9*_?9*9*9?9?9,32.3,20.6,50,100070,9999,9999,450,0,0,0,999900,999900,999900,99990,270,1.6,7,7,999.0,999,9,'999999999,0,0.0000,0,88,999.000,0.0,1.0
2056/7/11,02:00,?9?9?9?9E0?9?9?9?9*9?9*9?9?9?9?9?9?9*9*_?9*9*9?9?9,31.8,20.1,50,100070,9999,9999,437,0,0,0,999900,999900,999900,99990,260,1.4,5,5,999.0,999,9,'999999999,0,0.0000,0,88,999.000,0.0,1.0
2056/7/11,03:00,?9?9?9?9E0?9?9?9?9*9?9*9?9?9?9?9?9?9*9*_?9*9*9?9?9,31.3,20.3,52,99970,9999,9999,443,0,0,0,999900,999900,999900,99990,320,1.1,7,7,999.0,999,9,'999999999,0,0.0000,0,88,999.000,0.0,1.0
2056/7/11,04:00,?9?9?9?9E0?9?9?9?9*9?9*9?9?9?9?9?9?9*9*_?9*9*9?9?9,30.9,20.8,55,99970,9999,9999,458,0,0,0,999900,999900,999900,99990,320,1.0,9,9,999.0,999,9,'999999999,0,0.0000,0,88,999.000,0.0,1.0
2056/7/11,05:00,?9?9?9?9E0?9?9?9?9*9?9*9?9?9?9?9?9?9*9*_?9*9*9?9?9,30.4,22.0,61,100070,9999,9999,457,0,0,0,999900,999900,999900,99990,320,0.8,9,9,999.0,999,9,'999999999,0,0.0000,0,88,999.000,0.0,1.0
2056/7/11,06:00,?9?9?9?9E0?9?9?9?9*9?9*9?9?9?9?9?9?9*9*_?9*9*9?9?9,30.4,22.3,62,100070,9999,9999,458,0,0,0,999900,999900,999900,99990,320,1.1,9,9,999.0,999,9,'999999999,0,0.0000,0,88,999.000,0.0,1.0
2056/7/11,07:00,?9?9?9?9E0?9?9?9?9*9?9*9?9?9?9?9?9?9*9*_?9*9*9?9?9,30.4,22.3,62,100170,9999,9999,458,42,15,40,999900,999900,999900,99990,320,0.9,9,9,999.0,999,9,'999999999,0,0.0000,0,88,999.000,0.0,1.0
2056/7/11,08:00,?9?9?9?9E0?9?9?9?9*9?9*9?9?9?9?9?9?9*9*_?9*9*9?9?9,30.3,22.7,64,100270,9999,9999,458,175,49,156,999900,999900,999900,99990,320,1.0,9,9,999.0,999,9,'999999999,0,0.0000,0,88,999.000,0.0,1.0
2056/7/11,09:00,?9?9?9?9E0?9?9?9?9*9?9*9?9?9?9?9?9?9*9*_?9*9*9?9?9,29.6,26.6,84,100270,9999,9999,459,287,57,254,999900,999900,999900,99990,270,0.5,9,9,999.0,999,9,'999999999,0,0.0000,0,88,999.000,0.6,1.0
2056/7/11,10:00,?9?9?9?9E0?9?9?9?9*9?9*9?9?9?9?9?9?9*9*_?9*9*9?9?9,30.6,25.5,74,100270,9999,9999,476,349,44,316,999900,999900,999900,99990,220,0.8,10,10,999.0,999,9,'999999999,0,0.0000,0,88,999.000,0.0,1.0
2056/7/11,11:00,?9?9?9?9E0?9?9?9?9*9?9*9?9?9?9?9?9?9*9*_?9*9*9?9?9,31.0,23.4,64,100270,9999,9999,476,452,55,403,999900,999900,999900,99990,220,1.2,10,10,999.0,999,9,'999999999,0,0.0000,0,88,999.000,0.0,1.0
2056/7/11,12:00,?9?9?9?9E0?9?9?9?9*9?9*9?9?9?9?9?9?9*9*_?9*9*9?9?9,32.3,23.3,59,100270,9999,9999,484,494,54,442,999900,999900,999900,99990,200,1.1,10,10,999.0,999,9,'999999999,0,0.0000,0,88,999.000,0.0,1.0
2056/7/11,13:00,?9?9?9?9E0?9?9?9?9*9?9*9?9?9?9?9?9?9*9*_?9*9*9?9?9,32.6,23.6,59,100170,9999,9999,486,497,51,447,999900,999900,999900,99990,200,1.5,10,10,999.0,999,9,'999999999,0,0.0000,0,88,999.000,0.0,1.0
2056/7/11,14:00,?9?9?9?9E0?9?9?9?9*9?9*9?9?9?9?9?9?9*9*_?9*9*9?9?9,32.8,23.5,58,100070,9999,9999,487,473,54,422,999900,999900,999900,99990,200,1.3,10,10,999.0,999,9,'999999999,0,0.0000,0,88,999.000,0.0,1.0
2056/7/11,15:00,?9?9?9?9E0?9?9?9?9*9?9*9?9?9?9?9?9?9*9*_?9*9*9?9?9,33.2,23.5,57,99970,9999,9999,490,414,54,369,999900,999900,999900,99990,200,1.6,10,10,999.0,999,9,'999999999,0,0.0000,0,88,999.000,0.0,1.0
2056/7/11,16:00,?9?9?9?9E0?9?9?9?9*9?9*9?9?9?9?9?9?9*9*_?9*9*9?9?9,33.3,23.6,57,99970,9999,9999,491,289,36,265,999900,999900,999900,99990,220,1.5,10,10,999.0,999,9,'999999999,0,0.0000,0,88,999.000,0.0,1.0
2056/7/11,17:00,?9?9?9?9E0?9?9?9?9*9?9*9?9?9?9?9?9?9*9*_?9*9*9?9?9,33.2,23.5,57,99970,9999,9999,490,174,23,163,999900,999900,999900,99990,210,1.5,10,10,999.0,999,9,'999999999,0,0.0000,0,88,999.000,0.0,1.0
2056/7/11,18:00,?9?9?9?9E0?9?9?9?9*9?9*9?9?9?9?9?9?9*9*_?9*9*9?9?9,32.5,23.2,58,99970,9999,9999,485,68,11,65,999900,999900,999900,99990,210,1.3,10,10,999.0,999,9,'999999999,0,0.0000,0,88,999.000,0.0,1.0
2056/7/11,19:00,?9?9?9?9E0?9?9?9?9*9?9*9?9?9?9?9?9?9*9*_?9*9*9?9?9,32.2,22.9,58,100070,9999,9999,459,12,0,12,999900,999900,999900,99990,210,1.0,8,8,999.0,999,9,'999999999,0,0.0000,0,88,999.000,0.0,1.0
2056/7/11,20:00,?9?9?9?9E0?9?9?9?9*9?9*9?9?9?9?9?9?9*9*_?9*9*9?9?9,31.9,22.6,58,100070,9999,9999,445,0,0,0,999900,999900,999900,99990,210,1.5,6,6,999.0,999,9,'999999999,0,0.0000,0,88,999.000,0.0,1.0
2056/7/11,21:00,?9?9?9?9E0?9?9?9?9*9?9*9?9?9?9?9?9?9*9*_?9*9*9?9?9,29.1,24.9,78,100270,9999,9999,421,0,0,0,999900,999900,999900,99990,270,0.9,3,3,999.0,999,9,'999999999,0,0.0000,0,88,999.000,0.0,1.0
2056/7/11,22:00,?9?9?9?9E0?9?9?9?9*9?9*9?9?9?9?9?9?9*9*_?9*9*9?9?9,29.2,24.6,76,100270,9999,9999,437,0,0,0,999900,999900,999900,99990,270,0.6,7,7,999.0,999,9,'999999999,0,0.0000,0,88,999.000,0.0,1.0
2056/7/11,23:00,?9?9?9?9E0?9?9?9?9*9?9*9?9?9?9?9?9?9*9*_?9*9*9?9?9,29.2,23.9,73,100170,9999,9999,421,0,0,0,999900,999900,999900,99990,230,0.9,3,3,999.0,999,9,'999999999,0,0.0000,0,88,999.000,0.0,1.0
2056/7/11,24:00,?9?9?9?9E0?9?9?9?9*9?9*9?9?9?9?9?9?9*9*_?9*9*9?9?9,29.4,23.1,69,100170,9999,9999,421,0,0,0,999900,999900,999900,99990,240,0.9,3,3,999.0,999,9,'999999999,0,0.0000,0,88,999.000,0.0,1.0
2056/7/12,01:00,?9?9?9?9E0?9?9?9?9*9?9*9?9?9?9?9?9?9*9*_?9*9*9?9?9,29.5,23.2,69,100070,9999,9999,425,0,0,0,999900,999900,999900,99990,220,0.8,4,4,999.0,999,9,'999999999,0,0.0000,0,88,999.000,0.0,1.0
2056/7/12,02:00,?9?9?9?9E0?9?9?9?9*9?9*9?9?9?9?9?9?9*9*_?9*9*9?9?9,29.5,23.2,69,100070,9999,9999,422,0,0,0,999900,999900,999900,99990,220,0.9,3,3,999.0,999,9,'999999999,0,0.0000,0,88,999.000,0.0,1.0
2056/7/12,03:00,?9?9?9?9E0?9?9?9?9*9?9*9?9?9?9?9?9?9*9*_?9*9*9?9?9,29.4,23.1,69,100070,9999,9999,436,0,0,0,999900,999900,999900,99990,230,0.7,7,7,999.0,999,9,'999999999,0,0.0000,0,88,999.000,0.0,1.0
2056/7/12,04:00,?9?9?9?9E0?9?9?9?9*9?9*9?9?9?9?9?9?9*9*_?9*9*9?9?9,29.2,23.6,72,100070,9999,9999,443,0,0,0,999900,999900,999900,99990,230,0.7,8,8,999.0,999,9,'999999999,0,0.0000,0,88,999.000,0.0,1.0
2056/7/12,05:00,?9?9?9?9E0?9?9?9?9*9?9*9?9?9?9?9?9?9*9*_?9*9*9?9?9,28.9,23.8,74,100070,9999,9999,441,0,0,0,999900,999900,999900,99990,200,0.9,8,8,999.0,999,9,'999999999,0,0.0000,0,88,999.000,0.0,1.0
2056/7/12,06:00,?9?9?9?9E0?9?9?9?9*9?9*9?9?9?9?9?9?9*9*_?9*9*9?9?9,28.6,23.5,74,100070,9999,9999,448,0,0,0,999900,999900,999900,99990,220,1.1,9,9,999.0,999,9,'999999999,0,0.0000,0,88,999.000,0.0,1.0
2056/7/12,07:00,?9?9?9?9E0?9?9?9?9*9?9*9?9?9?9?9?9?9*9*_?9*9*9?9?9,28.9,23.8,74,100170,9999,9999,441,47,23,44,999900,999900,999900,99990,210,1.1,8,8,999.0,999,9,'999999999,0,0.0000,0,88,999.000,0.0,1.0
2056/7/12,08:00,?9?9?9?9E0?9?9?9?9*9?9*9?9?9?9?9?9?9*9*_?9*9*9?9?9,29.9,23.8,70,100170,9999,9999,457,164,48,146,999900,999900,999900,99990,220,1.1,9,9,999.0,999,9,'999999999,0,0.0000,0,88,999.000,0.0,1.0
2056/7/12,09:00,?9?9?9?9E0?9?9?9?9*9?9*9?9?9?9?9?9?9*9*_?9*9*9?9?9,31.4,23.8,64,100270,9999,9999,466,317,92,263,999900,999900,999900,99990,270,1.5,9,9,999.0,999,9,'999999999,0,0.0000,0,88,999.000,0.0,1.0
2056/7/12,10:00,?9?9?9?9E0?9?9?9?9*9?9*9?9?9?9?9?9?9*9*_?9*9*9?9?9,32.2,24.0,62,100170,9999,9999,471,441,112,355,999900,999900,999900,99990,270,1.1,9,9,999.0,999,9,'999999999,0,0.0000,0,88,999.000,0.0,1.0
2056/7/12,11:00,?9?9?9?9E0?9?9?9?9*9?9*9?9?9?9?9?9?9*9*_?9*9*9?9?9,32.7,24.2,61,100170,9999,9999,474,538,123,428,999900,999900,999900,99990,210,1.4,9,9,999.0,999,9,'999999999,0,0.0000,0,88,999.000,0.0,1.0
2056/7/12,12:00,?9?9?9?9E0?9?9?9?9*9?9*9?9?9?9?9?9?9*9*_?9*9*9?9?9,34.2,24.8,58,100170,9999,9999,484,600,129,475,999900,999900,999900,99990,230,2.7,9,9,999.0,999,9,'999999999,0,0.0000,0,88,999.000,0.0,1.0
2056/7/12,13:00,?9?9?9?9E0?9?9?9?9*9?9*9?9?9?9?9?9?9*9*_?9*9*9?9?9,35.4,22.4,47,100070,9999,9999,489,632,145,489,999900,999900,999900,99990,230,2.4,9,9,999.0,999,9,'999999999,0,0.0000,0,88,999.000,0.0,1.0
2056/7/12,14:00,?9?9?9?9E0?9?9?9?9*9?9*9?9?9?9?9?9?9*9*_?9*9*9?9?9,35.1,22.1,47,100070,9999,9999,486,599,151,457,999900,999900,999900,99990,250,1.6,9,9,999.0,999,9,'999999999,0,0.0000,0,88,999.000,0.0,1.0
2056/7/12,15:00,?9?9?9?9E0?9?9?9?9*9?9*9?9?9?9?9?9?9*9*_?9*9*9?9?9,35.4,22.0,46,99970,9999,9999,488,524,150,399,999900,999900,999900,99990,260,1.2,9,9,999.0,999,9,'999999999,0,0.0000,0,88,999.000,0.0,1.0
2056/7/12,16:00,?9?9?9?9E0?9?9?9?9*9?9*9?9?9?9?9?9?9*9*_?9*9*9?9?9,35.1,22.8,49,99970,9999,9999,487,376,103,306,999900,999900,999900,99990,230,0.9,9,9,999.0,999,9,'999999999,0,0.0000,0,88,999.000,0.0,1.0
2056/7/12,17:00,?9?9?9?9E0?9?9?9?9*9?9*9?9?9?9?9?9?9*9*_?9*9*9?9?9,34.6,23.6,53,99970,9999,9999,485,230,65,199,999900,999900,999900,99990,210,1.1,9,9,999.0,999,9,'999999999,0,0.0000,0,88,999.000,0.0,1.0
2056/7/12,18:00,?9?9?9?9E0?9?9?9?9*9?9*9?9?9?9?9?9?9*9*_?9*9*9?9?9,34.6,23.0,51,99970,9999,9999,484,99,32,91,999900,999900,999900,99990,320,1.0,9,9,999.0,999,9,'999999999,0,0.0000,0,88,999.000,0.0,1.0
2056/7/12,19:00,?9?9?9?9E0?9?9?9?9*9?9*9?9?9?9?9?9?9*9*_?9*9*9?9?9,33.2,26.0,66,100070,9999,9999,480,7,0,7,999900,999900,999900,99990,240,1.5,9,9,999.0,999,9,'999999999,0,0.0000,0,88,999.000,0.2,1.0
2056/7/12,20:00,?9?9?9?9E0?9?9?9?9*9?9*9?9?9?9?9?9?9*9*_?9*9*9?9?9,33.2,23.8,58,100170,9999,9999,477,0,0,0,999900,999900,999900,99990,250,0.7,9,9,999.0,999,9,'999999999,0,0.0000,0,88,999.000,0.0,1.0
2056/7/12,21:00,?9?9?9?9E0?9?9?9?9*9?9*9?9?9?9?9?9?9*9*_?9*9*9?9?9,32.4,23.4,59,100270,9999,9999,461,0,0,0,999900,999900,999900,99990,290,1.2,8,8,999.0,999,9,'999999999,0,0.0000,0,88,999.000,0.0,1.0
2056/7/12,22:00,?9?9?9?9E0?9?9?9?9*9?9*9?9?9?9?9?9?9*9*_?9*9*9?9?9,32.3,22.1,55,100270,9999,9999,459,0,0,0,999900,999900,999900,99990,250,0.9,8,8,999.0,999,9,'999999999,0,0.0000,0,88,999.000,0.0,1.0
2056/7/12,23:00,?9?9?9?9E0?9?9?9?9*9?9*9?9?9?9?9?9?9*9*_?9*9*9?9?9,32.2,22.0,55,100270,9999,9999,468,0,0,0,999900,999900,999900,99990,210,0.9,9,9,999.0,999,9,'999999999,0,0.0000,0,88,999.000,0.0,1.0
2056/7/12,24:00,?9?9?9?9E0?9?9?9?9*9?9*9?9?9?9?9?9?9*9*_?9*9*9?9?9,31.5,21.7,56,100270,9999,9999,463,0,0,0,999900,999900,999900,99990,180,1.1,9,9,999.0,999,9,'999999999,0,0.0000,0,88,999.000,0.0,1.0
2056/7/13,01:00,?9?9?9?9E0?9?9?9?9*9?9*9?9?9?9?9?9?9*9*_?9*9*9?9?9,31.6,20.2,51,100170,9999,9999,462,0,0,0,999900,999900,999900,99990,240,1.6,9,9,999.0,999,9,'999999999,0,0.0000,0,88,999.000,0.0,1.0
2056/7/13,02:00,?9?9?9?9E0?9?9?9?9*9?9*9?9?9?9?9?9?9*9*_?9*9*9?9?9,31.5,20.2,51,100170,9999,9999,451,0,0,0,999900,999900,999900,99990,240,1.5,8,8,999.0,999,9,'999999999,0,0.0000,0,88,999.000,0.0,1.0
2056/7/13,03:00,?9?9?9?9E0?9?9?9?9*9?9*9?9?9?9?9?9?9*9*_?9*9*9?9?9,31.2,20.8,54,100070,9999,9999,451,0,0,0,999900,999900,999900,99990,200,0.7,8,8,999.0,999,9,'999999999,0,0.0000,0,88,999.000,0.0,1.0
2056/7/13,04:00,?9?9?9?9E0?9?9?9?9*9?9*9?9?9?9?9?9?9*9*_?9*9*9?9?9,30.3,20.6,56,100070,9999,9999,445,0,0,0,999900,999900,999900,99990,210,1.0,8,8,999.0,999,9,'999999999,0,0.0000,0,88,999.000,0.0,1.0
2056/7/13,05:00,?9?9?9?9E0?9?9?9?9*9?9*9?9?9?9?9?9?9*9*_?9*9*9?9?9,29.8,22.5,65,100170,9999,9999,445,0,0,0,999900,999900,999900,99990,210,0.9,8,8,999.0,999,9,'999999999,0,0.0000,0,88,999.000,0.0,1.0
2056/7/13,06:00,?9?9?9?9E0?9?9?9?9*9?9*9?9?9?9?9?9?9*9*_?9*9*9?9?9,29.3,22.8,68,100170,9999,9999,442,0,0,0,999900,999900,999900,99990,270,1.0,8,8,999.0,999,9,'999999999,0,0.0000,0,88,999.000,0.0,1.0
2056/7/13,07:00,?9?9?9?9E0?9?9?9?9*9?9*9?9?9?9?9?9?9*9*_?9*9*9?9?9,29.3,22.6,67,100270,9999,9999,442,51,33,46,999900,999900,999900,99990,270,1.0,8,8,999.0,999,9,'999999999,0,0.0000,0,88,999.000,0.0,1.0
2056/7/13,08:00,?9?9?9?9E0?9?9?9?9*9?9*9?9?9?9?9?9?9*9*_?9*9*9?9?9,29.7,22.7,66,100270,9999,9999,444,204,105,164,999900,999900,999900,99990,270,1.2,8,8,999.0,999,9,'999999999,0,0.0000,0,88,999.000,0.0,1.0
2056/7/13,09:00,?9?9?9?9E0?9?9?9?9*9?9*9?9?9?9?9?9?9*9*_?9*9*9?9?9,30.8,23.5,65,100270,9999,9999,452,369,168,270,999900,999900,999900,99990,220,1.2,8,8,999.0,999,9,'999999999,0,0.0000,0,88,999.000,0.0,1.0
2056/7/13,10:00,?9?9?9?9E0?9?9?9?9*9?9*9?9?9?9?9?9?9*9*_?9*9*9?9?9,32.5,23.5,59,100270,9999,9999,472,449,131,349,999900,999900,999900,99990,230,1.2,9,9,999.0,999,9,'999999999,0,0.0000,0,88,999.000,0.0,1.0
2056/7/13,11:00,?9?9?9?9E0?9?9?9?9*9?9*9?9?9?9?9?9?9*9*_?9*9*9?9?9,32.7,22.5,55,100270,9999,9999,472,553,143,425,999900,999900,999900,99990,230,1.0,9,9,999.0,999,9,'999999999,0,0.0000,0,88,999.000,0.0,1.0
2056/7/13,12:00,?9?9?9?9E0?9?9?9?9*9?9*9?9?9?9?9?9?9*9*_?9*9*9?9?9,34.4,22.8,51,100270,9999,9999,483,611,145,470,999900,999900,999900,99990,210,1.5,9,9,999.0,999,9,'999999999,0,0.0000,0,88,999.000,0.0,1.0
2056/7/13,13:00,?9?9?9?9E0?9?9?9?9*9?9*9?9?9?9?9?9?9*9*_?9*9*9?9?9,34.4,22.8,51,100270,9999,9999,483,620,143,480,999900,999900,999900,99990,200,1.2,9,9,999.0,999,9,'999999999,0,0.0000,0,88,999.000,0.0,1.0
2056/7/13,14:00,?9?9?9?9E0?9?9?9?9*9?9*9?9?9?9?9?9?9*9*_?9*9*9?9?9,34.1,22.5,51,100170,9999,9999,481,589,149,449,999900,999900,999900,99990,210,1.1,9,9,999.0,999,9,'999999999,0,0.0000,0,88,999.000,0.0,1.0
2056/7/13,15:00,?9?9?9?9E0?9?9?9?9*9?9*9?9?9?9?9?9?9*9*_?9*9*9?9?9,34.4,22.8,51,100070,9999,9999,483,517,159,384,999900,999900,999900,99990,200,1.3,9,9,999.0,999,9,'999999999,0,0.0000,0,88,999.000,0.0,1.0
2056/7/13,16:00,?9?9?9?9E0?9?9?9?9*9?9*9?9?9?9?9?9?9*9*_?9*9*9?9?9,33.4,22.5,53,100070,9999,9999,459,481,274,295,999900,999900,999900,99990,180,1.5,7,7,999.0,999,9,'999999999,0,0.0000,0,88,999.000,0.0,1.0
2056/7/13,17:00,?9?9?9?9E0?9?9?9?9*9?9*9?9?9?9?9?9?9*9*_?9*9*9?9?9,33.1,22.9,55,100070,9999,9999,441,397,433,188,999900,999900,999900,99990,190,1.5,3,3,999.0,999,9,'999999999,0,0.0000,0,88,999.000,0.0,1.0
2056/7/13,18:00,?9?9?9?9E0?9?9?9?9*9?9*9?9?9?9?9?9?9*9*_?9*9*9?9?9,32.9,23.6,58,100070,9999,9999,457,137,107,109,999900,999900,999900,99990,190,1.1,7,7,999.0,999,9,'999999999,0,0.0000,0,88,999.000,0.0,1.0
2056/7/13,19:00,?9?9?9?9E0?9?9?9?9*9?9*9?9?9?9?9?9?9*9*_?9*9*9?9?9,32.2,23.2,59,100170,9999,9999,460,11,0,11,999900,999900,999900,99990,180,0.9,8,8,999.0,999,9,'999999999,0,0.0000,0,88,999.000,0.0,1.0
2056/7/13,20:00,?9?9?9?9E0?9?9?9?9*9?9*9?9?9?9?9?9?9*9*_?9*9*9?9?9,32.2,22.6,57,100270,9999,9999,447,0,0,0,999900,999900,999900,99990,180,1.1,6,6,999.0,999,9,'999999999,0,0.0000,0,88,999.000,0.0,1.0
2056/7/13,21:00,?9?9?9?9E0?9?9?9?9*9?9*9?9?9?9?9?9?9*9*_?9*9*9?9?9,33.2,18.9,43,100370,9999,9999,444,0,0,0,999900,999900,999900,99990,230,1.7,5,5,999.0,999,9,'999999999,0,0.0000,0,88,999.000,0.0,1.0
2056/7/13,22:00,?9?9?9?9E0?9?9?9?9*9?9*9?9?9?9?9?9?9*9*_?9*9*9?9?9,32.7,22.2,54,100370,9999,9999,445,0,0,0,999900,999900,999900,99990,270,1.0,5,5,999.0,999,9,'999999999,0,0.0000,0,88,999.000,0.0,1.0
2056/7/13,23:00,?9?9?9?9E0?9?9?9?9*9?9*9?9?9?9?9?9?9*9*_?9*9*9?9?9,31.9,19.2,47,100470,9999,9999,436,0,0,0,999900,999900,999900,99990,270,0.8,5,5,999.0,999,9,'999999999,0,0.0000,0,88,999.000,0.0,1.0
2056/7/13,24:00,?9?9?9?9E0?9?9?9?9*9?9*9?9?9?9?9?9?9*9*_?9*9*9?9?9,31.2,19.2,49,100370,9999,9999,432,0,0,0,999900,999900,999900,99990,210,0.9,5,5,999.0,999,9,'999999999,0,0.0000,0,88,999.000,0.0,1.0
2056/7/14,01:00,?9?9?9?9E0?9?9?9?9*9?9*9?9?9?9?9?9?9*9*_?9*9*9?9?9,31.0,19.4,50,100370,9999,9999,428,0,0,0,999900,999900,999900,99990,200,1.0,4,4,999.0,999,9,'999999999,0,0.0000,0,88,999.000,0.0,1.0
2056/7/14,02:00,?9?9?9?9E0?9?9?9?9*9?9*9?9?9?9?9?9?9*9*_?9*9*9?9?9,30.7,19.4,51,100370,9999,9999,430,0,0,0,999900,999900,999900,99990,200,0.9,5,5,999.0,999,9,'999999999,0,0.0000,0,88,999.000,0.0,1.0
2056/7/14,03:00,?9?9?9?9E0?9?9?9?9*9?9*9?9?9?9?9?9?9*9*_?9*9*9?9?9,29.3,20.5,59,100370,9999,9999,423,0,0,0,999900,999900,999900,99990,200,0.7,5,5,999.0,999,9,'999999999,0,0.0000,0,88,999.000,0.0,1.0
2056/7/14,04:00,?9?9?9?9E0?9?9?9?9*9?9*9?9?9?9?9?9?9*9*_?9*9*9?9?9,29.1,20.8,61,100370,9999,9999,423,0,0,0,999900,999900,999900,99990,200,0.3,5,5,999.0,999,9,'999999999,0,0.0000,0,88,999.000,0.0,1.0
2056/7/14,05:00,?9?9?9?9E0?9?9?9?9*9?9*9?9?9?9?9?9?9*9*_?9*9*9?9?9,28.1,22.1,70,100370,9999,9999,419,0,0,0,999900,999900,999900,99990,200,0.6,5,5,999.0,999,9,'999999999,0,0.0000,0,88,999.000,0.0,1.0
2056/7/14,06:00,?9?9?9?9E0?9?9?9?9*9?9*9?9?9?9?9?9?9*9*_?9*9*9?9?9,28.0,22.3,71,100370,9999,9999,418,0,0,0,999900,999900,999900,99990,200,0.6,5,5,999.0,999,9,'999999999,0,0.0000,0,88,999.000,0.0,1.0
2056/7/14,07:00,?9?9?9?9E0?9?9?9?9*9?9*9?9?9?9?9?9?9*9*_?9*9*9?9?9,29.0,23.0,70,100470,9999,9999,429,68,81,56,999900,999900,999900,99990,200,0.7,6,6,999.0,999,9,'999999999,0,0.0000,0,88,999.000,0.0,1.0
2056/7/14,08:00,?9?9?9?9E0?9?9?9?9*9?9*9?9?9?9?9?9?9*9*_?9*9*9?9?9,31.2,23.1,62,100470,9999,9999,454,200,114,157,999900,999900,999900,99990,250,0.7,8,8,999.0,999,9,'999999999,0,0.0000,0,88,999.000,0.0,1.0
2056/7/14,09:00,?9?9?9?9E0?9?9?9?9*9?9*9?9?9?9?9?9?9*9*_?9*9*9?9?9,32.7,22.5,55,100570,9999,9999,462,378,204,258,999900,999900,999900,99990,250,1.5,8,8,999.0,999,9,'999999999,0,0.0000,0,88,999.000,0.0,1.0
2056/7/14,10:00,?9?9?9?9E0?9?9?9?9*9?9*9?9?9?9?9?9?9*9*_?9*9*9?9?9,34.1,22.5,51,100570,9999,9999,470,528,252,336,999900,999900,999900,99990,250,1.6,8,8,999.0,999,9,'999999999,0,0.0000,0,88,999.000,0.0,1.0
2056/7/14,11:00,?9?9?9?9E0?9?9?9?9*9?9*9?9?9?9?9?9?9*9*_?9*9*9?9?9,34.9,22.6,49,100570,9999,9999,475,648,283,395,999900,999900,999900,99990,250,1.8,8,8,999.0,999,9,'999999999,0,0.0000,0,88,999.000,0.0,1.0
2056/7/14,12:00,?9?9?9?9E0?9?9?9?9*9?9*9?9?9?9?9?9?9*9*_?9*9*9?9?9,36.5,21.5,42,100470,9999,9999,484,725,301,433,999900,999900,999900,99990,270,1.8,8,8,999.0,999,9,'999999999,0,0.0000,0,88,999.000,0.0,1.0
2056/7/14,13:00,?9?9?9?9E0?9?9?9?9*9?9*9?9?9?9?9?9?9*9*_?9*9*9?9?9,36.7,21.3,41,100470,9999,9999,485,736,298,442,999900,999900,999900,99990,270,1.5,8,8,999.0,999,9,'999999999,0,0.0000,0,88,999.000,0.0,1.0
2056/7/14,14:00,?9?9?9?9E0?9?9?9?9*9?9*9?9?9?9?9?9?9*9*_?9*9*9?9?9,36.2,20.5,40,100370,9999,9999,480,708,312,414,999900,999900,999900,99990,270,1.4,8,8,999.0,999,9,'999999999,0,0.0000,0,88,999.000,0.0,1.0
2056/7/14,15:00,?9?9?9?9E0?9?9?9?9*9?9*9?9?9?9?9?9?9*9*_?9*9*9?9?9,35.8,20.5,41,100370,9999,9999,488,549,220,365,999900,999900,999900,99990,230,1.5,9,9,999.0,999,9,'999999999,0,0.0000,0,88,999.000,0.0,1.0
2056/7/14,16:00,?9?9?9?9E0?9?9?9?9*9?9*9?9?9?9?9?9?9*9*_?9*9*9?9?9,35.7,20.4,41,100270,9999,9999,470,507,342,274,999900,999900,999900,99990,320,0.7,7,7,999.0,999,9,'999999999,0,0.0000,0,88,999.000,0.0,1.0
2056/7/14,17:00,?9?9?9?9E0?9?9?9?9*9?9*9?9?9?9?9?9?9*9*_?9*9*9?9?9,36.5,21.1,41,100270,9999,9999,466,380,420,177,999900,999900,999900,99990,270,1.0,5,5,999.0,999,9,'999999999,0,0.0000,0,88,999.000,0.0,1.0
2056/7/14,18:00,?9?9?9?9E0?9?9?9?9*9?9*9?9?9?9?9?9?9*9*_?9*9*9?9?9,36.0,20.7,41,100170,9999,9999,462,179,266,110,999900,999900,999900,99990,270,0.4,5,5,999.0,999,9,'999999999,0,0.0000,0,88,999.000,0.0,1.0
2056/7/14,19:00,?9?9?9?9E0?9?9?9?9*9?9*9?9?9?9?9?9?9*9*_?9*9*9?9?9,33.6,25.1,61,100270,9999,9999,471,11,0,11,999900,999900,999900,99990,270,0.4,8,8,999.0,999,9,'999999999,0,0.0000,0,88,999.000,0.0,1.0
2056/7/14,20:00,?9?9?9?9E0?9?9?9?9*9?9*9?9?9?9?9?9?9*9*_?9*9*9?9?9,32.2,26.8,73,100270,9999,9999,458,0,0,0,999900,999900,999900,99990,270,0.7,7,7,999.0,999,9,'999999999,0,0.0000,0,88,999.000,0.0,1.0
2056/7/14,21:00,?9?9?9?9E0?9?9?9?9*9?9*9?9?9?9?9?9?9*9*_?9*9*9?9?9,31.9,26.7,74,100370,9999,9999,446,0,0,0,999900,999900,999900,99990,160,0.6,5,5,999.0,999,9,'999999999,0,0.0000,0,88,999.000,0.0,1.0
2056/7/14,22:00,?9?9?9?9E0?9?9?9?9*9?9*9?9?9?9?9?9?9*9*_?9*9*9?9?9,31.4,26.2,74,100370,9999,9999,443,0,0,0,999900,999900,999900,99990,170,0.9,5,5,999.0,999,9,'999999999,0,0.0000,0,88,999.000,0.0,1.0
2056/7/14,23:00,?9?9?9?9E0?9?9?9?9*9?9*9?9?9?9?9?9?9*9*_?9*9*9?9?9,31.2,26.0,74,100470,9999,9999,441,0,0,0,999900,999900,999900,99990,190,0.8,5,5,999.0,999,9,'999999999,0,0.0000,0,88,999.000,0.0,1.0
2056/7/14,24:00,?9?9?9?9E0?9?9?9?9*9?9*9?9?9?9?9?9?9*9*_?9*9*9?9?9,30.6,25.9,76,100470,9999,9999,438,0,0,0,999900,999900,999900,99990,180,0.6,5,5,999.0,999,9,'999999999,0,0.0000,0,88,999.000,0.0,1.0
2056/7/15,01:00,?9?9?9?9E0?9?9?9?9*9?9*9?9?9?9?9?9?9*9*_?9*9*9?9?9,29.8,25.1,76,100370,9999,9999,426,0,0,0,999900,999900,999900,99990,180,0.4,3,3,999.0,999,9,'999999999,0,0.0000,0,88,999.000,0.0,1.0
2056/7/15,02:00,?9?9?9?9E0?9?9?9?9*9?9*9?9?9?9?9?9?9*9*_?9*9*9?9?9,30.3,24.9,73,100370,9999,9999,435,0,0,0,999900,999900,999900,99990,180,0.9,5,5,999.0,999,9,'999999999,0,0.0000,0,88,999.000,0.0,1.0
2056/7/15,03:00,?9?9?9?9E0?9?9?9?9*9?9*9?9?9?9?9?9?9*9*_?9*9*9?9?9,30.4,22.6,63,100370,9999,9999,432,0,0,0,999900,999900,999900,99990,240,1.1,5,5,999.0,999,9,'999999999,0,0.0000,0,88,999.000,0.0,1.0
2056/7/15,04:00,?9?9?9?9E0?9?9?9?9*9?9*9?9?9?9?9?9?9*9*_?9*9*9?9?9,30.5,22.1,61,100370,9999,9999,426,0,0,0,999900,999900,999900,99990,240,1.2,3,3,999.0,999,9,'999999999,0,0.0000,0,88,999.000,0.0,1.0
2056/7/15,05:00,?9?9?9?9E0?9?9?9?9*9?9*9?9?9?9?9?9?9*9*_?9*9*9?9?9,30.3,22.0,61,100370,9999,9999,428,0,0,0,999900,999900,999900,99990,240,1.2,4,4,999.0,999,9,'999999999,0,0.0000,0,88,999.000,0.0,1.0
2056/7/15,06:00,?9?9?9?9E0?9?9?9?9*9?9*9?9?9?9?9?9?9*9*_?9*9*9?9?9,29.8,21.7,62,100370,9999,9999,425,0,0,0,999900,999900,999900,99990,250,0.7,4,4,999.0,999,9,'999999999,0,0.0000,0,88,999.000,0.0,1.0
2056/7/15,07:00,?9?9?9?9E0?9?9?9?9*9?9*9?9?9?9?9?9?9*9*_?9*9*9?9?9,30.3,22.5,63,100470,9999,9999,428,84,203,55,999900,999900,999900,99990,260,0.8,4,4,999.0,999,9,'999999999,0,0.0000,0,88,999.000,0.0,1.0
2056/7/15,08:00,?9?9?9?9E0?9?9?9?9*9?9*9?9?9?9?9?9?9*9*_?9*9*9?9?9,31.7,23.3,61,100470,9999,9999,441,276,374,136,999900,999900,999900,99990,270,0.8,5,5,999.0,999,9,'999999999,0,0.0000,0,88,999.000,0.0,1.0
2056/7/15,09:00,?9?9?9?9E0?9?9?9?9*9?9*9?9?9?9?9?9?9*9*_?9*9*9?9?9,33.1,22.9,55,100570,9999,9999,448,492,533,179,999900,999900,999900,99990,250,0.6,5,5,999.0,999,9,'999999999,0,0.0000,0,88,999.000,0.0,1.0
2056/7/15,10:00,?9?9?9?9E0?9?9?9?9*9?9*9?9?9?9?9?9?9*9*_?9*9*9?9?9,34.1,22.5,51,100470,9999,9999,454,680,612,213,999900,999900,999900,99990,270,1.6,5,5,999.0,999,9,'999999999,0,0.0000,0,88,999.000,0.0,1.0
2056/7/15,11:00,?9?9?9?9E0?9?9?9?9*9?9*9?9?9?9?9?9?9*9*_?9*9*9?9?9,35.1,22.5,48,100470,9999,9999,460,825,653,240,999900,999900,999900,99990,270,2.0,5,5,999.0,999,9,'999999999,0,0.0000,0,88,999.000,0.0,1.0
2056/7/15,12:00,?9?9?9?9E0?9?9?9?9*9?9*9?9?9?9?9?9?9*9*_?9*9*9?9?9,36.1,21.6,43,100370,9999,9999,464,910,666,263,999900,999900,999900,99990,280,1.4,5,5,999.0,999,9,'999999999,0,0.0000,0,88,999.000,0.0,1.0
2056/7/15,13:00,?9?9?9?9E0?9?9?9?9*9?9*9?9?9?9?9?9?9*9*_?9*9*9?9?9,37.3,21.4,40,100270,9999,9999,471,924,663,270,999900,999900,999900,99990,290,1.5,5,5,999.0,999,9,'999999999,0,0.0000,0,88,999.000,0.0,1.0
2056/7/15,14:00,?9?9?9?9E0?9?9?9?9*9?9*9?9?9?9?9?9?9*9*_?9*9*9?9?9,38.0,20.8,37,100270,9999,9999,475,886,674,252,999900,999900,999900,99990,270,1.1,5,5,999.0,999,9,'999999999,0,0.0000,0,88,999.000,0.0,1.0
2056/7/15,15:00,?9?9?9?9E0?9?9?9?9*9?9*9?9?9?9?9?9?9*9*_?9*9*9?9?9,38.0,20.8,37,100170,9999,9999,484,680,458,297,999900,999900,999900,99990,270,0.7,7,7,999.0,999,9,'999999999,0,0.0000,0,88,999.000,0.0,1.0
2056/7/15,16:00,?9?9?9?9E0?9?9?9?9*9?9*9?9?9?9?9?9?9*9*_?9*9*9?9?9,34.6,22.3,49,100170,9999,9999,483,389,155,283,999900,999900,999900,99990,80,1.6,9,9,999.0,999,9,'999999999,0,0.0000,0,88,999.000,0.0,1.0
2056/7/15,17:00,?9?9?9?9E0?9?9?9?9*9?9*9?9?9?9?9?9?9*9*_?9*9*9?9?9,33.3,26.6,68,100170,9999,9999,481,218,70,184,999900,999900,999900,99990,80,1.2,9,9,999.0,999,9,'999999999,0,0.0000,0,88,999.000,0.0,1.0
2056/7/15,18:00,?9?9?9?9E0?9?9?9?9*9?9*9?9?9?9?9?9?9*9*_?9*9*9?9?9,31.5,27.6,80,100170,9999,9999,472,83,30,75,999900,999900,999900,99990,180,1.2,9,9,999.0,999,9,'999999999,0,0.0000,0,88,999.000,0.8,1.0
2056/7/15,19:00,?9?9?9?9E0?9?9?9?9*9?9*9?9?9?9?9?9?9*9*_?9*9*9?9?9,31.5,27.6,80,100170,9999,9999,442,18,0,18,999900,999900,999900,99990,180,0.9,4,4,999.0,999,9,'999999999,0,0.0000,0,88,999.000,0.0,1.0
2056/7/15,20:00,?9?9?9?9E0?9?9?9?9*9?9*9?9?9?9?9?9?9*9*_?9*9*9?9?9,31.3,27.7,81,100270,9999,9999,441,0,0,0,999900,999900,999900,99990,150,1.0,4,4,999.0,999,9,'999999999,0,0.0000,0,88,999.000,0.0,1.0
2056/7/15,21:00,?9?9?9?9E0?9?9?9?9*9?9*9?9?9?9?9?9?9*9*_?9*9*9?9?9,30.9,28.1,85,100270,9999,9999,442,0,0,0,999900,999900,999900,99990,180,1.0,5,5,999.0,999,9,'999999999,0,0.0000,0,88,999.000,0.0,1.0
2056/7/15,22:00,?9?9?9?9E0?9?9?9?9*9?9*9?9?9?9?9?9?9*9*_?9*9*9?9?9,30.9,28.1,85,100370,9999,9999,446,0,0,0,999900,999900,999900,99990,180,0.9,6,6,999.0,999,9,'999999999,0,0.0000,0,88,999.000,0.0,1.0
2056/7/15,23:00,?9?9?9?9E0?9?9?9?9*9?9*9?9?9?9?9?9?9*9*_?9*9*9?9?9,30.9,27.9,84,100370,9999,9999,458,0,0,0,999900,999900,999900,99990,170,0.7,8,8,999.0,999,9,'999999999,0,0.0000,0,88,999.000,0.0,1.0
2056/7/15,24:00,?9?9?9?9E0?9?9?9?9*9?9*9?9?9?9?9?9?9*9*_?9*9*9?9?9,30.8,28.0,85,100270,9999,9999,451,0,0,0,999900,999900,999900,99990,230,0.8,7,7,999.0,999,9,'999999999,0,0.0000,0,88,999.000,0.0,1.0
2056/7/16,01:00,?9?9?9?9E0?9?9?9?9*9?9*9?9?9?9?9?9?9*9*_?9*9*9?9?9,30.6,27.8,85,100270,9999,9999,440,0,0,0,999900,999900,999900,99990,180,0.6,5,5,999.0,999,9,'999999999,0,0.0000,0,88,999.000,0.0,1.0
2056/7/16,02:00,?9?9?9?9E0?9?9?9?9*9?9*9?9?9?9?9?9?9*9*_?9*9*9?9?9,30.0,27.2,85,100170,9999,9999,436,0,0,0,999900,999900,999900,99990,180,0.4,5,5,999.0,999,9,'999999999,0,0.0000,0,88,999.000,0.0,1.0
2056/7/16,03:00,?9?9?9?9E0?9?9?9?9*9?9*9?9?9?9?9?9?9*9*_?9*9*9?9?9,29.6,26.8,85,100170,9999,9999,433,0,0,0,999900,999900,999900,99990,180,0.4,5,5,999.0,999,9,'999999999,0,0.0000,0,88,999.000,0.0,1.0
2056/7/16,04:00,?9?9?9?9E0?9?9?9?9*9?9*9?9?9?9?9?9?9*9*_?9*9*9?9?9,29.4,23.6,71,100170,9999,9999,428,0,0,0,999900,999900,999900,99990,180,0.7,5,5,999.0,999,9,'999999999,0,0.0000,0,88,999.000,0.0,1.0
2056/7/16,05:00,?9?9?9?9E0?9?9?9?9*9?9*9?9?9?9?9?9?9*9*_?9*9*9?9?9,29.6,21.3,61,100270,9999,9999,426,0,0,0,999900,999900,999900,99990,180,0.8,5,5,999.0,999,9,'999999999,0,0.0000,0,88,999.000,0.0,1.0
2056/7/16,06:00,?9?9?9?9E0?9?9?9?9*9?9*9?9?9?9?9?9?9*9*_?9*9*9?9?9,29.4,21.1,61,100270,9999,9999,425,0,0,0,999900,999900,999900,99990,270,0.7,5,5,999.0,999,9,'999999999,0,0.0000,0,88,999.000,0.0,1.0
2056/7/16,07:00,?9?9?9?9E0?9?9?9?9*9?9*9?9?9?9?9?9?9*9*_?9*9*9?9?9,29.8,21.2,60,100370,9999,9999,431,71,112,55,999900,999900,999900,99990,270,0.9,6,6,999.0,999,9,'999999999,0,0.0000,0,88,999.000,0.0,1.0
2056/7/16,08:00,?9?9?9?9E0?9?9?9?9*9?9*9?9?9?9?9?9?9*9*_?9*9*9?9?9,31.2,22.2,59,100370,9999,9999,445,235,214,155,999900,999900,999900,99990,270,0.9,7,7,999.0,999,9,'999999999,0,0.0000,0,88,999.000,0.0,1.0
2056/7/16,09:00,?9?9?9?9E0?9?9?9?9*9?9*9?9?9?9?9?9?9*9*_?9*9*9?9?9,32.9,21.8,52,100370,9999,9999,455,431,338,233,999900,999900,999900,99990,270,1.3,7,7,999.0,999,9,'999999999,0,0.0000,0,88,999.000,0.0,1.0
2056/7/16,10:00,?9?9?9?9E0?9?9?9?9*9?9*9?9?9?9?9?9?9*9*_?9*9*9?9?9,33.8,22.3,51,100370,9999,9999,468,533,283,317,999900,999900,999900,99990,270,1.6,8,8,999.0,999,9,'999999999,0,0.0000,0,88,999.000,0.0,1.0
2056/7/16,11:00,?9?9?9?9E0?9?9?9?9*9?9*9?9?9?9?9?9?9*9*_?9*9*9?9?9,34.3,22.4,50,100370,9999,9999,471,647,298,380,999900,999900,999900,99990,270,1.5,8,8,999.0,999,9,'999999999,0,0.0000,0,88,999.000,0.0,1.0
2056/7/16,12:00,?9?9?9?9E0?9?9?9?9*9?9*9?9?9?9?9?9?9*9*_?9*9*9?9?9,35.6,21.5,44,100270,9999,9999,478,725,328,407,999900,999900,999900,99990,270,1.5,8,8,999.0,999,9,'999999999,0,0.0000,0,88,999.000,0.0,1.0
2056/7/16,13:00,?9?9?9?9E0?9?9?9?9*9?9*9?9?9?9?9?9?9*9*_?9*9*9?9?9,36.9,22.3,43,100270,9999,9999,474,863,527,343,999900,999900,999900,99990,250,1.5,6,6,999.0,999,9,'999999999,0,0.0000,0,88,999.000,0.0,1.0
2056/7/16,14:00,?9?9?9?9E0?9?9?9?9*9?9*9?9?9?9?9?9?9*9*_?9*9*9?9?9,37.5,22.0,41,100170,9999,9999,473,872,643,267,999900,999900,999900,99990,290,1.2,5,5,999.0,999,9,'999999999,0,0.0000,0,88,999.000,0.0,1.0
2056/7/16,15:00,?9?9?9?9E0?9?9?9?9*9?9*9?9?9?9?9?9?9*9*_?9*9*9?9?9,37.8,21.5,39,100170,9999,9999,474,770,644,231,999900,999900,999900,99990,280,0.9,5,5,999.0,999,9,'999999999,0,0.0000,0,88,999.000,0.0,1.0
2056/7/16,16:00,?9?9?9?9E0?9?9?9?9*9?9*9?9?9?9?9?9?9*9*_?9*9*9?9?9,37.2,28.4,61,100070,9999,9999,481,534,434,239,999900,999900,999900,99990,280,0.8,5,5,999.0,999,9,'999999999,0,0.0000,0,88,999.000,0.0,1.0
2056/7/16,17:00,?9?9?9?9E0?9?9?9?9*9?9*9?9?9?9?9?9?9*9*_?9*9*9?9?9,38.1,30.9,67,100070,9999,9999,490,337,305,189,999900,999900,999900,99990,110,1.0,5,5,999.0,999,9,'999999999,0,0.0000,0,88,999.000,0.1,1.0
2056/7/16,18:00,?9?9?9?9E0?9?9?9?9*9?9*9?9?9?9?9?9?9*9*_?9*9*9?9?9,37.7,30.5,67,100170,9999,9999,487,156,176,110,999900,999900,999900,99990,130,0.9,5,5,999.0,999,9,'999999999,0,0.0000,0,88,999.000,0.0,1.0
2056/7/16,19:00,?9?9?9?9E0?9?9?9?9*9?9*9?9?9?9?9?9?9*9*_?9*9*9?9?9,32.3,27.8,77,100170,9999,9999,467,9,0,9,999900,999900,999900,99990,180,1.0,8,8,999.0,999,9,'999999999,0,0.0000,0,88,999.000,0.0,1.0
2056/7/16,20:00,?9?9?9?9E0?9?9?9?9*9?9*9?9?9?9?9?9?9*9*_?9*9*9?9?9,30.9,28.7,88,100270,9999,9999,460,0,0,0,999900,999900,999900,99990,180,0.9,8,8,999.0,999,9,'999999999,0,0.0000,0,88,999.000,1.2,1.0
2056/7/16,21:00,?9?9?9?9E0?9?9?9?9*9?9*9?9?9?9?9?9?9*9*_?9*9*9?9?9,30.4,28.2,88,100270,9999,9999,456,0,0,0,999900,999900,999900,99990,180,0.7,8,8,999.0,999,9,'999999999,0,0.0000,0,88,999.000,0.0,1.0
2056/7/16,22:00,?9?9?9?9E0?9?9?9?9*9?9*9?9?9?9?9?9?9*9*_?9*9*9?9?9,30.5,28.3,88,100370,9999,9999,466,0,0,0,999900,999900,999900,99990,180,0.7,9,9,999.0,999,9,'999999999,0,0.0000,0,88,999.000,0.0,1.0
2056/7/16,23:00,?9?9?9?9E0?9?9?9?9*9?9*9?9?9?9?9?9?9*9*_?9*9*9?9?9,30.8,28.0,85,100370,9999,9999,468,0,0,0,999900,999900,999900,99990,180,0.5,9,9,999.0,999,9,'999999999,0,0.0000,0,88,999.000,0.0,1.0
2056/7/16,24:00,?9?9?9?9E0?9?9?9?9*9?9*9?9?9?9?9?9?9*9*_?9*9*9?9?9,30.5,28.5,89,100370,9999,9999,467,0,0,0,999900,999900,999900,99990,180,0.4,9,9,999.0,999,9,'999999999,0,0.0000,0,88,999.000,0.1,1.0
2056/7/17,01:00,?9?9?9?9E0?9?9?9?9*9?9*9?9?9?9?9?9?9*9*_?9*9*9?9?9,30.5,28.5,89,100270,9999,9999,467,0,0,0,999900,999900,999900,99990,180,0.4,9,9,999.0,999,9,'999999999,0,0.0000,0,88,999.000,0.0,1.0
2056/7/17,02:00,?9?9?9?9E0?9?9?9?9*9?9*9?9?9?9?9?9?9*9*_?9*9*9?9?9,30.4,28.4,89,100270,9999,9999,466,0,0,0,999900,999900,999900,99990,180,0.4,9,9,999.0,999,9,'999999999,0,0.0000,0,88,999.000,0.0,1.0
2056/7/17,03:00,?9?9?9?9E0?9?9?9?9*9?9*9?9?9?9?9?9?9*9*_?9*9*9?9?9,30.4,24.6,71,100270,9999,9999,461,0,0,0,999900,999900,999900,99990,250,0.9,9,9,999.0,999,9,'999999999,0,0.0000,0,88,999.000,0.0,1.0
2056/7/17,04:00,?9?9?9?9E0?9?9?9?9*9?9*9?9?9?9?9?9?9*9*_?9*9*9?9?9,30.3,22.7,64,100270,9999,9999,458,0,0,0,999900,999900,999900,99990,220,0.8,9,9,999.0,999,9,'999999999,0,0.0000,0,88,999.000,0.0,1.0
2056/7/17,05:00,?9?9?9?9E0?9?9?9?9*9?9*9?9?9?9?9?9?9*9*_?9*9*9?9?9,30.3,22.7,64,100370,9999,9999,458,0,0,0,999900,999900,999900,99990,250,0.9,9,9,999.0,999,9,'999999999,0,0.0000,0,88,999.000,0.0,1.0
2056/7/17,06:00,?9?9?9?9E0?9?9?9?9*9?9*9?9?9?9?9?9?9*9*_?9*9*9?9?9,30.0,22.5,64,100370,9999,9999,455,0,0,0,999900,999900,999900,99990,270,0.8,9,9,999.0,999,9,'999999999,0,0.0000,0,88,999.000,0.0,1.0
2056/7/17,07:00,?9?9?9?9E0?9?9?9?9*9?9*9?9?9?9?9?9?9*9*_?9*9*9?9?9,30.1,22.6,64,100370,9999,9999,439,60,74,50,999900,999900,999900,99990,270,1.0,7,7,999.0,999,9,'999999999,0,0.0000,0,88,999.000,0.0,1.0
2056/7/17,08:00,?9?9?9?9E0?9?9?9?9*9?9*9?9?9?9?9?9?9*9*_?9*9*9?9?9,30.9,23.0,63,100470,9999,9999,436,275,330,152,999900,999900,999900,99990,250,1.2,5,5,999.0,999,9,'999999999,0,0.0000,0,88,999.000,0.0,1.0
2056/7/17,09:00,?9?9?9?9E0?9?9?9?9*9?9*9?9?9?9?9?9?9*9*_?9*9*9?9?9,32.9,23.0,56,100470,9999,9999,457,426,338,228,999900,999900,999900,99990,270,1.6,7,7,999.0,999,9,'999999999,0,0.0000,0,88,999.000,0.0,1.0
2056/7/17,10:00,?9?9?9?9E0?9?9?9?9*9?9*9?9?9?9?9?9?9*9*_?9*9*9?9?9,33.4,22.5,53,100470,9999,9999,454,636,465,281,999900,999900,999900,99990,270,1.6,6,6,999.0,999,9,'999999999,0,0.0000,0,88,999.000,0.0,1.0
2056/7/17,11:00,?9?9?9?9E0?9?9?9?9*9?9*9?9?9?9?9?9?9*9*_?9*9*9?9?9,34.4,22.5,50,100370,9999,9999,472,645,295,381,999900,999900,999900,99990,270,1.5,8,8,999.0,999,9,'999999999,0,0.0000,0,88,999.000,0.0,1.0
2056/7/17,12:00,?9?9?9?9E0?9?9?9?9*9?9*9?9?9?9?9?9?9*9*_?9*9*9?9?9,35.4,22.7,48,100270,9999,9999,479,713,288,433,999900,999900,999900,99990,270,1.4,8,8,999.0,999,9,'999999999,0,0.0000,0,88,999.000,0.0,1.0
2056/7/17,13:00,?9?9?9?9E0?9?9?9?9*9?9*9?9?9?9?9?9?9*9*_?9*9*9?9?9,35.7,21.9,45,100270,9999,9999,479,725,286,443,999900,999900,999900,99990,270,1.3,8,8,999.0,999,9,'999999999,0,0.0000,0,88,999.000,0.0,1.0
2056/7/17,14:00,?9?9?9?9E0?9?9?9?9*9?9*9?9?9?9?9?9?9*9*_?9*9*9?9?9,36.3,21.0,41,100170,9999,9999,482,702,307,413,999900,999900,999900,99990,260,1.3,8,8,999.0,999,9,'999999999,0,0.0000,0,88,999.000,0.0,1.0
2056/7/17,15:00,?9?9?9?9E0?9?9?9?9*9?9*9?9?9?9?9?9?9*9*_?9*9*9?9?9,36.6,20.0,38,100170,9999,9999,493,548,234,352,999900,999900,999900,99990,250,1.1,9,9,999.0,999,9,'999999999,0,0.0000,0,88,999.000,0.0,1.0
2056/7/17,16:00,?9?9?9?9E0?9?9?9?9*9?9*9?9?9?9?9?9?9*9*_?9*9*9?9?9,37.1,20.0,37,100170,9999,9999,465,616,597,209,999900,999900,999900,99990,260,1.6,4,4,999.0,999,9,'999999999,0,0.0000,0,88,999.000,0.0,1.0
2056/7/17,17:00,?9?9?9?9E0?9?9?9?9*9?9*9?9?9?9?9?9?9*9*_?9*9*9?9?9,34.8,23.2,51,100170,9999,9999,459,369,383,184,999900,999900,999900,99990,260,0.6,5,5,999.0,999,9,'999999999,0,0.0000,0,88,999.000,0.0,1.0
2056/7/17,18:00,?9?9?9?9E0?9?9?9?9*9?9*9?9?9?9?9?9?9*9*_?9*9*9?9?9,33.2,25.5,64,100170,9999,9999,469,115,69,97,999900,999900,999900,99990,180,0.9,8,8,999.0,999,9,'999999999,0,0.0000,0,88,999.000,0.1,1.0
2056/7/17,19:00,?9?9?9?9E0?9?9?9?9*9?9*9?9?9?9?9?9?9*9*_?9*9*9?9?9,32.4,26.0,69,100270,9999,9999,465,10,0,10,999900,999900,999900,99990,180,0.8,8,8,999.0,999,9,'999999999,0,0.0000,0,88,999.000,0.0,1.0
2056/7/17,20:00,?9?9?9?9E0?9?9?9?9*9?9*9?9?9?9?9?9?9*9*_?9*9*9?9?9,31.0,27.8,83,100370,9999,9999,447,0,0,0,999900,999900,999900,99990,180,0.5,6,6,999.0,999,9,'999999999,0,0.0000,0,88,999.000,0.6,1.0
2056/7/17,21:00,?9?9?9?9E0?9?9?9?9*9?9*9?9?9?9?9?9?9*9*_?9*9*9?9?9,30.2,27.8,87,100370,9999,9999,431,0,0,0,999900,999900,999900,99990,150,0.6,3,3,999.0,999,9,'999999999,0,0.0000,0,88,999.000,3.0,1.0
2056/7/17,22:00,?9?9?9?9E0?9?9?9?9*9?9*9?9?9?9?9?9?9*9*_?9*9*9?9?9,29.7,27.3,87,100370,9999,9999,438,0,0,0,999900,999900,999900,99990,150,0.7,6,6,999.0,999,9,'999999999,0,0.0000,0,88,999.000,0.0,1.0
2056/7/17,23:00,?9?9?9?9E0?9?9?9?9*9?9*9?9?9?9?9?9?9*9*_?9*9*9?9?9,29.3,26.9,87,100370,9999,9999,425,0,0,0,999900,999900,999900,99990,210,0.6,3,3,999.0,999,9,'999999999,0,0.0000,0,88,999.000,0.0,1.0
2056/7/17,24:00,?9?9?9?9E0?9?9?9?9*9?9*9?9?9?9?9?9?9*9*_?9*9*9?9?9,29.3,26.9,87,100370,9999,9999,441,0,0,0,999900,999900,999900,99990,200,0.5,7,7,999.0,999,9,'999999999,0,0.0000,0,88,999.000,0.0,1.0
2056/7/18,01:00,?9?9?9?9E0?9?9?9?9*9?9*9?9?9?9?9?9?9*9*_?9*9*9?9?9,29.3,26.9,87,100370,9999,9999,457,0,0,0,999900,999900,999900,99990,200,0.4,9,9,999.0,999,9,'999999999,0,0.0000,0,88,999.000,0.0,1.0
2056/7/18,02:00,?9?9?9?9E0?9?9?9?9*9?9*9?9?9?9?9?9?9*9*_?9*9*9?9?9,29.2,23.6,72,100370,9999,9999,452,0,0,0,999900,999900,999900,99990,200,0.7,9,9,999.0,999,9,'999999999,0,0.0000,0,88,999.000,0.0,1.0
2056/7/18,03:00,?9?9?9?9E0?9?9?9?9*9?9*9?9?9?9?9?9?9*9*_?9*9*9?9?9,29.2,22.0,65,100370,9999,9999,440,0,0,0,999900,999900,999900,99990,200,0.6,8,8,999.0,999,9,'999999999,0,0.0000,0,88,999.000,0.0,1.0
2056/7/18,04:00,?9?9?9?9E0?9?9?9?9*9?9*9?9?9?9?9?9?9*9*_?9*9*9?9?9,28.5,23.0,72,100370,9999,9999,438,0,0,0,999900,999900,999900,99990,260,0.4,8,8,999.0,999,9,'999999999,0,0.0000,0,88,999.000,0.0,1.0
2056/7/18,05:00,?9?9?9?9E0?9?9?9?9*9?9*9?9?9?9?9?9?9*9*_?9*9*9?9?9,28.5,22.7,71,100370,9999,9999,447,0,0,0,999900,999900,999900,99990,250,0.5,9,9,999.0,999,9,'999999999,0,0.0000,0,88,999.000,0.0,1.0
2056/7/18,06:00,?9?9?9?9E0?9?9?9?9*9?9*9?9?9?9?9?9?9*9*_?9*9*9?9?9,28.5,22.5,70,100370,9999,9999,446,0,0,0,999900,999900,999900,99990,250,0.8,9,9,999.0,999,9,'999999999,0,0.0000,0,88,999.000,0.0,1.0
2056/7/18,07:00,?9?9?9?9E0?9?9?9?9*9?9*9?9?9?9?9?9?9*9*_?9*9*9?9?9,29.3,22.8,68,100370,9999,9999,452,34,13,32,999900,999900,999900,99990,230,0.8,9,9,999.0,999,9,'999999999,0,0.0000,0,88,999.000,0.0,1.0
2056/7/18,08:00,?9?9?9?9E0?9?9?9?9*9?9*9?9?9?9?9?9?9*9*_?9*9*9?9?9,34.9,27.1,64,100470,9999,9999,492,156,49,138,999900,999900,999900,99990,220,0.9,9,9,999.0,999,9,'999999999,0,0.0000,0,88,999.000,0.0,1.0
2056/7/18,09:00,?9?9?9?9E0?9?9?9?9*9?9*9?9?9?9?9?9?9*9*_?9*9*9?9?9,31.9,23.7,62,100370,9999,9999,452,410,257,260,999900,999900,999900,99990,230,1.2,7,7,999.0,999,9,'999999999,0,0.0000,0,88,999.000,0.0,1.0
2056/7/18,10:00,?9?9?9?9E0?9?9?9?9*9?9*9?9?9?9?9?9?9*9*_?9*9*9?9?9,33.3,22.1,52,100470,9999,9999,452,636,445,296,999900,999900,999900,99990,230,1.8,6,6,999.0,999,9,'999999999,0,0.0000,0,88,999.000,0.0,1.0
2056/7/18,11:00,?9?9?9?9E0?9?9?9?9*9?9*9?9?9?9?9?9?9*9*_?9*9*9?9?9,34.8,21.1,45,100370,9999,9999,473,683,326,391,999900,999900,999900,99990,250,1.9,8,8,999.0,999,9,'999999999,0,0.0000,0,88,999.000,0.0,1.0
2056/7/18,12:00,?9?9?9?9E0?9?9?9?9*9?9*9?9?9?9?9?9?9*9*_?9*9*9?9?9,36.2,20.5,40,100370,9999,9999,491,646,191,460,999900,999900,999900,99990,250,1.6,9,9,999.0,999,9,'999999999,0,0.0000,0,88,999.000,0.0,1.0
2056/7/18,13:00,?9?9?9?9E0?9?9?9?9*9?9*9?9?9?9?9?9?9*9*_?9*9*9?9?9,37.2,20.9,39,100270,9999,9999,498,654,179,477,999900,999900,999900,99990,250,1.9,9,9,999.0,999,9,'999999999,0,0.0000,0,88,999.000,0.0,1.0
2056/7/18,14:00,?9?9?9?9E0?9?9?9?9*9?9*9?9?9?9?9?9?9*9*_?9*9*9?9?9,38.0,20.3,36,100170,9999,9999,502,634,200,445,999900,999900,999900,99990,250,2.3,9,9,999.0,999,9,'999999999,0,0.0000,0,88,999.000,0.0,1.0
2056/7/18,15:00,?9?9?9?9E0?9?9?9?9*9?9*9?9?9?9?9?9?9*9*_?9*9*9?9?9,37.8,19.7,35,100070,9999,9999,500,563,210,387,999900,999900,999900,99990,250,3.0,9,9,999.0,999,9,'999999999,0,0.0000,0,88,999.000,0.0,1.0
2056/7/18,16:00,?9?9?9?9E0?9?9?9?9*9?9*9?9?9?9?9?9?9*9*_?9*9*9?9?9,37.7,19.6,35,100070,9999,9999,499,410,153,306,999900,999900,999900,99990,250,2.0,9,9,999.0,999,9,'999999999,0,0.0000,0,88,999.000,0.0,1.0
2056/7/18,17:00,?9?9?9?9E0?9?9?9?9*9?9*9?9?9?9?9?9?9*9*_?9*9*9?9?9,37.2,19.6,36,100070,9999,9999,496,260,107,208,999900,999900,999900,99990,230,1.2,9,9,999.0,999,9,'999999999,0,0.0000,0,88,999.000,0.0,1.0
2056/7/18,18:00,?9?9?9?9E0?9?9?9?9*9?9*9?9?9?9?9?9?9*9*_?9*9*9?9?9,35.9,19.4,38,99970,9999,9999,487,112,55,98,999900,999900,999900,99990,270,0.7,9,9,999.0,999,9,'999999999,0,0.0000,0,88,999.000,0.0,1.0
2056/7/18,19:00,?9?9?9?9E0?9?9?9?9*9?9*9?9?9?9?9?9?9*9*_?9*9*9?9?9,34.8,20.4,43,100070,9999,9999,472,14,0,14,999900,999900,999900,99990,270,0.6,8,8,999.0,999,9,'999999999,0,0.0000,0,88,999.000,0.0,1.0
2056/7/18,20:00,?9?9?9?9E0?9?9?9?9*9?9*9?9?9?9?9?9?9*9*_?9*9*9?9?9,33.6,25.1,61,100170,9999,9999,458,0,0,0,999900,999900,999900,99990,270,0.5,6,6,999.0,999,9,'999999999,0,0.0000,0,88,999.000,0.0,1.0
2056/7/18,21:00,?9?9?9?9E0?9?9?9?9*9?9*9?9?9?9?9?9?9*9*_?9*9*9?9?9,32.9,25.7,66,100270,9999,9999,451,0,0,0,999900,999900,999900,99990,270,0.4,5,5,999.0,999,9,'999999999,0,0.0000,0,88,999.000,0.0,1.0
2056/7/18,22:00,?9?9?9?9E0?9?9?9?9*9?9*9?9?9?9?9?9?9*9*_?9*9*9?9?9,32.9,26.7,70,100270,9999,9999,462,0,0,0,999900,999900,999900,99990,270,0.4,7,7,999.0,999,9,'999999999,0,0.0000,0,88,999.000,0.0,1.0
2056/7/18,23:00,?9?9?9?9E0?9?9?9?9*9?9*9?9?9?9?9?9?9*9*_?9*9*9?9?9,31.9,26.7,74,100270,9999,9999,473,0,0,0,999900,999900,999900,99990,270,0.5,9,9,999.0,999,9,'999999999,0,0.0000,0,88,999.000,0.0,1.0
2056/7/18,24:00,?9?9?9?9E0?9?9?9?9*9?9*9?9?9?9?9?9?9*9*_?9*9*9?9?9,31.1,25.5,72,100270,9999,9999,449,0,0,0,999900,999900,999900,99990,270,0.7,7,7,999.0,999,9,'999999999,0,0.0000,0,88,999.000,0.0,1.0
2056/7/19,01:00,?9?9?9?9E0?9?9?9?9*9?9*9?9?9?9?9?9?9*9*_?9*9*9?9?9,31.0,21.2,56,100270,9999,9999,438,0,0,0,999900,999900,999900,99990,270,1.0,6,6,999.0,999,9,'999999999,0,0.0000,0,88,999.000,0.0,1.0
2056/7/19,02:00,?9?9?9?9E0?9?9?9?9*9?9*9?9?9?9?9?9?9*9*_?9*9*9?9?9,31.1,21.3,56,100270,9999,9999,451,0,0,0,999900,999900,999900,99990,220,1.0,8,8,999.0,999,9,'999999999,0,0.0000,0,88,999.000,0.0,1.0
2056/7/19,03:00,?9?9?9?9E0?9?9?9?9*9?9*9?9?9?9?9?9?9*9*_?9*9*9?9?9,30.9,21.1,56,100270,9999,9999,433,0,0,0,999900,999900,999900,99990,220,1.2,5,5,999.0,999,9,'999999999,0,0.0000,0,88,999.000,0.0,1.0
2056/7/19,04:00,?9?9?9?9E0?9?9?9?9*9?9*9?9?9?9?9?9?9*9*_?9*9*9?9?9,30.9,21.1,56,100270,9999,9999,430,0,0,0,999900,999900,999900,99990,250,1.4,4,4,999.0,999,9,'999999999,0,0.0000,0,88,999.000,0.0,1.0
2056/7/19,05:00,?9?9?9?9E0?9?9?9?9*9?9*9?9?9?9?9?9?9*9*_?9*9*9?9?9,30.9,21.1,56,100270,9999,9999,433,0,0,0,999900,999900,999900,99990,240,1.4,5,5,999.0,999,9,'999999999,0,0.0000,0,88,999.000,0.0,1.0
2056/7/19,06:00,?9?9?9?9E0?9?9?9?9*9?9*9?9?9?9?9?9?9*9*_?9*9*9?9?9,30.9,21.1,56,100270,9999,9999,433,0,0,0,999900,999900,999900,99990,260,1.5,5,5,999.0,999,9,'999999999,0,0.0000,0,88,999.000,0.0,1.0
2056/7/19,07:00,?9?9?9?9E0?9?9?9?9*9?9*9?9?9?9?9?9?9*9*_?9*9*9?9?9,30.9,21.1,56,100270,9999,9999,433,79,158,57,999900,999900,999900,99990,250,1.5,5,5,999.0,999,9,'999999999,0,0.0000,0,88,999.000,0.0,1.0
2056/7/19,08:00,?9?9?9?9E0?9?9?9?9*9?9*9?9?9?9?9?9?9*9*_?9*9*9?9?9,31.9,21.7,55,100370,9999,9999,456,214,159,155,999900,999900,999900,99990,260,1.6,8,8,999.0,999,9,'999999999,0,0.0000,0,88,999.000,0.0,1.0
2056/7/19,09:00,?9?9?9?9E0?9?9?9?9*9?9*9?9?9?9?9?9?9*9*_?9*9*9?9?9,33.5,22.0,51,100370,9999,9999,476,342,176,239,999900,999900,999900,99990,260,1.6,9,9,999.0,999,9,'999999999,0,0.0000,0,88,999.000,0.0,1.0
2056/7/19,10:00,?9?9?9?9E0?9?9?9?9*9?9*9?9?9?9?9?9?9*9*_?9*9*9?9?9,34.5,22.6,50,100370,9999,9999,456,684,585,237,999900,999900,999900,99990,270,1.8,5,5,999.0,999,9,'999999999,0,0.0000,0,88,999.000,0.0,1.0
2056/7/19,11:00,?9?9?9?9E0?9?9?9?9*9?9*9?9?9?9?9?9?9*9*_?9*9*9?9?9,35.7,21.6,44,100370,9999,9999,466,787,564,282,999900,999900,999900,99990,270,1.8,6,6,999.0,999,9,'999999999,0,0.0000,0,88,999.000,0.0,1.0
2056/7/19,12:00,?9?9?9?9E0?9?9?9?9*9?9*9?9?9?9?9?9?9*9*_?9*9*9?9?9,36.7,21.3,41,100270,9999,9999,477,808,468,353,999900,999900,999900,99990,270,2.0,7,7,999.0,999,9,'999999999,0,0.0000,0,88,999.000,0.0,1.0
2056/7/19,13:00,?9?9?9?9E0?9?9?9?9*9?9*9?9?9?9?9?9?9*9*_?9*9*9?9?9,37.7,21.0,38,100170,9999,9999,483,820,467,358,999900,999900,999900,99990,270,1.9,7,7,999.0,999,9,'999999999,0,0.0000,0,88,999.000,0.0,1.0
2056/7/19,14:00,?9?9?9?9E0?9?9?9?9*9?9*9?9?9?9?9?9?9*9*_?9*9*9?9?9,38.1,20.9,37,100170,9999,9999,475,895,677,257,999900,999900,999900,99990,250,2.0,5,5,999.0,999,9,'999999999,0,0.0000,0,88,999.000,0.0,1.0
2056/7/19,15:00,?9?9?9?9E0?9?9?9?9*9?9*9?9?9?9?9?9?9*9*_?9*9*9?9?9,38.1,20.0,35,100070,9999,9999,478,745,587,253,999900,999900,999900,99990,230,1.4,6,6,999.0,999,9,'999999999,0,0.0000,0,88,999.000,0.0,1.0
2056/7/19,16:00,?9?9?9?9E0?9?9?9?9*9?9*9?9?9?9?9?9?9*9*_?9*9*9?9?9,38.1,20.0,35,100070,9999,9999,492,466,285,272,999900,999900,999900,99990,230,1.2,8,8,999.0,999,9,'999999999,0,0.0000,0,88,999.000,0.0,1.0
2056/7/19,17:00,?9?9?9?9E0?9?9?9?9*9?9*9?9?9?9?9?9?9*9*_?9*9*9?9?9,37.7,20.1,36,100070,9999,9999,489,300,200,203,999900,999900,999900,99990,230,1.3,8,8,999.0,999,9,'999999999,0,0.0000,0,88,999.000,0.0,1.0
2056/7/19,18:00,?9?9?9?9E0?9?9?9?9*9?9*9?9?9?9?9?9?9*9*_?9*9*9?9?9,35.4,24.7,54,100070,9999,9999,482,123,88,100,999900,999900,999900,99990,230,1.0,8,8,999.0,999,9,'999999999,0,0.0000,0,88,999.000,0.0,1.0
2056/7/19,19:00,?9?9?9?9E0?9?9?9?9*9?9*9?9?9?9?9?9?9*9*_?9*9*9?9?9,33.0,28.7,78,100070,9999,9999,460,14,0,14,999900,999900,999900,99990,230,0.9,6,6,999.0,999,9,'999999999,0,0.0000,0,88,999.000,0.8,1.0
2056/7/19,20:00,?9?9?9?9E0?9?9?9?9*9?9*9?9?9?9?9?9?9*9*_?9*9*9?9?9,31.5,28.3,83,100170,9999,9999,439,0,0,0,999900,999900,999900,99990,120,1.1,3,3,999.0,999,9,'999999999,0,0.0000,0,88,999.000,0.0,1.0
2056/7/19,21:00,?9?9?9?9E0?9?9?9?9*9?9*9?9?9?9?9?9?9*9*_?9*9*9?9?9,31.3,28.3,84,100270,9999,9999,438,0,0,0,999900,999900,999900,99990,160,1.0,3,3,999.0,999,9,'999999999,0,0.0000,0,88,999.000,0.0,1.0
2056/7/19,22:00,?9?9?9?9E0?9?9?9?9*9?9*9?9?9?9?9?9?9*9*_?9*9*9?9?9,29.5,26.3,83,100270,9999,9999,429,0,0,0,999900,999900,999900,99990,180,1.1,4,4,999.0,999,9,'999999999,0,0.0000,0,88,999.000,0.6,1.0
2056/7/19,23:00,?9?9?9?9E0?9?9?9?9*9?9*9?9?9?9?9?9?9*9*_?9*9*9?9?9,29.2,26.8,87,100270,9999,9999,424,0,0,0,999900,999900,999900,99990,180,0.9,3,3,999.0,999,9,'999999999,0,0.0000,0,88,999.000,0.0,1.0
2056/7/19,24:00,?9?9?9?9E0?9?9?9?9*9?9*9?9?9?9?9?9?9*9*_?9*9*9?9?9,30.0,27.6,87,100270,9999,9999,430,0,0,0,999900,999900,999900,99990,180,1.1,3,3,999.0,999,9,'999999999,0,0.0000,0,88,999.000,0.0,1.0
2056/7/20,01:00,?9?9?9?9E0?9?9?9?9*9?9*9?9?9?9?9?9?9*9*_?9*9*9?9?9,30.2,27.8,87,100270,9999,9999,431,0,0,0,999900,999900,999900,99990,210,0.9,3,3,999.0,999,9,'999999999,0,0.0000,0,88,999.000,0.0,1.0
2056/7/20,02:00,?9?9?9?9E0?9?9?9?9*9?9*9?9?9?9?9?9?9*9*_?9*9*9?9?9,30.2,27.8,87,100270,9999,9999,431,0,0,0,999900,999900,999900,99990,210,0.7,3,3,999.0,999,9,'999999999,0,0.0000,0,88,999.000,0.0,1.0
2056/7/20,03:00,?9?9?9?9E0?9?9?9?9*9?9*9?9?9?9?9?9?9*9*_?9*9*9?9?9,30.0,27.8,88,100270,9999,9999,430,0,0,0,999900,999900,999900,99990,230,0.7,3,3,999.0,999,9,'999999999,0,0.0000,0,88,999.000,0.0,1.0
2056/7/20,04:00,?9?9?9?9E0?9?9?9?9*9?9*9?9?9?9?9?9?9*9*_?9*9*9?9?9,29.7,27.3,87,100270,9999,9999,431,0,0,0,999900,999900,999900,99990,230,0.8,4,4,999.0,999,9,'999999999,0,0.0000,0,88,999.000,0.0,1.0
2056/7/20,05:00,?9?9?9?9E0?9?9?9?9*9?9*9?9?9?9?9?9?9*9*_?9*9*9?9?9,29.2,26.8,87,100270,9999,9999,428,0,0,0,999900,999900,999900,99990,230,0.7,4,4,999.0,999,9,'999999999,0,0.0000,0,88,999.000,0.0,1.0
2056/7/20,06:00,?9?9?9?9E0?9?9?9?9*9?9*9?9?9?9?9?9?9*9*_?9*9*9?9?9,28.7,26.5,88,100370,9999,9999,425,0,0,0,999900,999900,999900,99990,230,0.7,4,4,999.0,999,9,'999999999,0,0.0000,0,88,999.000,0.0,1.0
2056/7/20,07:00,?9?9?9?9E0?9?9?9?9*9?9*9?9?9?9?9?9?9*9*_?9*9*9?9?9,29.8,24.7,74,100370,9999,9999,425,79,192,53,999900,999900,999900,99990,230,1.1,3,3,999.0,999,9,'999999999,0,0.0000,0,88,999.000,0.0,1.0
2056/7/20,08:00,?9?9?9?9E0?9?9?9?9*9?9*9?9?9?9?9?9?9*9*_?9*9*9?9?9,31.5,28.1,82,100470,9999,9999,439,272,381,131,999900,999900,999900,99990,250,1.7,3,3,999.0,999,9,'999999999,0,0.0000,0,88,999.000,0.0,1.0
2056/7/20,09:00,?9?9?9?9E0?9?9?9?9*9?9*9?9?9?9?9?9?9*9*_?9*9*9?9?9,32.3,22.7,57,100070,9999,9999,440,511,605,158,999900,999900,999900,99990,250,1.3,4,4,999.0,999,9,'999999999,0,0.0000,0,88,999.000,0.0,1.0
2056/7/20,10:00,?9?9?9?9E0?9?9?9?9*9?9*9?9?9?9?9?9?9*9*_?9*9*9?9?9,33.7,22.8,53,100070,9999,9999,448,705,681,185,999900,999900,999900,99990,250,1.6,4,4,999.0,999,9,'999999999,0,0.0000,0,88,999.000,0.0,1.0
2056/7/20,11:00,?9?9?9?9E0?9?9?9?9*9?9*9?9?9?9?9?9?9*9*_?9*9*9?9?9,35.2,22.5,48,100470,9999,9999,460,821,658,232,999900,999900,999900,99990,250,1.5,5,5,999.0,999,9,'999999999,0,0.0000,0,88,999.000,0.0,1.0
2056/7/20,12:00,?9?9?9?9E0?9?9?9?9*9?9*9?9?9?9?9?9?9*9*_?9*9*9?9?9,36.2,22.0,44,100370,9999,9999,466,904,667,255,999900,999900,999900,99990,260,1.7,5,5,999.0,999,9,'999999999,0,0.0000,0,88,999.000,0.0,1.0
2056/7/20,13:00,?9?9?9?9E0?9?9?9?9*9?9*9?9?9?9?9?9?9*9*_?9*9*9?9?9,37.1,22.1,42,100370,9999,9999,467,961,732,237,999900,999900,999900,99990,230,2.0,4,4,999.0,999,9,'999999999,0,0.0000,0,88,999.000,0.0,1.0
2056/7/20,14:00,?9?9?9?9E0?9?9?9?9*9?9*9?9?9?9?9?9?9*9*_?9*9*9?9?9,34.8,23.8,53,100270,9999,9999,456,895,712,224,999900,999900,999900,99990,230,1.4,4,4,999.0,999,9,'999999999,0,0.0000,0,88,999.000,0.0,1.0
2056/7/20,15:00,?9?9?9?9E0?9?9?9?9*9?9*9?9?9?9?9?9?9*9*_?9*9*9?9?9,34.8,23.8,53,100170,9999,9999,456,788,692,208,999900,999900,999900,99990,150,1.7,4,4,999.0,999,9,'999999999,0,0.0000,0,88,999.000,0.0,1.0
2056/7/20,16:00,?9?9?9?9E0?9?9?9?9*9?9*9?9?9?9?9?9?9*9*_?9*9*9?9?9,31.4,27.3,79,100270,9999,9999,448,484,341,251,999900,999900,999900,99990,100,1.1,6,6,999.0,999,9,'999999999,0,0.0000,0,88,999.000,2.2,1.0
2056/7/20,17:00,?9?9?9?9E0?9?9?9?9*9?9*9?9?9?9?9?9?9*9*_?9*9*9?9?9,30.8,26.5,78,100170,9999,9999,444,308,228,197,999900,999900,999900,99990,100,1.3,6,6,999.0,999,9,'999999999,0,0.0000,0,88,999.000,0.8,1.0
2056/7/20,18:00,?9?9?9?9E0?9?9?9?9*9?9*9?9?9?9?9?9?9*9*_?9*9*9?9?9,30.9,26.0,75,100270,9999,9999,456,105,61,89,999900,999900,999900,99990,90,1.0,8,8,999.0,999,9,'999999999,0,0.0000,0,88,999.000,0.0,1.0
2056/7/20,19:00,?9?9?9?9E0?9?9?9?9*9?9*9?9?9?9?9?9?9*9*_?9*9*9?9?9,30.9,26.2,76,100270,9999,9999,444,14,0,14,999900,999900,999900,99990,130,1.3,6,6,999.0,999,9,'999999999,0,0.0000,0,88,999.000,0.0,1.0
2056/7/20,20:00,?9?9?9?9E0?9?9?9?9*9?9*9?9?9?9?9?9?9*9*_?9*9*9?9?9,30.6,27.8,85,100470,9999,9999,444,0,0,0,999900,999900,999900,99990,130,0.7,6,6,999.0,999,9,'999999999,0,0.0000,0,88,999.000,0.0,1.0
2056/7/20,21:00,?9?9?9?9E0?9?9?9?9*9?9*9?9?9?9?9?9?9*9*_?9*9*9?9?9,28.5,26.9,91,100470,9999,9999,443,0,0,0,999900,999900,999900,99990,270,1.6,8,8,999.0,999,9,'999999999,0,0.0000,0,88,999.000,7.0,1.0
2056/7/20,22:00,?9?9?9?9E0?9?9?9?9*9?9*9?9?9?9?9?9?9*9*_?9*9*9?9?9,27.5,25.9,91,100570,9999,9999,436,0,0,0,999900,999900,999900,99990,270,1.3,8,8,999.0,999,9,'999999999,0,0.0000,0,88,999.000,0.3,1.0
2056/7/20,23:00,?9?9?9?9E0?9?9?9?9*9?9*9?9?9?9?9?9?9*9*_?9*9*9?9?9,27.4,25.8,91,100570,9999,9999,423,0,0,0,999900,999900,999900,99990,270,0.7,6,6,999.0,999,9,'999999999,0,0.0000,0,88,999.000,0.1,1.0
2056/7/20,24:00,?9?9?9?9E0?9?9?9?9*9?9*9?9?9?9?9?9?9*9*_?9*9*9?9?9,27.4,25.8,91,100570,9999,9999,413,0,0,0,999900,999900,999900,99990,150,0.8,3,3,999.0,999,9,'999999999,0,0.0000,0,88,999.000,0.0,1.0
2056/7/21,01:00,?9?9?9?9E0?9?9?9?9*9?9*9?9?9?9?9?9?9*9*_?9*9*9?9?9,27.3,25.7,91,100570,9999,9999,428,0,0,0,999900,999900,999900,99990,150,1.5,7,7,999.0,999,9,'999999999,0,0.0000,0,88,999.000,0.0,1.0
2056/7/21,02:00,?9?9?9?9E0?9?9?9?9*9?9*9?9?9?9?9?9?9*9*_?9*9*9?9?9,26.4,24.8,91,100470,9999,9999,406,0,0,0,999900,999900,999900,99990,150,1.4,3,3,999.0,999,9,'999999999,0,0.0000,0,88,999.000,7.9,1.0
2056/7/21,03:00,?9?9?9?9E0?9?9?9?9*9?9*9?9?9?9?9?9?9*9*_?9*9*9?9?9,26.5,24.9,91,100470,9999,9999,407,0,0,0,999900,999900,999900,99990,110,0.9,3,3,999.0,999,9,'999999999,0,0.0000,0,88,999.000,0.3,1.0
2056/7/21,04:00,?9?9?9?9E0?9?9?9?9*9?9*9?9?9?9?9?9?9*9*_?9*9*9?9?9,26.7,25.1,91,100470,9999,9999,412,0,0,0,999900,999900,999900,99990,90,0.6,4,4,999.0,999,9,'999999999,0,0.0000,0,88,999.000,0.0,1.0
2056/7/21,05:00,?9?9?9?9E0?9?9?9?9*9?9*9?9?9?9?9?9?9*9*_?9*9*9?9?9,26.9,25.3,91,100570,9999,9999,413,0,0,0,999900,999900,999900,99990,90,0.6,4,4,999.0,999,9,'999999999,0,0.0000,0,88,999.000,0.0,1.0
2056/7/21,06:00,?9?9?9?9E0?9?9?9?9*9?9*9?9?9?9?9?9?9*9*_?9*9*9?9?9,27.1,25.5,91,100570,9999,9999,418,0,0,0,999900,999900,999900,99990,110,0.8,5,5,999.0,999,9,'999999999,0,0.0000,0,88,999.000,0.0,1.0
2056/7/21,07:00,?9?9?9?9E0?9?9?9?9*9?9*9?9?9?9?9?9?9*9*_?9*9*9?9?9,27.6,26.0,91,100670,9999,9999,421,60,79,49,999900,999900,999900,99990,110,0.8,5,5,999.0,999,9,'999999999,0,0.0000,0,88,999.000,0.0,1.0
2056/7/21,08:00,?9?9?9?9E0?9?9?9?9*9?9*9?9?9?9?9?9?9*9*_?9*9*9?9?9,29.4,27.8,91,100670,9999,9999,433,233,218,152,999900,999900,999900,99990,200,0.9,5,5,999.0,999,9,'999999999,0,0.0000,0,88,999.000,0.0,1.0
2056/7/21,09:00,?9?9?9?9E0?9?9?9?9*9?9*9?9?9?9?9?9?9*9*_?9*9*9?9?9,31.8,28.1,81,100670,9999,9999,448,434,368,219,999900,999900,999900,99990,180,1.0,5,5,999.0,999,9,'999999999,0,0.0000,0,88,999.000,0.0,1.0
2056/7/21,10:00,?9?9?9?9E0?9?9?9?9*9?9*9?9?9?9?9?9?9*9*_?9*9*9?9?9,32.2,27.4,76,100670,9999,9999,449,608,447,267,999900,999900,999900,99990,180,1.1,5,5,999.0,999,9,'999999999,0,0.0000,0,88,999.000,0.0,1.0
2056/7/21,11:00,?9?9?9?9E0?9?9?9?9*9?9*9?9?9?9?9?9?9*9*_?9*9*9?9?9,33.3,25.6,64,100670,9999,9999,453,770,538,288,999900,999900,999900,99990,190,1.1,5,5,999.0,999,9,'999999999,0,0.0000,0,88,999.000,0.0,1.0
2056/7/21,12:00,?9?9?9?9E0?9?9?9?9*9?9*9?9?9?9?9?9?9*9*_?9*9*9?9?9,34.3,24.9,58,100570,9999,9999,458,862,572,306,999900,999900,999900,99990,270,0.8,5,5,999.0,999,9,'999999999,0,0.0000,0,88,999.000,0.0,1.0
2056/7/21,13:00,?9?9?9?9E0?9?9?9?9*9?9*9?9?9?9?9?9?9*9*_?9*9*9?9?9,35.3,23.3,50,100470,9999,9999,462,891,593,304,999900,999900,999900,99990,320,1.1,5,5,999.0,999,9,'999999999,0,0.0000,0,88,999.000,0.0,1.0
2056/7/21,14:00,?9?9?9?9E0?9?9?9?9*9?9*9?9?9?9?9?9?9*9*_?9*9*9?9?9,35.8,23.4,49,100370,9999,9999,465,850,610,274,999900,999900,999900,99990,320,0.8,5,5,999.0,999,9,'999999999,0,0.0000,0,88,999.000,0.0,1.0
2056/7/21,15:00,?9?9?9?9E0?9?9?9?9*9?9*9?9?9?9?9?9?9*9*_?9*9*9?9?9,35.7,23.7,50,100370,9999,9999,465,744,598,243,999900,999900,999900,99990,360,0.7,5,5,999.0,999,9,'999999999,0,0.0000,0,88,999.000,0.0,1.0
2056/7/21,16:00,?9?9?9?9E0?9?9?9?9*9?9*9?9?9?9?9?9?9*9*_?9*9*9?9?9,34.3,26.3,63,100270,9999,9999,460,537,454,228,999900,999900,999900,99990,360,1.2,5,5,999.0,999,9,'999999999,0,0.0000,0,88,999.000,0.0,1.0
2056/7/21,17:00,?9?9?9?9E0?9?9?9?9*9?9*9?9?9?9?9?9?9*9*_?9*9*9?9?9,33.7,25.7,63,100270,9999,9999,452,373,430,165,999900,999900,999900,99990,360,1.2,4,4,999.0,999,9,'999999999,0,0.0000,0,88,999.000,0.0,1.0
2056/7/21,18:00,?9?9?9?9E0?9?9?9?9*9?9*9?9?9?9?9?9?9*9*_?9*9*9?9?9,32.7,25.0,64,100270,9999,9999,442,182,324,98,999900,999900,999900,99990,180,1.2,3,3,999.0,999,9,'999999999,0,0.0000,0,88,999.000,0.0,1.0
2056/7/21,19:00,?9?9?9?9E0?9?9?9?9*9?9*9?9?9?9?9?9?9*9*_?9*9*9?9?9,31.6,25.7,71,100370,9999,9999,437,19,0,19,999900,999900,999900,99990,180,1.1,3,3,999.0,999,9,'999999999,0,0.0000,0,88,999.000,0.0,1.0
2056/7/21,20:00,?9?9?9?9E0?9?9?9?9*9?9*9?9?9?9?9?9?9*9*_?9*9*9?9?9,31.2,26.5,76,100470,9999,9999,435,0,0,0,999900,999900,999900,99990,140,0.9,3,3,999.0,999,9,'999999999,0,0.0000,0,88,999.000,0.0,1.0
2056/7/21,21:00,?9?9?9?9E0?9?9?9?9*9?9*9?9?9?9?9?9?9*9*_?9*9*9?9?9,30.9,26.4,77,100470,9999,9999,437,0,0,0,999900,999900,999900,99990,140,1.1,4,4,999.0,999,9,'999999999,0,0.0000,0,88,999.000,0.0,1.0
2056/7/21,22:00,?9?9?9?9E0?9?9?9?9*9?9*9?9?9?9?9?9?9*9*_?9*9*9?9?9,30.9,27.5,82,100570,9999,9999,442,0,0,0,999900,999900,999900,99990,140,1.0,5,5,999.0,999,9,'999999999,0,0.0000,0,88,999.000,0.0,1.0
2056/7/21,23:00,?9?9?9?9E0?9?9?9?9*9?9*9?9?9?9?9?9?9*9*_?9*9*9?9?9,30.8,27.6,83,100570,9999,9999,441,0,0,0,999900,999900,999900,99990,140,0.7,5,5,999.0,999,9,'999999999,0,0.0000,0,88,999.000,0.0,1.0
2056/7/21,24:00,?9?9?9?9E0?9?9?9?9*9?9*9?9?9?9?9?9?9*9*_?9*9*9?9?9,30.4,27.4,84,100470,9999,9999,435,0,0,0,999900,999900,999900,99990,230,0.6,4,4,999.0,999,9,'999999999,0,0.0000,0,88,999.000,0.0,1.0
2056/7/22,01:00,?9?9?9?9E0?9?9?9?9*9?9*9?9?9?9?9?9?9*9*_?9*9*9?9?9,30.0,27.6,87,100570,9999,9999,433,0,0,0,999900,999900,999900,99990,230,0.7,4,4,999.0,999,9,'999999999,0,0.0000,0,88,999.000,0.0,1.0
2056/7/22,02:00,?9?9?9?9E0?9?9?9?9*9?9*9?9?9?9?9?9?9*9*_?9*9*9?9?9,30.0,27.6,87,100570,9999,9999,433,0,0,0,999900,999900,999900,99990,220,1.0,4,4,999.0,999,9,'999999999,0,0.0000,0,88,999.000,0.0,1.0
2056/7/22,03:00,?9?9?9?9E0?9?9?9?9*9?9*9?9?9?9?9?9?9*9*_?9*9*9?9?9,29.9,27.5,87,100570,9999,9999,436,0,0,0,999900,999900,999900,99990,220,0.7,5,5,999.0,999,9,'999999999,0,0.0000,0,88,999.000,0.0,1.0
2056/7/22,04:00,?9?9?9?9E0?9?9?9?9*9?9*9?9?9?9?9?9?9*9*_?9*9*9?9?9,29.9,27.5,87,100570,9999,9999,440,0,0,0,999900,999900,999900,99990,220,0.7,6,6,999.0,999,9,'999999999,0,0.0000,0,88,999.000,0.0,1.0
2056/7/22,05:00,?9?9?9?9E0?9?9?9?9*9?9*9?9?9?9?9?9?9*9*_?9*9*9?9?9,29.9,27.5,87,100670,9999,9999,445,0,0,0,999900,999900,999900,99990,220,0.6,7,7,999.0,999,9,'999999999,0,0.0000,0,88,999.000,0.0,1.0
2056/7/22,06:00,?9?9?9?9E0?9?9?9?9*9?9*9?9?9?9?9?9?9*9*_?9*9*9?9?9,29.9,27.7,88,100670,9999,9999,452,0,0,0,999900,999900,999900,99990,230,0.6,8,8,999.0,999,9,'999999999,0,0.0000,0,88,999.000,0.0,1.0
2056/7/22,07:00,?9?9?9?9E0?9?9?9?9*9?9*9?9?9?9?9?9?9*9*_?9*9*9?9?9,29.9,26.7,83,100770,9999,9999,432,70,104,56,999900,999900,999900,99990,330,0.8,4,4,999.0,999,9,'999999999,0,0.0000,0,88,999.000,0.0,1.0
2056/7/22,08:00,?9?9?9?9E0?9?9?9?9*9?9*9?9?9?9?9?9?9*9*_?9*9*9?9?9,29.5,26.3,83,100870,9999,9999,432,250,221,168,999900,999900,999900,99990,330,1.1,5,5,999.0,999,9,'999999999,0,0.0000,0,88,999.000,0.0,1.0
2056/7/22,09:00,?9?9?9?9E0?9?9?9?9*9?9*9?9?9?9?9?9?9*9*_?9*9*9?9?9,29.9,25.9,79,100870,9999,9999,450,344,137,264,999900,999900,999900,99990,340,1.1,8,8,999.0,999,9,'999999999,0,0.0000,0,88,999.000,0.0,1.0
2056/7/22,10:00,?9?9?9?9E0?9?9?9?9*9?9*9?9?9?9?9?9?9*9*_?9*9*9?9?9,29.9,25.9,79,100870,9999,9999,459,410,92,340,999900,999900,999900,99990,340,0.8,9,9,999.0,999,9,'999999999,0,0.0000,0,88,999.000,0.0,1.0
2056/7/22,11:00,?9?9?9?9E0?9?9?9?9*9?9*9?9?9?9?9?9?9*9*_?9*9*9?9?9,30.9,25.7,74,100870,9999,9999,465,504,101,413,999900,999900,999900,99990,340,0.8,9,9,999.0,999,9,'999999999,0,0.0000,0,88,999.000,0.0,1.0
2056/7/22,12:00,?9?9?9?9E0?9?9?9?9*9?9*9?9?9?9?9?9?9*9*_?9*9*9?9?9,32.8,25.9,67,100770,9999,9999,467,646,169,482,999900,999900,999900,99990,340,0.9,8,8,999.0,999,9,'999999999,0,0.0000,0,88,999.000,0.0,1.0
2056/7/22,13:00,?9?9?9?9E0?9?9?9?9*9?9*9?9?9?9?9?9?9*9*_?9*9*9?9?9,33.7,25.4,62,100670,9999,9999,472,658,174,486,999900,999900,999900,99990,340,1.1,8,8,999.0,999,9,'999999999,0,0.0000,0,88,999.000,0.0,1.0
2056/7/22,14:00,?9?9?9?9E0?9?9?9?9*9?9*9?9?9?9?9?9?9*9*_?9*9*9?9?9,34.1,23.2,53,100570,9999,9999,471,655,213,454,999900,999900,999900,99990,340,1.0,8,8,999.0,999,9,'999999999,0,0.0000,0,88,999.000,0.0,1.0
2056/7/22,15:00,?9?9?9?9E0?9?9?9?9*9?9*9?9?9?9?9?9?9*9*_?9*9*9?9?9,34.1,23.5,54,100570,9999,9999,472,573,207,400,999900,999900,999900,99990,20,0.7,8,8,999.0,999,9,'999999999,0,0.0000,0,88,999.000,0.0,1.0
2056/7/22,16:00,?9?9?9?9E0?9?9?9?9*9?9*9?9?9?9?9?9?9*9*_?9*9*9?9?9,32.5,24.6,63,100470,9999,9999,474,350,87,290,999900,999900,999900,99990,90,1.2,9,9,999.0,999,9,'999999999,0,0.0000,0,88,999.000,0.0,1.0
2056/7/22,17:00,?9?9?9?9E0?9?9?9?9*9?9*9?9?9?9?9?9?9*9*_?9*9*9?9?9,31.9,24.3,64,100470,9999,9999,460,259,96,212,999900,999900,999900,99990,90,0.9,8,8,999.0,999,9,'999999999,0,0.0000,0,88,999.000,0.0,1.0
2056/7/22,18:00,?9?9?9?9E0?9?9?9?9*9?9*9?9?9?9?9?9?9*9*_?9*9*9?9?9,31.4,24.8,68,100470,9999,9999,457,109,48,97,999900,999900,999900,99990,90,0.9,8,8,999.0,999,9,'999999999,0,0.0000,0,88,999.000,0.0,1.0
2056/7/22,19:00,?9?9?9?9E0?9?9?9?9*9?9*9?9?9?9?9?9?9*9*_?9*9*9?9?9,30.9,26.6,78,100570,9999,9999,450,11,0,11,999900,999900,999900,99990,90,1.0,7,7,999.0,999,9,'999999999,0,0.0000,0,88,999.000,0.0,1.0
2056/7/22,20:00,?9?9?9?9E0?9?9?9?9*9?9*9?9?9?9?9?9?9*9*_?9*9*9?9?9,30.5,26.2,78,100570,9999,9999,438,0,0,0,999900,999900,999900,99990,170,1.1,5,5,999.0,999,9,'999999999,0,0.0000,0,88,999.000,0.0,1.0
2056/7/22,21:00,?9?9?9?9E0?9?9?9?9*9?9*9?9?9?9?9?9?9*9*_?9*9*9?9?9,30.5,26.2,78,100670,9999,9999,442,0,0,0,999900,999900,999900,99990,200,1.0,6,6,999.0,999,9,'999999999,0,0.0000,0,88,999.000,0.0,1.0
2056/7/22,22:00,?9?9?9?9E0?9?9?9?9*9?9*9?9?9?9?9?9?9*9*_?9*9*9?9?9,30.4,26.1,78,100670,9999,9999,441,0,0,0,999900,999900,999900,99990,200,0.9,6,6,999.0,999,9,'999999999,0,0.0000,0,88,999.000,0.0,1.0
2056/7/22,23:00,?9?9?9?9E0?9?9?9?9*9?9*9?9?9?9?9?9?9*9*_?9*9*9?9?9,29.7,25.5,78,100670,9999,9999,425,0,0,0,999900,999900,999900,99990,200,0.8,3,3,999.0,999,9,'999999999,0,0.0000,0,88,999.000,0.0,1.0
2056/7/22,24:00,?9?9?9?9E0?9?9?9?9*9?9*9?9?9?9?9?9?9*9*_?9*9*9?9?9,28.9,24.5,77,100670,9999,9999,420,0,0,0,999900,999900,999900,99990,240,1.0,3,3,999.0,999,9,'999999999,0,0.0000,0,88,999.000,0.0,1.0
2056/7/23,01:00,?9?9?9?9E0?9?9?9?9*9?9*9?9?9?9?9?9?9*9*_?9*9*9?9?9,28.6,23.3,73,100470,9999,9999,420,0,0,0,999900,999900,999900,99990,240,0.8,4,4,999.0,999,9,'999999999,0,0.0000,0,88,999.000,0.0,1.0
2056/7/23,02:00,?9?9?9?9E0?9?9?9?9*9?9*9?9?9?9?9?9?9*9*_?9*9*9?9?9,27.7,23.5,78,100570,9999,9999,415,0,0,0,999900,999900,999900,99990,240,0.7,4,4,999.0,999,9,'999999999,0,0.0000,0,88,999.000,0.0,1.0
2056/7/23,03:00,?9?9?9?9E0?9?9?9?9*9?9*9?9?9?9?9?9?9*9*_?9*9*9?9?9,27.9,23.7,78,100570,9999,9999,423,0,0,0,999900,999900,999900,99990,240,0.8,6,6,999.0,999,9,'999999999,0,0.0000,0,88,999.000,0.0,1.0
2056/7/23,04:00,?9?9?9?9E0?9?9?9?9*9?9*9?9?9?9?9?9?9*9*_?9*9*9?9?9,28.0,23.8,78,100570,9999,9999,429,0,0,0,999900,999900,999900,99990,240,0.8,7,7,999.0,999,9,'999999999,0,0.0000,0,88,999.000,0.0,1.0
2056/7/23,05:00,?9?9?9?9E0?9?9?9?9*9?9*9?9?9?9?9?9?9*9*_?9*9*9?9?9,28.3,24.1,78,100570,9999,9999,422,0,0,0,999900,999900,999900,99990,220,1.1,5,5,999.0,999,9,'999999999,0,0.0000,0,88,999.000,0.0,1.0
2056/7/23,06:00,?9?9?9?9E0?9?9?9?9*9?9*9?9?9?9?9?9?9*9*_?9*9*9?9?9,28.4,24.2,78,100670,9999,9999,423,0,0,0,999900,999900,999900,99990,220,0.9,5,5,999.0,999,9,'999999999,0,0.0000,0,88,999.000,0.0,1.0
2056/7/23,07:00,?9?9?9?9E0?9?9?9?9*9?9*9?9?9?9?9?9?9*9*_?9*9*9?9?9,28.9,24.7,78,100770,9999,9999,442,39,23,36,999900,999900,999900,99990,270,1.1,8,8,999.0,999,9,'999999999,0,0.0000,0,88,999.000,0.0,1.0
2056/7/23,08:00,?9?9?9?9E0?9?9?9?9*9?9*9?9?9?9?9?9?9*9*_?9*9*9?9?9,30.9,24.3,68,100770,9999,9999,454,192,103,154,999900,999900,999900,99990,270,1.4,8,8,999.0,999,9,'999999999,0,0.0000,0,88,999.000,0.0,1.0
2056/7/23,09:00,?9?9?9?9E0?9?9?9?9*9?9*9?9?9?9?9?9?9*9*_?9*9*9?9?9,31.9,24.8,66,100770,9999,9999,460,357,180,252,999900,999900,999900,99990,230,1.2,8,8,999.0,999,9,'999999999,0,0.0000,0,88,999.000,0.0,1.0
2056/7/23,10:00,?9?9?9?9E0?9?9?9?9*9?9*9?9?9?9?9?9?9*9*_?9*9*9?9?9,32.0,24.6,65,100670,9999,9999,461,501,229,326,999900,999900,999900,99990,230,1.5,8,8,999.0,999,9,'999999999,0,0.0000,0,88,999.000,0.0,1.0
2056/7/23,11:00,?9?9?9?9E0?9?9?9?9*9?9*9?9?9?9?9?9?9*9*_?9*9*9?9?9,33.0,25.8,66,100570,9999,9999,456,726,431,340,999900,999900,999900,99990,230,0.9,6,6,999.0,999,9,'999999999,0,0.0000,0,88,999.000,0.0,1.0
2056/7/23,12:00,?9?9?9?9E0?9?9?9?9*9?9*9?9?9?9?9?9?9*9*_?9*9*9?9?9,34.5,23.5,53,100470,9999,9999,458,881,578,319,999900,999900,999900,99990,290,1.2,5,5,999.0,999,9,'999999999,0,0.0000,0,88,999.000,0.0,1.0
2056/7/23,13:00,?9?9?9?9E0?9?9?9?9*9?9*9?9?9?9?9?9?9*9*_?9*9*9?9?9,35.6,23.9,51,100470,9999,9999,469,833,476,361,999900,999900,999900,99990,270,1.0,6,6,999.0,999,9,'999999999,0,0.0000,0,88,999.000,0.0,1.0
2056/7/23,14:00,?9?9?9?9E0?9?9?9?9*9?9*9?9?9?9?9?9?9*9*_?9*9*9?9?9,35.7,23.7,50,100370,9999,9999,469,797,491,334,999900,999900,999900,99990,270,0.7,6,6,999.0,999,9,'999999999,0,0.0000,0,88,999.000,0.0,1.0
2056/7/23,15:00,?9?9?9?9E0?9?9?9?9*9?9*9?9?9?9?9?9?9*9*_?9*9*9?9?9,35.7,24.3,52,100270,9999,9999,470,698,489,287,999900,999900,999900,99990,270,1.4,6,6,999.0,999,9,'999999999,0,0.0000,0,88,999.000,0.0,1.0
2056/7/23,16:00,?9?9?9?9E0?9?9?9?9*9?9*9?9?9?9?9?9?9*9*_?9*9*9?9?9,34.3,24.3,56,100270,9999,9999,457,555,478,229,999900,999900,999900,99990,270,1.2,5,5,999.0,999,9,'999999999,0,0.0000,0,88,999.000,0.0,1.0
2056/7/23,17:00,?9?9?9?9E0?9?9?9?9*9?9*9?9?9?9?9?9?9*9*_?9*9*9?9?9,33.8,25.2,61,100270,9999,9999,449,389,467,163,999900,999900,999900,99990,120,1.1,3,3,999.0,999,9,'999999999,0,0.0000,0,88,999.000,0.0,1.0
2056/7/23,18:00,?9?9?9?9E0?9?9?9?9*9?9*9?9?9?9?9?9?9*9*_?9*9*9?9?9,32.4,25.0,65,100270,9999,9999,444,173,268,104,999900,999900,999900,99990,120,1.5,4,4,999.0,999,9,'999999999,0,0.0000,0,88,999.000,0.0,1.0
2056/7/23,19:00,?9?9?9?9E0?9?9?9?9*9?9*9?9?9?9?9?9?9*9*_?9*9*9?9?9,31.6,27.1,77,100370,9999,9999,442,16,0,16,999900,999900,999900,99990,140,1.2,4,4,999.0,999,9,'999999999,0,0.0000,0,88,999.000,0.0,1.0
2056/7/23,20:00,?9?9?9?9E0?9?9?9?9*9?9*9?9?9?9?9?9?9*9*_?9*9*9?9?9,31.0,26.7,78,100370,9999,9999,438,0,0,0,999900,999900,999900,99990,140,1.5,4,4,999.0,999,9,'999999999,0,0.0000,0,88,999.000,0.0,1.0
2056/7/23,21:00,?9?9?9?9E0?9?9?9?9*9?9*9?9?9?9?9?9?9*9*_?9*9*9?9?9,30.9,26.8,79,100470,9999,9999,437,0,0,0,999900,999900,999900,99990,180,1.3,4,4,999.0,999,9,'999999999,0,0.0000,0,88,999.000,0.0,1.0
2056/7/23,22:00,?9?9?9?9E0?9?9?9?9*9?9*9?9?9?9?9?9?9*9*_?9*9*9?9?9,30.7,25.5,74,100570,9999,9999,431,0,0,0,999900,999900,999900,99990,180,0.9,3,3,999.0,999,9,'999999999,0,0.0000,0,88,999.000,0.0,1.0
2056/7/23,23:00,?9?9?9?9E0?9?9?9?9*9?9*9?9?9?9?9?9?9*9*_?9*9*9?9?9,29.7,22.9,67,100570,9999,9999,422,0,0,0,999900,999900,999900,99990,180,0.7,3,3,999.0,999,9,'999999999,0,0.0000,0,88,999.000,0.0,1.0
2056/7/23,24:00,?9?9?9?9E0?9?9?9?9*9?9*9?9?9?9?9?9?9*9*_?9*9*9?9?9,29.2,22.9,69,100570,9999,9999,419,0,0,0,999900,999900,999900,99990,230,0.7,3,3,999.0,999,9,'999999999,0,0.0000,0,88,999.000,0.0,1.0
2056/7/24,01:00,?9?9?9?9E0?9?9?9?9*9?9*9?9?9?9?9?9?9*9*_?9*9*9?9?9,28.7,23.6,74,100470,9999,9999,424,0,0,0,999900,999900,999900,99990,230,0.6,5,5,999.0,999,9,'999999999,0,0.0000,0,88,999.000,0.0,1.0
2056/7/24,02:00,?9?9?9?9E0?9?9?9?9*9?9*9?9?9?9?9?9?9*9*_?9*9*9?9?9,28.7,23.6,74,100470,9999,9999,440,0,0,0,999900,999900,999900,99990,220,0.9,8,8,999.0,999,9,'999999999,0,0.0000,0,88,999.000,0.0,1.0
2056/7/24,03:00,?9?9?9?9E0?9?9?9?9*9?9*9?9?9?9?9?9?9*9*_?9*9*9?9?9,28.4,24.2,78,100370,9999,9999,427,0,0,0,999900,999900,999900,99990,220,0.7,6,6,999.0,999,9,'999999999,0,0.0000,0,88,999.000,0.0,1.0
2056/7/24,04:00,?9?9?9?9E0?9?9?9?9*9?9*9?9?9?9?9?9?9*9*_?9*9*9?9?9,28.1,24.3,80,100470,9999,9999,422,0,0,0,999900,999900,999900,99990,220,0.8,5,5,999.0,999,9,'999999999,0,0.0000,0,88,999.000,0.0,1.0
2056/7/24,05:00,?9?9?9?9E0?9?9?9?9*9?9*9?9?9?9?9?9?9*9*_?9*9*9?9?9,27.8,24.0,80,100470,9999,9999,423,0,0,0,999900,999900,999900,99990,220,0.7,6,6,999.0,999,9,'999999999,0,0.0000,0,88,999.000,0.0,1.0
2056/7/24,06:00,?9?9?9?9E0?9?9?9?9*9?9*9?9?9?9?9?9?9*9*_?9*9*9?9?9,27.8,25.1,85,100470,9999,9999,430,0,0,0,999900,999900,999900,99990,270,0.7,7,7,999.0,999,9,'999999999,0,0.0000,0,88,999.000,0.0,1.0
2056/7/24,07:00,?9?9?9?9E0?9?9?9?9*9?9*9?9?9?9?9?9?9*9*_?9*9*9?9?9,28.3,25.2,83,100570,9999,9999,433,46,43,40,999900,999900,999900,99990,270,0.7,7,7,999.0,999,9,'999999999,0,0.0000,0,88,999.000,0.0,1.0
2056/7/24,08:00,?9?9?9?9E0?9?9?9?9*9?9*9?9?9?9?9?9?9*9*_?9*9*9?9?9,30.0,26.0,79,100570,9999,9999,438,229,213,151,999900,999900,999900,99990,270,1.0,6,6,999.0,999,9,'999999999,0,0.0000,0,88,999.000,0.0,1.0
2056/7/24,09:00,?9?9?9?9E0?9?9?9?9*9?9*9?9?9?9?9?9?9*9*_?9*9*9?9?9,31.9,26.9,75,100670,9999,9999,447,448,422,202,999900,999900,999900,99990,220,1.3,5,5,999.0,999,9,'999999999,0,0.0000,0,88,999.000,0.0,1.0
2056/7/24,10:00,?9?9?9?9E0?9?9?9?9*9?9*9?9?9?9?9?9?9*9*_?9*9*9?9?9,33.3,27.3,71,100570,9999,9999,449,673,605,211,999900,999900,999900,99990,180,1.2,3,3,999.0,999,9,'999999999,0,0.0000,0,88,999.000,0.0,1.0
2056/7/24,11:00,?9?9?9?9E0?9?9?9?9*9?9*9?9?9?9?9?9?9*9*_?9*9*9?9?9,34.9,25.7,59,100570,9999,9999,456,842,697,217,999900,999900,999900,99990,180,1.0,3,3,999.0,999,9,'999999999,0,0.0000,0,88,999.000,0.0,1.0
2056/7/24,12:00,?9?9?9?9E0?9?9?9?9*9?9*9?9?9?9?9?9?9*9*_?9*9*9?9?9,36.2,23.8,49,100470,9999,9999,461,951,748,222,999900,999900,999900,99990,270,1.0,3,3,999.0,999,9,'999999999,0,0.0000,0,88,999.000,0.0,1.0
2056/7/24,13:00,?9?9?9?9E0?9?9?9?9*9?9*9?9?9?9?9?9?9*9*_?9*9*9?9?9,35.3,20.5,42,100470,9999,9999,454,967,743,231,999900,999900,999900,99990,270,1.0,4,4,999.0,999,9,'999999999,0,0.0000,0,88,999.000,0.0,1.0
2056/7/24,14:00,?9?9?9?9E0?9?9?9?9*9?9*9?9?9?9?9?9?9*9*_?9*9*9?9?9,36.2,24.5,51,100370,9999,9999,465,892,704,227,999900,999900,999900,99990,270,1.2,4,4,999.0,999,9,'999999999,0,0.0000,0,88,999.000,0.0,1.0
2056/7/24,15:00,?9?9?9?9E0?9?9?9?9*9?9*9?9?9?9?9?9?9*9*_?9*9*9?9?9,35.7,25.0,54,100270,9999,9999,463,779,682,206,999900,999900,999900,99990,140,1.3,4,4,999.0,999,9,'999999999,0,0.0000,0,88,999.000,0.0,1.0
2056/7/24,16:00,?9?9?9?9E0?9?9?9?9*9?9*9?9?9?9?9?9?9*9*_?9*9*9?9?9,34.4,23.8,54,100270,9999,9999,457,559,515,207,999900,999900,999900,99990,140,1.4,5,5,999.0,999,9,'999999999,0,0.0000,0,88,999.000,0.0,1.0
2056/7/24,17:00,?9?9?9?9E0?9?9?9?9*9?9*9?9?9?9?9?9?9*9*_?9*9*9?9?9,33.3,24.5,60,100270,9999,9999,452,359,394,168,999900,999900,999900,99990,140,1.2,5,5,999.0,999,9,'999999999,0,0.0000,0,88,999.000,0.0,1.0
2056/7/24,18:00,?9?9?9?9E0?9?9?9?9*9?9*9?9?9?9?9?9?9*9*_?9*9*9?9?9,32.3,24.6,64,100270,9999,9999,446,163,237,102,999900,999900,999900,99990,140,1.3,5,5,999.0,999,9,'999999999,0,0.0000,0,88,999.000,0.0,1.0
2056/7/24,19:00,?9?9?9?9E0?9?9?9?9*9?9*9?9?9?9?9?9?9*9*_?9*9*9?9?9,31.7,27.0,76,100270,9999,9999,446,14,0,14,999900,999900,999900,99990,140,1.1,5,5,999.0,999,9,'999999999,0,0.0000,0,88,999.000,0.0,1.0
2056/7/24,20:00,?9?9?9?9E0?9?9?9?9*9?9*9?9?9?9?9?9?9*9*_?9*9*9?9?9,31.4,27.1,78,100370,9999,9999,437,0,0,0,999900,999900,999900,99990,160,0.9,3,3,999.0,999,9,'999999999,0,0.0000,0,88,999.000,0.0,1.0
2056/7/24,21:00,?9?9?9?9E0?9?9?9?9*9?9*9?9?9?9?9?9?9*9*_?9*9*9?9?9,31.4,27.5,80,100470,9999,9999,438,0,0,0,999900,999900,999900,99990,140,0.8,3,3,999.0,999,9,'999999999,0,0.0000,0,88,999.000,0.0,1.0
2056/7/24,22:00,?9?9?9?9E0?9?9?9?9*9?9*9?9?9?9?9?9?9*9*_?9*9*9?9?9,31.4,28.0,82,100470,9999,9999,438,0,0,0,999900,999900,999900,99990,180,0.8,3,3,999.0,999,9,'999999999,0,0.0000,0,88,999.000,0.0,1.0
2056/7/24,23:00,?9?9?9?9E0?9?9?9?9*9?9*9?9?9?9?9?9?9*9*_?9*9*9?9?9,27.7,24.4,82,100470,9999,9999,413,0,0,0,999900,999900,999900,99990,180,0.7,3,3,999.0,999,9,'999999999,0,0.0000,0,88,999.000,0.0,1.0
2056/7/24,24:00,?9?9?9?9E0?9?9?9?9*9?9*9?9?9?9?9?9?9*9*_?9*9*9?9?9,25.2,21.7,81,100570,9999,9999,399,0,0,0,999900,999900,999900,99990,240,3.5,4,4,999.0,999,9,'999999999,0,0.0000,0,88,999.000,0.0,1.0
2056/7/25,01:00,?9?9?9?9E0?9?9?9?9*9?9*9?9?9?9?9?9?9*9*_?9*9*9?9?9,25.2,23.5,90,100570,9999,9999,428,0,0,0,999900,999900,999900,99990,180,2.3,9,9,999.0,999,9,'999999999,0,0.0000,0,88,999.000,0.0,1.0
2056/7/25,02:00,?9?9?9?9E0?9?9?9?9*9?9*9?9?9?9?9?9?9*9*_?9*9*9?9?9,25.2,23.5,90,100370,9999,9999,428,0,0,0,999900,999900,999900,99990,180,0.8,9,9,999.0,999,9,'999999999,0,0.0000,0,88,999.000,3.0,1.0
2056/7/25,03:00,?9?9?9?9E0?9?9?9?9*9?9*9?9?9?9?9?9?9*9*_?9*9*9?9?9,25.3,23.7,91,100270,9999,9999,429,0,0,0,999900,999900,999900,99990,140,0.7,9,9,999.0,999,9,'999999999,0,0.0000,0,88,999.000,1.4,1.0
2056/7/25,04:00,?9?9?9?9E0?9?9?9?9*9?9*9?9?9?9?9?9?9*9*_?9*9*9?9?9,25.8,24.2,91,100370,9999,9999,445,0,0,0,999900,999900,999900,99990,140,0.7,10,10,999.0,999,9,'999999999,0,0.0000,0,88,999.000,0.0,1.0
2056/7/25,05:00,?9?9?9?9E0?9?9?9?9*9?9*9?9?9?9?9?9?9*9*_?9*9*9?9?9,26.0,23.9,88,100470,9999,9999,446,0,0,0,999900,999900,999900,99990,140,1.1,10,10,999.0,999,9,'999999999,0,0.0000,0,88,999.000,0.0,1.0
2056/7/25,06:00,?9?9?9?9E0?9?9?9?9*9?9*9?9?9?9?9?9?9*9*_?9*9*9?9?9,26.4,24.3,88,100570,9999,9999,449,0,0,0,999900,999900,999900,99990,270,0.8,10,10,999.0,999,9,'999999999,0,0.0000,0,88,999.000,0.0,1.0
2056/7/25,07:00,?9?9?9?9E0?9?9?9?9*9?9*9?9?9?9?9?9?9*9*_?9*9*9?9?9,26.7,24.6,88,100570,9999,9999,439,21,4,20,999900,999900,999900,99990,270,1.1,9,9,999.0,999,9,'999999999,0,0.0000,0,88,999.000,0.0,1.0
2056/7/25,08:00,?9?9?9?9E0?9?9?9?9*9?9*9?9?9?9?9?9?9*9*_?9*9*9?9?9,27.8,25.6,88,100670,9999,9999,447,136,25,127,999900,999900,999900,99990,270,1.2,9,9,999.0,999,9,'999999999,0,0.0000,0,88,999.000,0.0,1.0
2056/7/25,09:00,?9?9?9?9E0?9?9?9?9*9?9*9?9?9?9?9?9?9*9*_?9*9*9?9?9,29.0,25.8,83,100770,9999,9999,454,275,52,245,999900,999900,999900,99990,290,1.0,9,9,999.0,999,9,'999999999,0,0.0000,0,88,999.000,0.0,1.0
2056/7/25,10:00,?9?9?9?9E0?9?9?9?9*9?9*9?9?9?9?9?9?9*9*_?9*9*9?9?9,30.0,26.6,82,100770,9999,9999,461,388,65,339,999900,999900,999900,99990,210,1.1,9,9,999.0,999,9,'999999999,0,0.0000,0,88,999.000,0.0,1.0
2056/7/25,11:00,?9?9?9?9E0?9?9?9?9*9?9*9?9?9?9?9?9?9*9*_?9*9*9?9?9,30.5,26.2,78,100770,9999,9999,464,487,76,419,999900,999900,999900,99990,230,1.3,9,9,999.0,999,9,'999999999,0,0.0000,0,88,999.000,0.0,1.0
2056/7/25,12:00,?9?9?9?9E0?9?9?9?9*9?9*9?9?9?9?9?9?9*9*_?9*9*9?9?9,30.9,26.4,77,100670,9999,9999,466,537,75,464,999900,999900,999900,99990,240,1.3,9,9,999.0,999,9,'999999999,0,0.0000,0,88,999.000,0.0,1.0
2056/7/25,13:00,?9?9?9?9E0?9?9?9?9*9?9*9?9?9?9?9?9?9*9*_?9*9*9?9?9,30.9,26.2,76,100670,9999,9999,466,543,72,472,999900,999900,999900,99990,240,0.9,9,9,999.0,999,9,'999999999,0,0.0000,0,88,999.000,0.0,1.0
2056/7/25,14:00,?9?9?9?9E0?9?9?9?9*9?9*9?9?9?9?9?9?9*9*_?9*9*9?9?9,30.0,25.8,78,100570,9999,9999,460,516,75,445,999900,999900,999900,99990,240,1.1,9,9,999.0,999,9,'999999999,0,0.0000,0,88,999.000,0.0,1.0
2056/7/25,15:00,?9?9?9?9E0?9?9?9?9*9?9*9?9?9?9?9?9?9*9*_?9*9*9?9?9,29.6,26.0,81,100470,9999,9999,458,440,70,381,999900,999900,999900,99990,180,1.3,9,9,999.0,999,9,'999999999,0,0.0000,0,88,999.000,0.0,1.0
2056/7/25,16:00,?9?9?9?9E0?9?9?9?9*9?9*9?9?9?9?9?9?9*9*_?9*9*9?9?9,29.9,24.3,72,100370,9999,9999,457,327,56,289,999900,999900,999900,99990,180,0.9,9,9,999.0,999,9,'999999999,0,0.0000,0,88,999.000,0.0,1.0
2056/7/25,17:00,?9?9?9?9E0?9?9?9?9*9?9*9?9?9?9?9?9?9*9*_?9*9*9?9?9,30.2,23.9,69,100370,9999,9999,459,201,42,180,999900,999900,999900,99990,170,0.9,9,9,999.0,999,9,'999999999,0,0.0000,0,88,999.000,0.0,1.0
2056/7/25,18:00,?9?9?9?9E0?9?9?9?9*9?9*9?9?9?9?9?9?9*9*_?9*9*9?9?9,30.0,24.9,74,100370,9999,9999,430,157,135,122,999900,999900,999900,99990,180,0.6,4,4,999.0,999,9,'999999999,0,0.0000,0,88,999.000,0.0,1.0
2056/7/25,19:00,?9?9?9?9E0?9?9?9?9*9?9*9?9?9?9?9?9?9*9*_?9*9*9?9?9,29.4,24.5,75,100370,9999,9999,426,15,0,15,999900,999900,999900,99990,220,0.8,4,4,999.0,999,9,'999999999,0,0.0000,0,88,999.000,0.0,1.0
2056/7/25,20:00,?9?9?9?9E0?9?9?9?9*9?9*9?9?9?9?9?9?9*9*_?9*9*9?9?9,29.0,24.4,76,100470,9999,9999,420,0,0,0,999900,999900,999900,99990,260,0.7,3,3,999.0,999,9,'999999999,0,0.0000,0,88,999.000,0.0,1.0
2056/7/25,21:00,?9?9?9?9E0?9?9?9?9*9?9*9?9?9?9?9?9?9*9*_?9*9*9?9?9,28.5,23.7,75,100570,9999,9999,420,0,0,0,999900,999900,999900,99990,180,0.7,4,4,999.0,999,9,'999999999,0,0.0000,0,88,999.000,0.0,1.0
2056/7/25,22:00,?9?9?9?9E0?9?9?9?9*9?9*9?9?9?9?9?9?9*9*_?9*9*9?9?9,28.5,24.1,77,100570,9999,9999,424,0,0,0,999900,999900,999900,99990,270,0.6,5,5,999.0,999,9,'999999999,0,0.0000,0,88,999.000,0.0,1.0
2056/7/25,23:00,?9?9?9?9E0?9?9?9?9*9?9*9?9?9?9?9?9?9*9*_?9*9*9?9?9,28.5,25.1,82,100570,9999,9999,422,0,0,0,999900,999900,999900,99990,270,1.0,4,4,999.0,999,9,'999999999,0,0.0000,0,88,999.000,0.0,1.0
2056/7/25,24:00,?9?9?9?9E0?9?9?9?9*9?9*9?9?9?9?9?9?9*9*_?9*9*9?9?9,29.0,26.4,86,100570,9999,9999,423,0,0,0,999900,999900,999900,99990,230,0.9,3,3,999.0,999,9,'999999999,0,0.0000,0,88,999.000,0.0,1.0
2056/7/26,01:00,?9?9?9?9E0?9?9?9?9*9?9*9?9?9?9?9?9?9*9*_?9*9*9?9?9,29.0,26.4,86,100570,9999,9999,429,0,0,0,999900,999900,999900,99990,220,1.1,5,5,999.0,999,9,'999999999,0,0.0000,0,88,999.000,0.0,1.0
2056/7/26,02:00,?9?9?9?9E0?9?9?9?9*9?9*9?9?9?9?9?9?9*9*_?9*9*9?9?9,28.6,26.0,86,100470,9999,9999,423,0,0,0,999900,999900,999900,99990,220,0.9,4,4,999.0,999,9,'999999999,0,0.0000,0,88,999.000,0.0,1.0
2056/7/26,03:00,?9?9?9?9E0?9?9?9?9*9?9*9?9?9?9?9?9?9*9*_?9*9*9?9?9,28.6,26.2,87,100470,9999,9999,420,0,0,0,999900,999900,999900,99990,220,0.9,3,3,999.0,999,9,'999999999,0,0.0000,0,88,999.000,0.0,1.0
2056/7/26,04:00,?9?9?9?9E0?9?9?9?9*9?9*9?9?9?9?9?9?9*9*_?9*9*9?9?9,28.5,25.1,82,100470,9999,9999,422,0,0,0,999900,999900,999900,99990,220,1.2,4,4,999.0,999,9,'999999999,0,0.0000,0,88,999.000,0.0,1.0
2056/7/26,05:00,?9?9?9?9E0?9?9?9?9*9?9*9?9?9?9?9?9?9*9*_?9*9*9?9?9,28.5,25.1,82,100470,9999,9999,422,0,0,0,999900,999900,999900,99990,220,1.3,4,4,999.0,999,9,'999999999,0,0.0000,0,88,999.000,0.0,1.0
2056/7/26,06:00,?9?9?9?9E0?9?9?9?9*9?9*9?9?9?9?9?9?9*9*_?9*9*9?9?9,28.3,25.0,82,100570,9999,9999,420,0,0,0,999900,999900,999900,99990,220,1.0,4,4,999.0,999,9,'999999999,0,0.0000,0,88,999.000,0.0,1.0
2056/7/26,07:00,?9?9?9?9E0?9?9?9?9*9?9*9?9?9?9?9?9?9*9*_?9*9*9?9?9,28.3,25.2,83,100570,9999,9999,424,62,72,52,999900,999900,999900,99990,220,1.0,5,5,999.0,999,9,'999999999,0,0.0000,0,88,999.000,0.0,1.0
2056/7/26,08:00,?9?9?9?9E0?9?9?9?9*9?9*9?9?9?9?9?9?9*9*_?9*9*9?9?9,29.0,25.6,82,100670,9999,9999,437,205,120,161,999900,999900,999900,99990,220,0.9,7,7,999.0,999,9,'999999999,0,0.0000,0,88,999.000,0.0,1.0
2056/7/26,09:00,?9?9?9?9E0?9?9?9?9*9?9*9?9?9?9?9?9?9*9*_?9*9*9?9?9,31.2,25.3,71,100670,9999,9999,457,349,145,264,999900,999900,999900,99990,220,1.1,8,8,999.0,999,9,'999999999,0,0.0000,0,88,999.000,0.0,1.0
2056/7/26,10:00,?9?9?9?9E0?9?9?9?9*9?9*9?9?9?9?9?9?9*9*_?9*9*9?9?9,32.3,23.8,61,100670,9999,9999,471,439,122,346,999900,999900,999900,99990,280,1.1,9,9,999.0,999,9,'999999999,0,0.0000,0,88,999.000,0.0,1.0
2056/7/26,11:00,?9?9?9?9E0?9?9?9?9*9?9*9?9?9?9?9?9?9*9*_?9*9*9?9?9,33.0,22.2,53,100570,9999,9999,473,556,146,425,999900,999900,999900,99990,290,1.1,9,9,999.0,999,9,'999999999,0,0.0000,0,88,999.000,0.0,1.0
2056/7/26,12:00,?9?9?9?9E0?9?9?9?9*9?9*9?9?9?9?9?9?9*9*_?9*9*9?9?9,34.1,22.2,50,100570,9999,9999,480,621,152,473,999900,999900,999900,99990,290,1.2,9,9,999.0,999,9,'999999999,0,0.0000,0,88,999.000,0.0,1.0
2056/7/26,13:00,?9?9?9?9E0?9?9?9?9*9?9*9?9?9?9?9?9?9*9*_?9*9*9?9?9,35.1,23.1,50,100470,9999,9999,488,621,142,480,999900,999900,999900,99990,270,1.0,9,9,999.0,999,9,'999999999,0,0.0000,0,88,999.000,0.0,1.0
2056/7/26,14:00,?9?9?9?9E0?9?9?9?9*9?9*9?9?9?9?9?9?9*9*_?9*9*9?9?9,35.6,20.7,42,100370,9999,9999,487,615,186,440,999900,999900,999900,99990,300,1.2,9,9,999.0,999,9,'999999999,0,0.0000,0,88,999.000,0.0,1.0
2056/7/26,15:00,?9?9?9?9E0?9?9?9?9*9?9*9?9?9?9?9?9?9*9*_?9*9*9?9?9,36.2,20.5,40,100370,9999,9999,467,728,487,318,999900,999900,999900,99990,320,1.3,6,6,999.0,999,9,'999999999,0,0.0000,0,88,999.000,0.0,1.0
2056/7/26,16:00,?9?9?9?9E0?9?9?9?9*9?9*9?9?9?9?9?9?9*9*_?9*9*9?9?9,37.0,21.2,40,100370,9999,9999,473,543,397,272,999900,999900,999900,99990,320,1.1,6,6,999.0,999,9,'999999999,0,0.0000,0,88,999.000,0.0,1.0
2056/7/26,17:00,?9?9?9?9E0?9?9?9?9*9?9*9?9?9?9?9?9?9*9*_?9*9*9?9?9,36.1,22.3,45,100370,9999,9999,482,281,141,213,999900,999900,999900,99990,320,0.8,8,8,999.0,999,9,'999999999,0,0.0000,0,88,999.000,0.0,1.0
2056/7/26,18:00,?9?9?9?9E0?9?9?9?9*9?9*9?9?9?9?9?9?9*9*_?9*9*9?9?9,33.6,26.1,65,100270,9999,9999,483,89,28,82,999900,999900,999900,99990,170,1.2,9,9,999.0,999,9,'999999999,0,0.0000,0,88,999.000,0.0,1.0
2056/7/26,19:00,?9?9?9?9E0?9?9?9?9*9?9*9?9?9?9?9?9?9*9*_?9*9*9?9?9,31.5,28.1,82,100270,9999,9999,462,7,0,7,999900,999900,999900,99990,180,1.2,8,8,999.0,999,9,'999999999,0,0.0000,0,88,999.000,0.0,1.0
2056/7/26,20:00,?9?9?9?9E0?9?9?9?9*9?9*9?9?9?9?9?9?9*9*_?9*9*9?9?9,30.9,27.3,81,100370,9999,9999,441,0,0,0,999900,999900,999900,99990,170,1.1,5,5,999.0,999,9,'999999999,0,0.0000,0,88,999.000,0.0,1.0
2056/7/26,21:00,?9?9?9?9E0?9?9?9?9*9?9*9?9?9?9?9?9?9*9*_?9*9*9?9?9,30.5,27.1,82,100470,9999,9999,436,0,0,0,999900,999900,999900,99990,180,0.8,4,4,999.0,999,9,'999999999,0,0.0000,0,88,999.000,0.0,1.0
2056/7/26,22:00,?9?9?9?9E0?9?9?9?9*9?9*9?9?9?9?9?9?9*9*_?9*9*9?9?9,30.3,26.5,80,100470,9999,9999,434,0,0,0,999900,999900,999900,99990,180,0.8,4,4,999.0,999,9,'999999999,0,0.0000,0,88,999.000,0.0,1.0
2056/7/26,23:00,?9?9?9?9E0?9?9?9?9*9?9*9?9?9?9?9?9?9*9*_?9*9*9?9?9,30.3,26.5,80,100470,9999,9999,441,0,0,0,999900,999900,999900,99990,180,0.7,6,6,999.0,999,9,'999999999,0,0.0000,0,88,999.000,0.0,1.0
2056/7/26,24:00,?9?9?9?9E0?9?9?9?9*9?9*9?9?9?9?9?9?9*9*_?9*9*9?9?9,29.8,27.2,86,100470,9999,9999,444,0,0,0,999900,999900,999900,99990,180,0.7,7,7,999.0,999,9,'999999999,0,0.0000,0,88,999.000,0.0,1.0
2056/7/27,01:00,?9?9?9?9E0?9?9?9?9*9?9*9?9?9?9?9?9?9*9*_?9*9*9?9?9,29.8,27.2,86,100470,9999,9999,435,0,0,0,999900,999900,999900,99990,200,0.7,5,5,999.0,999,9,'999999999,0,0.0000,0,88,999.000,0.0,1.0
2056/7/27,02:00,?9?9?9?9E0?9?9?9?9*9?9*9?9?9?9?9?9?9*9*_?9*9*9?9?9,29.8,27.4,87,100370,9999,9999,439,0,0,0,999900,999900,999900,99990,200,0.9,6,6,999.0,999,9,'999999999,0,0.0000,0,88,999.000,0.0,1.0
2056/7/27,03:00,?9?9?9?9E0?9?9?9?9*9?9*9?9?9?9?9?9?9*9*_?9*9*9?9?9,29.8,27.2,86,100270,9999,9999,451,0,0,0,999900,999900,999900,99990,200,1.0,8,8,999.0,999,9,'999999999,0,0.0000,0,88,999.000,0.0,1.0
2056/7/27,04:00,?9?9?9?9E0?9?9?9?9*9?9*9?9?9?9?9?9?9*9*_?9*9*9?9?9,29.5,26.7,85,100270,9999,9999,429,0,0,0,999900,999900,999900,99990,180,1.1,4,4,999.0,999,9,'999999999,0,0.0000,0,88,999.000,0.0,1.0
2056/7/27,05:00,?9?9?9?9E0?9?9?9?9*9?9*9?9?9?9?9?9?9*9*_?9*9*9?9?9,29.3,26.5,85,100370,9999,9999,425,0,0,0,999900,999900,999900,99990,180,0.9,3,3,999.0,999,9,'999999999,0,0.0000,0,88,999.000,0.0,1.0
2056/7/27,06:00,?9?9?9?9E0?9?9?9?9*9?9*9?9?9?9?9?9?9*9*_?9*9*9?9?9,29.0,25.8,83,100370,9999,9999,425,0,0,0,999900,999900,999900,99990,180,1.0,4,4,999.0,999,9,'999999999,0,0.0000,0,88,999.000,0.0,1.0
2056/7/27,07:00,?9?9?9?9E0?9?9?9?9*9?9*9?9?9?9?9?9?9*9*_?9*9*9?9?9,29.3,26.1,83,100370,9999,9999,431,62,97,49,999900,999900,999900,99990,180,1.0,5,5,999.0,999,9,'999999999,0,0.0000,0,88,999.000,0.0,1.0
2056/7/27,08:00,?9?9?9?9E0?9?9?9?9*9?9*9?9?9?9?9?9?9*9*_?9*9*9?9?9,30.0,25.8,78,100370,9999,9999,434,253,287,148,999900,999900,999900,99990,180,1.5,5,5,999.0,999,9,'999999999,0,0.0000,0,88,999.000,0.0,1.0
2056/7/27,09:00,?9?9?9?9E0?9?9?9?9*9?9*9?9?9?9?9?9?9*9*_?9*9*9?9?9,31.9,25.8,70,100470,9999,9999,445,463,445,204,999900,999900,999900,99990,230,1.3,5,5,999.0,999,9,'999999999,0,0.0000,0,88,999.000,0.0,1.0
2056/7/27,10:00,?9?9?9?9E0?9?9?9?9*9?9*9?9?9?9?9?9?9*9*_?9*9*9?9?9,33.4,26.9,69,100470,9999,9999,456,630,488,258,999900,999900,999900,99990,230,1.3,5,5,999.0,999,9,'999999999,0,0.0000,0,88,999.000,0.0,1.0
2056/7/27,11:00,?9?9?9?9E0?9?9?9?9*9?9*9?9?9?9?9?9?9*9*_?9*9*9?9?9,34.2,26.4,64,100470,9999,9999,460,769,529,294,999900,999900,999900,99990,230,1.2,5,5,999.0,999,9,'999999999,0,0.0000,0,88,999.000,0.0,1.0
2056/7/27,12:00,?9?9?9?9E0?9?9?9?9*9?9*9?9?9?9?9?9?9*9*_?9*9*9?9?9,35.5,23.8,51,100370,9999,9999,464,884,599,300,999900,999900,999900,99990,230,1.2,5,5,999.0,999,9,'999999999,0,0.0000,0,88,999.000,0.0,1.0
2056/7/27,13:00,?9?9?9?9E0?9?9?9?9*9?9*9?9?9?9?9?9?9*9*_?9*9*9?9?9,36.0,21.5,43,100370,9999,9999,464,918,613,310,999900,999900,999900,99990,300,0.8,5,5,999.0,999,9,'999999999,0,0.0000,0,88,999.000,0.0,1.0
2056/7/27,14:00,?9?9?9?9E0?9?9?9?9*9?9*9?9?9?9?9?9?9*9*_?9*9*9?9?9,37.0,19.0,35,100270,9999,9999,483,720,365,375,999900,999900,999900,99990,280,1.7,8,8,999.0,999,9,'999999999,0,0.0000,0,88,999.000,0.0,1.0
2056/7/27,15:00,?9?9?9?9E0?9?9?9?9*9?9*9?9?9?9?9?9?9*9*_?9*9*9?9?9,36.5,22.7,45,100170,9999,9999,486,602,315,337,999900,999900,999900,99990,280,0.9,8,8,999.0,999,9,'999999999,0,0.0000,0,88,999.000,0.0,1.0
2056/7/27,16:00,?9?9?9?9E0?9?9?9?9*9?9*9?9?9?9?9?9?9*9*_?9*9*9?9?9,35.5,24.8,54,100070,9999,9999,465,556,463,239,999900,999900,999900,99990,220,1.0,5,5,999.0,999,9,'999999999,0,0.0000,0,88,999.000,0.0,1.0
2056/7/27,17:00,?9?9?9?9E0?9?9?9?9*9?9*9?9?9?9?9?9?9*9*_?9*9*9?9?9,34.1,25.2,60,100070,9999,9999,462,334,296,191,999900,999900,999900,99990,220,1.2,6,6,999.0,999,9,'999999999,0,0.0000,0,88,999.000,0.0,1.0
2056/7/27,18:00,?9?9?9?9E0?9?9?9?9*9?9*9?9?9?9?9?9?9*9*_?9*9*9?9?9,33.2,25.5,64,100170,9999,9999,462,131,116,101,999900,999900,999900,99990,140,1.2,7,7,999.0,999,9,'999999999,0,0.0000,0,88,999.000,0.0,1.0
2056/7/27,19:00,?9?9?9?9E0?9?9?9?9*9?9*9?9?9?9?9?9?9*9*_?9*9*9?9?9,32.2,25.3,67,100170,9999,9999,446,15,0,15,999900,999900,999900,99990,160,1.2,5,5,999.0,999,9,'999999999,0,0.0000,0,88,999.000,0.0,1.0
2056/7/27,20:00,?9?9?9?9E0?9?9?9?9*9?9*9?9?9?9?9?9?9*9*_?9*9*9?9?9,31.4,27.1,78,100170,9999,9999,444,0,0,0,999900,999900,999900,99990,170,1.3,5,5,999.0,999,9,'999999999,0,0.0000,0,88,999.000,0.0,1.0
2056/7/27,21:00,?9?9?9?9E0?9?9?9?9*9?9*9?9?9?9?9?9?9*9*_?9*9*9?9?9,31.2,26.9,78,100270,9999,9999,443,0,0,0,999900,999900,999900,99990,160,1.1,5,5,999.0,999,9,'999999999,0,0.0000,0,88,999.000,0.0,1.0
2056/7/27,22:00,?9?9?9?9E0?9?9?9?9*9?9*9?9?9?9?9?9?9*9*_?9*9*9?9?9,31.0,27.2,80,100270,9999,9999,451,0,0,0,999900,999900,999900,99990,180,1.2,7,7,999.0,999,9,'999999999,0,0.0000,0,88,999.000,0.0,1.0
2056/7/27,23:00,?9?9?9?9E0?9?9?9?9*9?9*9?9?9?9?9?9?9*9*_?9*9*9?9?9,30.9,27.1,80,100270,9999,9999,457,0,0,0,999900,999900,999900,99990,180,0.9,8,8,999.0,999,9,'999999999,0,0.0000,0,88,999.000,0.0,1.0
2056/7/27,24:00,?9?9?9?9E0?9?9?9?9*9?9*9?9?9?9?9?9?9*9*_?9*9*9?9?9,30.8,27.0,80,100270,9999,9999,457,0,0,0,999900,999900,999900,99990,160,0.9,8,8,999.0,999,9,'999999999,0,0.0000,0,88,999.000,0.0,1.0
2056/7/28,01:00,?9?9?9?9E0?9?9?9?9*9?9*9?9?9?9?9?9?9*9*_?9*9*9?9?9,30.5,26.7,80,100270,9999,9999,447,0,0,0,999900,999900,999900,99990,160,1.1,7,7,999.0,999,9,'999999999,0,0.0000,0,88,999.000,0.0,1.0
2056/7/28,02:00,?9?9?9?9E0?9?9?9?9*9?9*9?9?9?9?9?9?9*9*_?9*9*9?9?9,30.0,26.2,80,100170,9999,9999,435,0,0,0,999900,999900,999900,99990,160,0.8,5,5,999.0,999,9,'999999999,0,0.0000,0,88,999.000,0.0,1.0
2056/7/28,03:00,?9?9?9?9E0?9?9?9?9*9?9*9?9?9?9?9?9?9*9*_?9*9*9?9?9,29.8,26.4,82,100170,9999,9999,427,0,0,0,999900,999900,999900,99990,210,0.9,3,3,999.0,999,9,'999999999,0,0.0000,0,88,999.000,0.0,1.0
2056/7/28,04:00,?9?9?9?9E0?9?9?9?9*9?9*9?9?9?9?9?9?9*9*_?9*9*9?9?9,29.3,25.9,82,100170,9999,9999,424,0,0,0,999900,999900,999900,99990,210,0.8,3,3,999.0,999,9,'999999999,0,0.0000,0,88,999.000,0.0,1.0
2056/7/28,05:00,?9?9?9?9E0?9?9?9?9*9?9*9?9?9?9?9?9?9*9*_?9*9*9?9?9,29.0,25.6,82,100170,9999,9999,422,0,0,0,999900,999900,999900,99990,210,0.7,3,3,999.0,999,9,'999999999,0,0.0000,0,88,999.000,0.0,1.0
2056/7/28,06:00,?9?9?9?9E0?9?9?9?9*9?9*9?9?9?9?9?9?9*9*_?9*9*9?9?9,28.7,25.5,83,100270,9999,9999,420,0,0,0,999900,999900,999900,99990,210,0.9,3,3,999.0,999,9,'999999999,0,0.0000,0,88,999.000,0.0,1.0
2056/7/28,07:00,?9?9?9?9E0?9?9?9?9*9?9*9?9?9?9?9?9?9*9*_?9*9*9?9?9,29.3,26.1,83,100270,9999,9999,431,61,105,47,999900,999900,999900,99990,210,0.9,5,5,999.0,999,9,'999999999,0,0.0000,0,88,999.000,0.0,1.0
2056/7/28,08:00,?9?9?9?9E0?9?9?9?9*9?9*9?9?9?9?9?9?9*9*_?9*9*9?9?9,30.9,26.8,79,100270,9999,9999,441,247,295,139,999900,999900,999900,99990,210,1.0,5,5,999.0,999,9,'999999999,0,0.0000,0,88,999.000,0.0,1.0
2056/7/28,09:00,?9?9?9?9E0?9?9?9?9*9?9*9?9?9?9?9?9?9*9*_?9*9*9?9?9,32.7,24.2,61,100370,9999,9999,448,477,521,174,999900,999900,999900,99990,230,1.7,5,5,999.0,999,9,'999999999,0,0.0000,0,88,999.000,0.0,1.0
2056/7/28,10:00,?9?9?9?9E0?9?9?9?9*9?9*9?9?9?9?9?9?9*9*_?9*9*9?9?9,34.1,22.9,52,100370,9999,9999,451,705,694,175,999900,999900,999900,99990,300,1.9,4,4,999.0,999,9,'999999999,0,0.0000,0,88,999.000,0.0,1.0
2056/7/28,11:00,?9?9?9?9E0?9?9?9?9*9?9*9?9?9?9?9?9?9*9*_?9*9*9?9?9,35.3,21.6,45,100370,9999,9999,448,908,829,164,999900,999900,999900,99990,300,1.6,2,2,999.0,999,9,'999999999,0,0.0000,0,88,999.000,0.0,1.0
2056/7/28,12:00,?9?9?9?9E0?9?9?9?9*9?9*9?9?9?9?9?9?9*9*_?9*9*9?9?9,36.0,21.5,43,100370,9999,9999,438,1000,844,177,999900,999900,999900,99990,230,1.5,0,0,999.0,999,9,'999999999,0,0.0000,0,88,999.000,0.0,1.0
2056/7/28,13:00,?9?9?9?9E0?9?9?9?9*9?9*9?9?9?9?9?9?9*9*_?9*9*9?9?9,37.0,21.6,41,100270,9999,9999,443,1014,834,186,999900,999900,999900,99990,230,0.9,0,0,999.0,999,9,'999999999,0,0.0000,0,88,999.000,0.0,1.0
2056/7/28,14:00,?9?9?9?9E0?9?9?9?9*9?9*9?9?9?9?9?9?9*9*_?9*9*9?9?9,36.7,22.8,45,100170,9999,9999,458,958,827,175,999900,999900,999900,99990,230,1.3,2,2,999.0,999,9,'999999999,0,0.0000,0,88,999.000,0.0,1.0
2056/7/28,15:00,?9?9?9?9E0?9?9?9?9*9?9*9?9?9?9?9?9?9*9*_?9*9*9?9?9,36.0,24.0,50,100170,9999,9999,464,789,715,187,999900,999900,999900,99990,100,1.3,4,4,999.0,999,9,'999999999,0,0.0000,0,88,999.000,0.0,1.0
2056/7/28,16:00,?9?9?9?9E0?9?9?9?9*9?9*9?9?9?9?9?9?9*9*_?9*9*9?9?9,35.3,24.6,54,100170,9999,9999,464,562,534,197,999900,999900,999900,99990,90,1.4,5,5,999.0,999,9,'999999999,0,0.0000,0,88,999.000,0.0,1.0
2056/7/28,17:00,?9?9?9?9E0?9?9?9?9*9?9*9?9?9?9?9?9?9*9*_?9*9*9?9?9,34.3,24.0,55,100170,9999,9999,457,365,423,160,999900,999900,999900,99990,120,1.2,5,5,999.0,999,9,'999999999,0,0.0000,0,88,999.000,0.0,1.0
2056/7/28,18:00,?9?9?9?9E0?9?9?9?9*9?9*9?9?9?9?9?9?9*9*_?9*9*9?9?9,32.9,26.5,69,100170,9999,9999,452,156,226,98,999900,999900,999900,99990,120,1.4,5,5,999.0,999,9,'999999999,0,0.0000,0,88,999.000,0.0,1.0
2056/7/28,19:00,?9?9?9?9E0?9?9?9?9*9?9*9?9?9?9?9?9?9*9*_?9*9*9?9?9,31.7,27.2,77,100170,9999,9999,435,16,0,16,999900,999900,999900,99990,90,1.2,2,2,999.0,999,9,'999999999,0,0.0000,0,88,999.000,0.0,1.0
2056/7/28,20:00,?9?9?9?9E0?9?9?9?9*9?9*9?9?9?9?9?9?9*9*_?9*9*9?9?9,31.6,27.3,78,100270,9999,9999,442,0,0,0,999900,999900,999900,99990,150,1.0,4,4,999.0,999,9,'999999999,0,0.0000,0,88,999.000,0.0,1.0
2056/7/28,21:00,?9?9?9?9E0?9?9?9?9*9?9*9?9?9?9?9?9?9*9*_?9*9*9?9?9,31.2,28.2,84,100370,9999,9999,444,0,0,0,999900,999900,999900,99990,140,1.0,5,5,999.0,999,9,'999999999,0,0.0000,0,88,999.000,0.0,1.0
2056/7/28,22:00,?9?9?9?9E0?9?9?9?9*9?9*9?9?9?9?9?9?9*9*_?9*9*9?9?9,31.2,28.2,84,100370,9999,9999,444,0,0,0,999900,999900,999900,99990,150,0.8,5,5,999.0,999,9,'999999999,0,0.0000,0,88,999.000,0.0,1.0
2056/7/28,23:00,?9?9?9?9E0?9?9?9?9*9?9*9?9?9?9?9?9?9*9*_?9*9*9?9?9,31.1,28.1,84,100370,9999,9999,444,0,0,0,999900,999900,999900,99990,180,0.9,5,5,999.0,999,9,'999999999,0,0.0000,0,88,999.000,0.0,1.0
2056/7/28,24:00,?9?9?9?9E0?9?9?9?9*9?9*9?9?9?9?9?9?9*9*_?9*9*9?9?9,30.8,27.8,84,100370,9999,9999,445,0,0,0,999900,999900,999900,99990,160,0.8,6,6,999.0,999,9,'999999999,0,0.0000,0,88,999.000,0.0,1.0
2056/7/29,01:00,?9?9?9?9E0?9?9?9?9*9?9*9?9?9?9?9?9?9*9*_?9*9*9?9?9,30.8,27.8,84,100370,9999,9999,458,0,0,0,999900,999900,999900,99990,160,0.9,8,8,999.0,999,9,'999999999,0,0.0000,0,88,999.000,0.0,1.0
2056/7/29,02:00,?9?9?9?9E0?9?9?9?9*9?9*9?9?9?9?9?9?9*9*_?9*9*9?9?9,30.3,27.3,84,100370,9999,9999,464,0,0,0,999900,999900,999900,99990,160,0.9,9,9,999.0,999,9,'999999999,0,0.0000,0,88,999.000,0.0,1.0
2056/7/29,03:00,?9?9?9?9E0?9?9?9?9*9?9*9?9?9?9?9?9?9*9*_?9*9*9?9?9,26.2,24.8,92,100470,9999,9999,436,0,0,0,999900,999900,999900,99990,320,2.0,9,9,999.0,999,9,'999999999,0,0.0000,0,88,999.000,17.8,1.0
2056/7/29,04:00,?9?9?9?9E0?9?9?9?9*9?9*9?9?9?9?9?9?9*9*_?9*9*9?9?9,26.1,24.7,92,100270,9999,9999,435,0,0,0,999900,999900,999900,99990,320,1.0,9,9,999.0,999,9,'999999999,0,0.0000,0,88,999.000,23.1,1.0
2056/7/29,05:00,?9?9?9?9E0?9?9?9?9*9?9*9?9?9?9?9?9?9*9*_?9*9*9?9?9,25.8,24.4,92,100270,9999,9999,433,0,0,0,999900,999900,999900,99990,320,0.9,9,9,999.0,999,9,'999999999,0,0.0000,0,88,999.000,0.6,1.0
2056/7/29,06:00,?9?9?9?9E0?9?9?9?9*9?9*9?9?9?9?9?9?9*9*_?9*9*9?9?9,26.0,24.6,92,100270,9999,9999,435,0,0,0,999900,999900,999900,99990,320,1.0,9,9,999.0,999,9,'999999999,0,0.0000,0,88,999.000,0.0,1.0
2056/7/29,07:00,?9?9?9?9E0?9?9?9?9*9?9*9?9?9?9?9?9?9*9*_?9*9*9?9?9,26.9,25.5,92,100370,9999,9999,432,30,14,28,999900,999900,999900,99990,320,0.6,8,8,999.0,999,9,'999999999,0,0.0000,0,88,999.000,0.0,1.0
2056/7/29,08:00,?9?9?9?9E0?9?9?9?9*9?9*9?9?9?9?9?9?9*9*_?9*9*9?9?9,28.8,26.8,89,100370,9999,9999,438,189,101,152,999900,999900,999900,99990,320,1.0,7,7,999.0,999,9,'999999999,0,0.0000,0,88,999.000,0.0,1.0
2056/7/29,09:00,?9?9?9?9E0?9?9?9?9*9?9*9?9?9?9?9?9?9*9*_?9*9*9?9?9,30.9,27.1,80,100470,9999,9999,441,433,344,233,999900,999900,999900,99990,90,0.7,5,5,999.0,999,9,'999999999,0,0.0000,0,88,999.000,0.0,1.0
2056/7/29,10:00,?9?9?9?9E0?9?9?9?9*9?9*9?9?9?9?9?9?9*9*_?9*9*9?9?9,32.4,27.0,73,100470,9999,9999,443,666,549,247,999900,999900,999900,99990,240,1.1,3,3,999.0,999,9,'999999999,0,0.0000,0,88,999.000,0.0,1.0
2056/7/29,11:00,?9?9?9?9E0?9?9?9?9*9?9*9?9?9?9?9?9?9*9*_?9*9*9?9?9,33.4,25.7,64,100470,9999,9999,450,802,575,286,999900,999900,999900,99990,280,1.0,4,4,999.0,999,9,'999999999,0,0.0000,0,88,999.000,0.0,1.0
2056/7/29,12:00,?9?9?9?9E0?9?9?9?9*9?9*9?9?9?9?9?9?9*9*_?9*9*9?9?9,34.3,26.5,64,100370,9999,9999,460,839,500,351,999900,999900,999900,99990,230,0.9,5,5,999.0,999,9,'999999999,0,0.0000,0,88,999.000,0.0,1.0
2056/7/29,13:00,?9?9?9?9E0?9?9?9?9*9?9*9?9?9?9?9?9?9*9*_?9*9*9?9?9,35.4,28.8,69,100370,9999,9999,470,828,443,388,999900,999900,999900,99990,230,0.7,5,5,999.0,999,9,'999999999,0,0.0000,0,88,999.000,0.0,1.0
2056/7/29,14:00,?9?9?9?9E0?9?9?9?9*9?9*9?9?9?9?9?9?9*9*_?9*9*9?9?9,33.4,28.8,77,100370,9999,9999,462,735,364,391,999900,999900,999900,99990,230,2.3,6,6,999.0,999,9,'999999999,0,0.0000,0,88,999.000,0.0,1.0
2056/7/29,15:00,?9?9?9?9E0?9?9?9?9*9?9*9?9?9?9?9?9?9*9*_?9*9*9?9?9,33.0,28.4,77,100270,9999,9999,465,591,272,362,999900,999900,999900,99990,110,2.3,7,7,999.0,999,9,'999999999,0,0.0000,0,88,999.000,0.0,1.0
2056/7/29,16:00,?9?9?9?9E0?9?9?9?9*9?9*9?9?9?9?9?9?9*9*_?9*9*9?9?9,32.6,28.1,77,100270,9999,9999,462,432,199,296,999900,999900,999900,99990,110,0.7,7,7,999.0,999,9,'999999999,0,0.0000,0,88,999.000,0.0,1.0
2056/7/29,17:00,?9?9?9?9E0?9?9?9?9*9?9*9?9?9?9?9?9?9*9*_?9*9*9?9?9,32.6,27.8,76,100270,9999,9999,461,268,135,203,999900,999900,999900,99990,110,0.8,7,7,999.0,999,9,'999999999,0,0.0000,0,88,999.000,0.0,1.0
2056/7/29,18:00,?9?9?9?9E0?9?9?9?9*9?9*9?9?9?9?9?9?9*9*_?9*9*9?9?9,32.6,28.9,81,100270,9999,9999,458,127,94,103,999900,999900,999900,99990,180,1.2,6,6,999.0,999,9,'999999999,0,0.0000,0,88,999.000,0.0,1.0
2056/7/29,19:00,?9?9?9?9E0?9?9?9?9*9?9*9?9?9?9?9?9?9*9*_?9*9*9?9?9,31.5,28.3,83,100270,9999,9999,446,12,0,12,999900,999900,999900,99990,180,1.0,5,5,999.0,999,9,'999999999,0,0.0000,0,88,999.000,0.0,1.0
2056/7/29,20:00,?9?9?9?9E0?9?9?9?9*9?9*9?9?9?9?9?9?9*9*_?9*9*9?9?9,31.3,28.3,84,100370,9999,9999,442,0,0,0,999900,999900,999900,99990,180,0.9,4,4,999.0,999,9,'999999999,0,0.0000,0,88,999.000,0.0,1.0
2056/7/29,21:00,?9?9?9?9E0?9?9?9?9*9?9*9?9?9?9?9?9?9*9*_?9*9*9?9?9,31.0,28.0,84,100370,9999,9999,436,0,0,0,999900,999900,999900,99990,140,1.0,3,3,999.0,999,9,'999999999,0,0.0000,0,88,999.000,0.0,1.0
2056/7/29,22:00,?9?9?9?9E0?9?9?9?9*9?9*9?9?9?9?9?9?9*9*_?9*9*9?9?9,31.0,28.0,84,100470,9999,9999,436,0,0,0,999900,999900,999900,99990,140,1.0,3,3,999.0,999,9,'999999999,0,0.0000,0,88,999.000,0.0,1.0
2056/7/29,23:00,?9?9?9?9E0?9?9?9?9*9?9*9?9?9?9?9?9?9*9*_?9*9*9?9?9,31.0,28.0,84,100470,9999,9999,440,0,0,0,999900,999900,999900,99990,140,0.9,4,4,999.0,999,9,'999999999,0,0.0000,0,88,999.000,0.0,1.0
2056/7/29,24:00,?9?9?9?9E0?9?9?9?9*9?9*9?9?9?9?9?9?9*9*_?9*9*9?9?9,30.6,27.8,85,100470,9999,9999,440,0,0,0,999900,999900,999900,99990,140,0.7,5,5,999.0,999,9,'999999999,0,0.0000,0,88,999.000,0.0,1.0
2056/7/30,01:00,?9?9?9?9E0?9?9?9?9*9?9*9?9?9?9?9?9?9*9*_?9*9*9?9?9,30.6,27.8,85,100470,9999,9999,434,0,0,0,999900,999900,999900,99990,230,0.8,3,3,999.0,999,9,'999999999,0,0.0000,0,88,999.000,0.0,1.0
2056/7/30,02:00,?9?9?9?9E0?9?9?9?9*9?9*9?9?9?9?9?9?9*9*_?9*9*9?9?9,30.4,27.6,85,100470,9999,9999,432,0,0,0,999900,999900,999900,99990,230,0.7,3,3,999.0,999,9,'999999999,0,0.0000,0,88,999.000,0.0,1.0
2056/7/30,03:00,?9?9?9?9E0?9?9?9?9*9?9*9?9?9?9?9?9?9*9*_?9*9*9?9?9,30.1,27.3,85,100370,9999,9999,430,0,0,0,999900,999900,999900,99990,240,0.7,3,3,999.0,999,9,'999999999,0,0.0000,0,88,999.000,0.0,1.0
2056/7/30,04:00,?9?9?9?9E0?9?9?9?9*9?9*9?9?9?9?9?9?9*9*_?9*9*9?9?9,29.5,26.3,83,100370,9999,9999,436,0,0,0,999900,999900,999900,99990,140,1.3,6,6,999.0,999,9,'999999999,0,0.0000,0,88,999.000,0.0,1.0
2056/7/30,05:00,?9?9?9?9E0?9?9?9?9*9?9*9?9?9?9?9?9?9*9*_?9*9*9?9?9,28.6,25.6,84,100470,9999,9999,430,0,0,0,999900,999900,999900,99990,140,1.3,6,6,999.0,999,9,'999999999,0,0.0000,0,88,999.000,0.0,1.0
2056/7/30,06:00,?9?9?9?9E0?9?9?9?9*9?9*9?9?9?9?9?9?9*9*_?9*9*9?9?9,27.8,24.7,83,100470,9999,9999,424,0,0,0,999900,999900,999900,99990,140,0.7,6,6,999.0,999,9,'999999999,0,0.0000,0,88,999.000,0.0,1.0
2056/7/30,07:00,?9?9?9?9E0?9?9?9?9*9?9*9?9?9?9?9?9?9*9*_?9*9*9?9?9,28.2,25.1,83,100470,9999,9999,423,61,97,48,999900,999900,999900,99990,140,0.7,5,5,999.0,999,9,'999999999,0,0.0000,0,88,999.000,0.0,1.0
2056/7/30,08:00,?9?9?9?9E0?9?9?9?9*9?9*9?9?9?9?9?9?9*9*_?9*9*9?9?9,29.7,26.3,82,100570,9999,9999,433,245,265,148,999900,999900,999900,99990,140,1.0,5,5,999.0,999,9,'999999999,0,0.0000,0,88,999.000,0.0,1.0
2056/7/30,09:00,?9?9?9?9E0?9?9?9?9*9?9*9?9?9?9?9?9?9*9*_?9*9*9?9?9,31.9,25.8,70,100670,9999,9999,445,457,430,207,999900,999900,999900,99990,270,1.1,5,5,999.0,999,9,'999999999,0,0.0000,0,88,999.000,0.0,1.0
2056/7/30,10:00,?9?9?9?9E0?9?9?9?9*9?9*9?9?9?9?9?9?9*9*_?9*9*9?9?9,31.9,25.8,70,100570,9999,9999,445,628,484,258,999900,999900,999900,99990,270,0.9,5,5,999.0,999,9,'999999999,0,0.0000,0,88,999.000,0.0,1.0
2056/7/30,11:00,?9?9?9?9E0?9?9?9?9*9?9*9?9?9?9?9?9?9*9*_?9*9*9?9?9,33.3,26.9,69,100570,9999,9999,455,756,500,307,999900,999900,999900,99990,270,0.8,5,5,999.0,999,9,'999999999,0,0.0000,0,88,999.000,0.0,1.0
2056/7/30,12:00,?9?9?9?9E0?9?9?9?9*9?9*9?9?9?9?9?9?9*9*_?9*9*9?9?9,34.8,31.7,84,100470,9999,9999,467,815,479,347,999900,999900,999900,99990,320,0.8,4,4,999.0,999,9,'999999999,0,0.0000,0,88,999.000,0.0,1.0
2056/7/30,13:00,?9?9?9?9E0?9?9?9?9*9?9*9?9?9?9?9?9?9*9*_?9*9*9?9?9,35.7,26.5,59,100470,9999,9999,465,897,580,320,999900,999900,999900,99990,320,0.7,4,4,999.0,999,9,'999999999,0,0.0000,0,88,999.000,0.0,1.0
2056/7/30,14:00,?9?9?9?9E0?9?9?9?9*9?9*9?9?9?9?9?9?9*9*_?9*9*9?9?9,34.8,27.0,64,100370,9999,9999,464,814,533,309,999900,999900,999900,99990,320,1.5,5,5,999.0,999,9,'999999999,0,0.0000,0,88,999.000,0.0,1.0
2056/7/30,15:00,?9?9?9?9E0?9?9?9?9*9?9*9?9?9?9?9?9?9*9*_?9*9*9?9?9,34.6,26.5,63,100470,9999,9999,462,719,535,268,999900,999900,999900,99990,90,1.6,5,5,999.0,999,9,'999999999,0,0.0000,0,88,999.000,0.0,1.0
2056/7/30,16:00,?9?9?9?9E0?9?9?9?9*9?9*9?9?9?9?9?9?9*9*_?9*9*9?9?9,29.0,26.2,85,100370,9999,9999,426,541,450,233,999900,999900,999900,99990,90,2.0,4,4,999.0,999,9,'999999999,0,0.0000,0,88,999.000,3.0,1.0
2056/7/30,17:00,?9?9?9?9E0?9?9?9?9*9?9*9?9?9?9?9?9?9*9*_?9*9*9?9?9,30.0,27.2,85,100370,9999,9999,429,355,370,176,999900,999900,999900,99990,90,0.9,3,3,999.0,999,9,'999999999,0,0.0000,0,88,999.000,0.0,1.0
2056/7/30,18:00,?9?9?9?9E0?9?9?9?9*9?9*9?9?9?9?9?9?9*9*_?9*9*9?9?9,30.2,26.4,80,100270,9999,9999,429,164,240,103,999900,999900,999900,99990,130,0.9,3,3,999.0,999,9,'999999999,0,0.0000,0,88,999.000,0.0,1.0
2056/7/30,19:00,?9?9?9?9E0?9?9?9?9*9?9*9?9?9?9?9?9?9*9*_?9*9*9?9?9,31.2,27.6,81,100370,9999,9999,437,14,0,14,999900,999900,999900,99990,110,0.9,3,3,999.0,999,9,'999999999,0,0.0000,0,88,999.000,0.0,1.0
2056/7/30,20:00,?9?9?9?9E0?9?9?9?9*9?9*9?9?9?9?9?9?9*9*_?9*9*9?9?9,30.9,27.9,84,100470,9999,9999,435,0,0,0,999900,999900,999900,99990,130,0.8,3,3,999.0,999,9,'999999999,0,0.0000,0,88,999.000,0.0,1.0
2056/7/30,21:00,?9?9?9?9E0?9?9?9?9*9?9*9?9?9?9?9?9?9*9*_?9*9*9?9?9,30.8,28.2,86,100670,9999,9999,446,0,0,0,999900,999900,999900,99990,50,0.9,6,6,999.0,999,9,'999999999,0,0.0000,0,88,999.000,0.0,1.0
2056/7/30,22:00,?9?9?9?9E0?9?9?9?9*9?9*9?9?9?9?9?9?9*9*_?9*9*9?9?9,30.6,28.0,86,100870,9999,9999,444,0,0,0,999900,999900,999900,99990,50,0.6,6,6,999.0,999,9,'999999999,0,0.0000,0,88,999.000,0.0,1.0
2056/7/30,23:00,?9?9?9?9E0?9?9?9?9*9?9*9?9?9?9?9?9?9*9*_?9*9*9?9?9,30.3,27.7,86,100570,9999,9999,438,0,0,0,999900,999900,999900,99990,50,0.6,5,5,999.0,999,9,'999999999,0,0.0000,0,88,999.000,0.0,1.0
2056/7/30,24:00,?9?9?9?9E0?9?9?9?9*9?9*9?9?9?9?9?9?9*9*_?9*9*9?9?9,30.0,27.4,86,100570,9999,9999,436,0,0,0,999900,999900,999900,99990,50,0.6,5,5,999.0,999,9,'999999999,0,0.0000,0,88,999.000,0.0,1.0
2056/7/31,01:00,?9?9?9?9E0?9?9?9?9*9?9*9?9?9?9?9?9?9*9*_?9*9*9?9?9,29.5,26.9,86,100570,9999,9999,430,0,0,0,999900,999900,999900,99990,50,0.6,4,4,999.0,999,9,'999999999,0,0.0000,0,88,999.000,0.0,1.0
2056/7/31,02:00,?9?9?9?9E0?9?9?9?9*9?9*9?9?9?9?9?9?9*9*_?9*9*9?9?9,29.5,26.9,86,100470,9999,9999,433,0,0,0,999900,999900,999900,99990,50,0.6,5,5,999.0,999,9,'999999999,0,0.0000,0,88,999.000,0.0,1.0
2056/7/31,03:00,?9?9?9?9E0?9?9?9?9*9?9*9?9?9?9?9?9?9*9*_?9*9*9?9?9,29.4,26.8,86,100470,9999,9999,432,0,0,0,999900,999900,999900,99990,50,0.7,5,5,999.0,999,9,'999999999,0,0.0000,0,88,999.000,0.0,1.0
2056/7/31,04:00,?9?9?9?9E0?9?9?9?9*9?9*9?9?9?9?9?9?9*9*_?9*9*9?9?9,29.0,26.4,86,100470,9999,9999,438,0,0,0,999900,999900,999900,99990,50,0.8,7,7,999.0,999,9,'999999999,0,0.0000,0,88,999.000,0.0,1.0
2056/7/31,05:00,?9?9?9?9E0?9?9?9?9*9?9*9?9?9?9?9?9?9*9*_?9*9*9?9?9,28.5,25.9,86,100470,9999,9999,426,0,0,0,999900,999900,999900,99990,50,0.9,5,5,999.0,999,9,'999999999,0,0.0000,0,88,999.000,0.0,1.0
2056/7/31,06:00,?9?9?9?9E0?9?9?9?9*9?9*9?9?9?9?9?9?9*9*_?9*9*9?9?9,28.5,25.9,86,100470,9999,9999,419,0,0,0,999900,999900,999900,99990,250,0.8,3,3,999.0,999,9,'999999999,0,0.0000,0,88,999.000,0.0,1.0
2056/7/31,07:00,?9?9?9?9E0?9?9?9?9*9?9*9?9?9?9?9?9?9*9*_?9*9*9?9?9,29.0,26.2,85,100570,9999,9999,426,64,128,48,999900,999900,999900,99990,250,1.0,4,4,999.0,999,9,'999999999,0,0.0000,0,88,999.000,0.0,1.0
2056/7/31,08:00,?9?9?9?9E0?9?9?9?9*9?9*9?9?9?9?9?9?9*9*_?9*9*9?9?9,30.5,26.9,81,100570,9999,9999,435,259,345,133,999900,999900,999900,99990,260,0.9,4,4,999.0,999,9,'999999999,0,0.0000,0,88,999.000,0.0,1.0
2056/7/31,09:00,?9?9?9?9E0?9?9?9?9*9?9*9?9?9?9?9?9?9*9*_?9*9*9?9?9,32.2,25.6,68,100570,9999,9999,443,486,550,166,999900,999900,999900,99990,160,0.9,4,4,999.0,999,9,'999999999,0,0.0000,0,88,999.000,0.0,1.0
2056/7/31,10:00,?9?9?9?9E0?9?9?9?9*9?9*9?9?9?9?9?9?9*9*_?9*9*9?9?9,33.4,24.0,58,100570,9999,9999,445,710,701,174,999900,999900,999900,99990,160,0.8,3,3,999.0,999,9,'999999999,0,0.0000,0,88,999.000,0.0,1.0
2056/7/31,11:00,?9?9?9?9E0?9?9?9?9*9?9*9?9?9?9?9?9?9*9*_?9*9*9?9?9,34.2,23.0,52,100570,9999,9999,448,869,756,189,999900,999900,999900,99990,180,0.4,3,3,999.0,999,9,'999999999,0,0.0000,0,88,999.000,0.0,1.0
2056/7/31,12:00,?9?9?9?9E0?9?9?9?9*9?9*9?9?9?9?9?9?9*9*_?9*9*9?9?9,35.1,22.5,48,100470,9999,9999,453,966,779,204,999900,999900,999900,99990,180,0.9,3,3,999.0,999,9,'999999999,0,0.0000,0,88,999.000,0.0,1.0
2056/7/31,13:00,?9?9?9?9E0?9?9?9?9*9?9*9?9?9?9?9?9?9*9*_?9*9*9?9?9,34.9,22.3,48,100470,9999,9999,451,979,771,213,999900,999900,999900,99990,160,0.7,3,3,999.0,999,9,'999999999,0,0.0000,0,88,999.000,0.0,1.0
2056/7/31,14:00,?9?9?9?9E0?9?9?9?9*9?9*9?9?9?9?9?9?9*9*_?9*9*9?9?9,35.1,21.8,46,100370,9999,9999,452,940,792,190,999900,999900,999900,99990,140,0.9,3,3,999.0,999,9,'999999999,0,0.0000,0,88,999.000,0.0,1.0
2056/7/31,15:00,?9?9?9?9E0?9?9?9?9*9?9*9?9?9?9?9?9?9*9*_?9*9*9?9?9,39.3,24.8,44,100270,9999,9999,485,784,712,185,999900,999900,999900,99990,180,1.4,4,4,999.0,999,9,'999999999,0,0.0000,0,88,999.000,0.0,1.0
2056/7/31,16:00,?9?9?9?9E0?9?9?9?9*9?9*9?9?9?9?9?9?9*9*_?9*9*9?9?9,33.3,19.8,45,100270,9999,9999,438,631,706,149,999900,999900,999900,99990,210,1.6,3,3,999.0,999,9,'999999999,0,0.0000,0,88,999.000,0.0,1.0
2056/7/31,17:00,?9?9?9?9E0?9?9?9?9*9?9*9?9?9?9?9?9?9*9*_?9*9*9?9?9,33.6,20.4,46,100270,9999,9999,441,409,592,123,999900,999900,999900,99990,170,1.0,3,3,999.0,999,9,'999999999,0,0.0000,0,88,999.000,0.0,1.0
2056/7/31,18:00,?9?9?9?9E0?9?9?9?9*9?9*9?9?9?9?9?9?9*9*_?9*9*9?9?9,32.9,19.8,46,100270,9999,9999,440,189,403,86,999900,999900,999900,99990,180,0.8,4,4,999.0,999,9,'999999999,0,0.0000,0,88,999.000,0.0,1.0
2056/7/31,19:00,?9?9?9?9E0?9?9?9?9*9?9*9?9?9?9?9?9?9*9*_?9*9*9?9?9,31.7,26.5,74,100370,9999,9999,445,12,0,12,999900,999900,999900,99990,180,0.8,5,5,999.0,999,9,'999999999,0,0.0000,0,88,999.000,0.0,1.0
2056/7/31,20:00,?9?9?9?9E0?9?9?9?9*9?9*9?9?9?9?9?9?9*9*_?9*9*9?9?9,31.4,26.2,74,100470,9999,9999,443,0,0,0,999900,999900,999900,99990,180,0.8,5,5,999.0,999,9,'999999999,0,0.0000,0,88,999.000,0.0,1.0
2056/7/31,21:00,?9?9?9?9E0?9?9?9?9*9?9*9?9?9?9?9?9?9*9*_?9*9*9?9?9,30.9,26.0,75,100470,9999,9999,440,0,0,0,999900,999900,999900,99990,160,0.6,5,5,999.0,999,9,'999999999,0,0.0000,0,88,999.000,0.0,1.0
2056/7/31,22:00,?9?9?9?9E0?9?9?9?9*9?9*9?9?9?9?9?9?9*9*_?9*9*9?9?9,30.7,25.8,75,100470,9999,9999,438,0,0,0,999900,999900,999900,99990,160,0.5,5,5,999.0,999,9,'999999999,0,0.0000,0,88,999.000,0.0,1.0
2056/7/31,23:00,?9?9?9?9E0?9?9?9?9*9?9*9?9?9?9?9?9?9*9*_?9*9*9?9?9,30.5,25.8,76,100470,9999,9999,441,0,0,0,999900,999900,999900,99990,160,0.9,6,6,999.0,999,9,'999999999,0,0.0000,0,88,999.000,0.0,1.0
2056/7/31,24:00,?9?9?9?9E0?9?9?9?9*9?9*9?9?9?9?9?9?9*9*_?9*9*9?9?9,30.1,26.7,82,100470,9999,9999,440,0,0,0,999900,999900,999900,99990,180,0.9,6,6,999.0,999,9,'999999999,0,0.0000,0,88,999.000,0.0,1.0
2056/8/1,01:00,?9?9?9?9E0?9?9?9?9*9?9*9?9?9?9?9?9?9*9*_?9*9*9?9?9,30.0,26.6,82,100449,9999,9999,439,0,0,0,999900,999900,999900,99990,180,0.9,6,6,999.0,999,9,'999999999,0,0.0000,0,88,999.000,0.0,1.0
2056/8/1,02:00,?9?9?9?9E0?9?9?9?9*9?9*9?9?9?9?9?9?9*9*_?9*9*9?9?9,29.8,23.8,70,100649,9999,9999,439,0,0,0,999900,999900,999900,99990,250,1.1,7,7,999.0,999,9,'999999999,0,0.0000,0,88,999.000,0.0,1.0
2056/8/1,03:00,?9?9?9?9E0?9?9?9?9*9?9*9?9?9?9?9?9?9*9*_?9*9*9?9?9,30.0,21.4,60,100449,9999,9999,437,0,0,0,999900,999900,999900,99990,250,1.7,7,7,999.0,999,9,'999999999,0,0.0000,0,88,999.000,0.0,1.0
2056/8/1,04:00,?9?9?9?9E0?9?9?9?9*9?9*9?9?9?9?9?9?9*9*_?9*9*9?9?9,29.8,22.0,63,100349,9999,9999,437,0,0,0,999900,999900,999900,99990,280,1.0,7,7,999.0,999,9,'999999999,0,0.0000,0,88,999.000,0.0,1.0
2056/8/1,05:00,?9?9?9?9E0?9?9?9?9*9?9*9?9?9?9?9?9?9*9*_?9*9*9?9?9,29.3,21.3,62,100349,9999,9999,440,0,0,0,999900,999900,999900,99990,280,1.4,8,8,999.0,999,9,'999999999,0,0.0000,0,88,999.000,0.0,1.0
2056/8/1,06:00,?9?9?9?9E0?9?9?9?9*9?9*9?9?9?9?9?9?9*9*_?9*9*9?9?9,29.2,21.4,63,100449,9999,9999,440,0,0,0,999900,999900,999900,99990,250,1.4,8,8,999.0,999,9,'999999999,0,0.0000,0,88,999.000,0.0,1.0
2056/8/1,07:00,?9?9?9?9E0?9?9?9?9*9?9*9?9?9?9?9?9?9*9*_?9*9*9?9?9,28.8,21.8,66,100449,9999,9999,438,49,33,45,999900,999900,999900,99990,250,1.2,8,8,999.0,999,9,'999999999,0,0.0000,0,88,999.000,0.0,1.0
2056/8/1,08:00,?9?9?9?9E0?9?9?9?9*9?9*9?9?9?9?9?9?9*9*_?9*9*9?9?9,29.8,21.7,62,100549,9999,9999,453,167,53,147,999900,999900,999900,99990,290,1.0,9,9,999.0,999,9,'999999999,0,0.0000,0,88,999.000,0.0,1.0
2056/8/1,09:00,?9?9?9?9E0?9?9?9?9*9?9*9?9?9?9?9?9?9*9*_?9*9*9?9?9,31.9,22.3,57,100649,9999,9999,467,325,96,269,999900,999900,999900,99990,250,2.5,9,9,999.0,999,9,'999999999,0,0.0000,0,88,999.000,0.0,1.0
2056/8/1,10:00,?9?9?9?9E0?9?9?9?9*9?9*9?9?9?9?9?9?9*9*_?9*9*9?9?9,32.3,22.1,55,100649,9999,9999,482,401,76,343,999900,999900,999900,99990,290,1.3,10,10,999.0,999,9,'999999999,0,0.0000,0,88,999.000,0.0,1.0
2056/8/1,11:00,?9?9?9?9E0?9?9?9?9*9?9*9?9?9?9?9?9?9*9*_?9*9*9?9?9,32.9,21.8,52,100649,9999,9999,485,494,81,421,999900,999900,999900,99990,290,2.2,10,10,999.0,999,9,'999999999,0,0.0000,0,88,999.000,0.0,1.0
2056/8/1,12:00,?9?9?9?9E0?9?9?9?9*9?9*9?9?9?9?9?9?9*9*_?9*9*9?9?9,33.5,21.3,49,100649,9999,9999,489,555,84,473,999900,999900,999900,99990,290,2.6,10,10,999.0,999,9,'999999999,0,0.0000,0,88,999.000,0.0,1.0
2056/8/1,13:00,?9?9?9?9E0?9?9?9?9*9?9*9?9?9?9?9?9?9*9*_?9*9*9?9?9,33.9,21.7,49,100649,9999,9999,492,536,69,468,999900,999900,999900,99990,290,2.1,10,10,999.0,999,9,'999999999,0,0.0000,0,88,999.000,0.0,1.0
2056/8/1,14:00,?9?9?9?9E0?9?9?9?9*9?9*9?9?9?9?9?9?9*9*_?9*9*9?9?9,34.5,21.9,48,100549,9999,9999,496,505,70,438,999900,999900,999900,99990,270,2.3,10,10,999.0,999,9,'999999999,0,0.0000,0,88,999.000,0.0,1.0
2056/8/1,15:00,?9?9?9?9E0?9?9?9?9*9?9*9?9?9?9?9?9?9*9*_?9*9*9?9?9,35.0,22.0,47,100449,9999,9999,499,439,73,378,999900,999900,999900,99990,250,1.9,10,10,999.0,999,9,'999999999,0,0.0000,0,88,999.000,0.0,1.0
2056/8/1,16:00,?9?9?9?9E0?9?9?9?9*9?9*9?9?9?9?9?9?9*9*_?9*9*9?9?9,35.0,21.7,46,100349,9999,9999,485,381,98,314,999900,999900,999900,99990,240,1.0,9,9,999.0,999,9,'999999999,0,0.0000,0,88,999.000,0.0,1.0
2056/8/1,17:00,?9?9?9?9E0?9?9?9?9*9?9*9?9?9?9?9?9?9*9*_?9*9*9?9?9,35.0,21.7,46,100349,9999,9999,485,249,81,210,999900,999900,999900,99990,240,1.2,9,9,999.0,999,9,'999999999,0,0.0000,0,88,999.000,0.0,1.0
2056/8/1,18:00,?9?9?9?9E0?9?9?9?9*9?9*9?9?9?9?9?9?9*9*_?9*9*9?9?9,34.6,21.3,46,100349,9999,9999,482,108,49,96,999900,999900,999900,99990,250,0.8,9,9,999.0,999,9,'999999999,0,0.0000,0,88,999.000,0.0,1.0
2056/8/1,19:00,?9?9?9?9E0?9?9?9?9*9?9*9?9?9?9?9?9?9*9*_?9*9*9?9?9,34.0,21.1,47,100349,9999,9999,468,17,0,17,999900,999900,999900,99990,250,1.0,8,8,999.0,999,9,'999999999,0,0.0000,0,88,999.000,0.0,1.0
2056/8/1,20:00,?9?9?9?9E0?9?9?9?9*9?9*9?9?9?9?9?9?9*9*_?9*9*9?9?9,33.9,21.0,47,100449,9999,9999,467,0,0,0,999900,999900,999900,99990,250,1.0,8,8,999.0,999,9,'999999999,0,0.0000,0,88,999.000,0.0,1.0
2056/8/1,21:00,?9?9?9?9E0?9?9?9?9*9?9*9?9?9?9?9?9?9*9*_?9*9*9?9?9,33.6,21.1,48,100449,9999,9999,465,0,0,0,999900,999900,999900,99990,230,0.9,8,8,999.0,999,9,'999999999,0,0.0000,0,88,999.000,0.0,1.0
2056/8/1,22:00,?9?9?9?9E0?9?9?9?9*9?9*9?9?9?9?9?9?9*9*_?9*9*9?9?9,33.0,21.8,52,100449,9999,9999,463,0,0,0,999900,999900,999900,99990,230,1.2,8,8,999.0,999,9,'999999999,0,0.0000,0,88,999.000,0.0,1.0
2056/8/1,23:00,?9?9?9?9E0?9?9?9?9*9?9*9?9?9?9?9?9?9*9*_?9*9*9?9?9,32.5,21.4,52,100549,9999,9999,459,0,0,0,999900,999900,999900,99990,230,1.4,8,8,999.0,999,9,'999999999,0,0.0000,0,88,999.000,0.0,1.0
2056/8/1,24:00,?9?9?9?9E0?9?9?9?9*9?9*9?9?9?9?9?9?9*9*_?9*9*9?9?9,31.7,21.3,54,100549,9999,9999,454,0,0,0,999900,999900,999900,99990,270,0.9,8,8,999.0,999,9,'999999999,0,0.0000,0,88,999.000,0.0,1.0
2056/8/2,01:00,?9?9?9?9E0?9?9?9?9*9?9*9?9?9?9?9?9?9*9*_?9*9*9?9?9,31.3,21.5,56,100549,9999,9999,452,0,0,0,999900,999900,999900,99990,270,1.0,8,8,999.0,999,9,'999999999,0,0.0000,0,88,999.000,0.0,1.0
2056/8/2,02:00,?9?9?9?9E0?9?9?9?9*9?9*9?9?9?9?9?9?9*9*_?9*9*9?9?9,30.7,21.8,59,100449,9999,9999,449,0,0,0,999900,999900,999900,99990,270,0.4,8,8,999.0,999,9,'999999999,0,0.0000,0,88,999.000,0.0,1.0
2056/8/2,03:00,?9?9?9?9E0?9?9?9?9*9?9*9?9?9?9?9?9?9*9*_?9*9*9?9?9,30.4,21.8,60,100449,9999,9999,447,0,0,0,999900,999900,999900,99990,270,1.3,8,8,999.0,999,9,'999999999,0,0.0000,0,88,999.000,0.0,1.0
2056/8/2,04:00,?9?9?9?9E0?9?9?9?9*9?9*9?9?9?9?9?9?9*9*_?9*9*9?9?9,30.2,21.9,61,100449,9999,9999,446,0,0,0,999900,999900,999900,99990,270,1.4,8,8,999.0,999,9,'999999999,0,0.0000,0,88,999.000,0.0,1.0
2056/8/2,05:00,?9?9?9?9E0?9?9?9?9*9?9*9?9?9?9?9?9?9*9*_?9*9*9?9?9,30.0,21.9,62,100449,9999,9999,445,0,0,0,999900,999900,999900,99990,280,1.1,8,8,999.0,999,9,'999999999,0,0.0000,0,88,999.000,0.0,1.0
2056/8/2,06:00,?9?9?9?9E0?9?9?9?9*9?9*9?9?9?9?9?9?9*9*_?9*9*9?9?9,29.7,22.4,65,100449,9999,9999,444,0,0,0,999900,999900,999900,99990,250,0.9,8,8,999.0,999,9,'999999999,0,0.0000,0,88,999.000,0.0,1.0
2056/8/2,07:00,?9?9?9?9E0?9?9?9?9*9?9*9?9?9?9?9?9?9*9*_?9*9*9?9?9,29.5,22.5,66,100549,9999,9999,452,36,16,34,999900,999900,999900,99990,270,0.6,9,9,999.0,999,9,'999999999,0,0.0000,0,88,999.000,0.0,1.0
2056/8/2,08:00,?9?9?9?9E0?9?9?9?9*9?9*9?9?9?9?9?9?9*9*_?9*9*9?9?9,30.4,22.6,63,100649,9999,9999,458,166,53,147,999900,999900,999900,99990,250,0.8,9,9,999.0,999,9,'999999999,0,0.0000,0,88,999.000,0.0,1.0
2056/8/2,09:00,?9?9?9?9E0?9?9?9?9*9?9*9?9?9?9?9?9?9*9*_?9*9*9?9?9,31.8,22.8,59,100649,9999,9999,467,320,96,264,999900,999900,999900,99990,250,1.7,9,9,999.0,999,9,'999999999,0,0.0000,0,88,999.000,0.0,1.0
2056/8/2,10:00,?9?9?9?9E0?9?9?9?9*9?9*9?9?9?9?9?9?9*9*_?9*9*9?9?9,32.2,22.0,55,100649,9999,9999,481,405,83,342,999900,999900,999900,99990,270,1.4,10,10,999.0,999,9,'999999999,0,0.0000,0,88,999.000,0.0,1.0
2056/8/2,11:00,?9?9?9?9E0?9?9?9?9*9?9*9?9?9?9?9?9?9*9*_?9*9*9?9?9,33.1,21.9,52,100649,9999,9999,487,495,87,417,999900,999900,999900,99990,270,2.0,10,10,999.0,999,9,'999999999,0,0.0000,0,88,999.000,0.0,1.0
2056/8/2,12:00,?9?9?9?9E0?9?9?9?9*9?9*9?9?9?9?9?9?9*9*_?9*9*9?9?9,34.1,21.9,49,100649,9999,9999,493,546,88,460,999900,999900,999900,99990,290,1.4,10,10,999.0,999,9,'999999999,0,0.0000,0,88,999.000,0.0,1.0
2056/8/2,13:00,?9?9?9?9E0?9?9?9?9*9?9*9?9?9?9?9?9?9*9*_?9*9*9?9?9,34.1,21.9,49,100549,9999,9999,480,627,129,499,999900,999900,999900,99990,300,1.2,9,9,999.0,999,9,'999999999,0,0.0000,0,88,999.000,0.0,1.0
2056/8/2,14:00,?9?9?9?9E0?9?9?9?9*9?9*9?9?9?9?9?9?9*9*_?9*9*9?9?9,35.1,22.5,48,100449,9999,9999,487,588,140,455,999900,999900,999900,99990,300,1.0,9,9,999.0,999,9,'999999999,0,0.0000,0,88,999.000,0.0,1.0
2056/8/2,15:00,?9?9?9?9E0?9?9?9?9*9?9*9?9?9?9?9?9?9*9*_?9*9*9?9?9,35.5,22.1,46,100349,9999,9999,478,597,233,401,999900,999900,999900,99990,270,1.8,8,8,999.0,999,9,'999999999,0,0.0000,0,88,999.000,0.0,1.0
2056/8/2,16:00,?9?9?9?9E0?9?9?9?9*9?9*9?9?9?9?9?9?9*9*_?9*9*9?9?9,35.5,22.1,46,100249,9999,9999,478,438,182,314,999900,999900,999900,99990,250,0.9,8,8,999.0,999,9,'999999999,0,0.0000,0,88,999.000,0.0,1.0
2056/8/2,17:00,?9?9?9?9E0?9?9?9?9*9?9*9?9?9?9?9?9?9*9*_?9*9*9?9?9,35.6,22.2,46,100249,9999,9999,479,288,145,218,999900,999900,999900,99990,250,0.3,8,8,999.0,999,9,'999999999,0,0.0000,0,88,999.000,0.0,1.0
2056/8/2,18:00,?9?9?9?9E0?9?9?9?9*9?9*9?9?9?9?9?9?9*9*_?9*9*9?9?9,34.1,25.0,59,100249,9999,9999,474,118,69,100,999900,999900,999900,99990,250,0.3,8,8,999.0,999,9,'999999999,0,0.0000,0,88,999.000,0.0,1.0
2056/8/2,19:00,?9?9?9?9E0?9?9?9?9*9?9*9?9?9?9?9?9?9*9*_?9*9*9?9?9,32.6,24.1,61,100349,9999,9999,464,15,0,15,999900,999900,999900,99990,250,0.3,8,8,999.0,999,9,'999999999,0,0.0000,0,88,999.000,0.0,1.0
2056/8/2,20:00,?9?9?9?9E0?9?9?9?9*9?9*9?9?9?9?9?9?9*9*_?9*9*9?9?9,32.2,22.0,55,100349,9999,9999,458,0,0,0,999900,999900,999900,99990,250,0.3,8,8,999.0,999,9,'999999999,0,0.0000,0,88,999.000,0.0,1.0
2056/8/2,21:00,?9?9?9?9E0?9?9?9?9*9?9*9?9?9?9?9?9?9*9*_?9*9*9?9?9,33.1,21.0,49,100449,9999,9999,462,0,0,0,999900,999900,999900,99990,250,0.6,8,8,999.0,999,9,'999999999,0,0.0000,0,88,999.000,0.0,1.0
2056/8/2,22:00,?9?9?9?9E0?9?9?9?9*9?9*9?9?9?9?9?9?9*9*_?9*9*9?9?9,32.8,20.7,49,100449,9999,9999,460,0,0,0,999900,999900,999900,99990,230,1.1,8,8,999.0,999,9,'999999999,0,0.0000,0,88,999.000,0.0,1.0
2056/8/2,23:00,?9?9?9?9E0?9?9?9?9*9?9*9?9?9?9?9?9?9*9*_?9*9*9?9?9,32.3,20.2,49,100549,9999,9999,444,0,0,0,999900,999900,999900,99990,220,1.0,6,6,999.0,999,9,'999999999,0,0.0000,0,88,999.000,0.0,1.0
2056/8/2,24:00,?9?9?9?9E0?9?9?9?9*9?9*9?9?9?9?9?9?9*9*_?9*9*9?9?9,31.7,20.7,52,100549,9999,9999,434,0,0,0,999900,999900,999900,99990,230,1.0,4,4,999.0,999,9,'999999999,0,0.0000,0,88,999.000,0.0,1.0
2056/8/3,01:00,?9?9?9?9E0?9?9?9?9*9?9*9?9?9?9?9?9?9*9*_?9*9*9?9?9,30.9,20.8,55,100549,9999,9999,430,0,0,0,999900,999900,999900,99990,230,0.7,4,4,999.0,999,9,'999999999,0,0.0000,0,88,999.000,0.0,1.0
2056/8/3,02:00,?9?9?9?9E0?9?9?9?9*9?9*9?9?9?9?9?9?9*9*_?9*9*9?9?9,30.4,20.9,57,100449,9999,9999,430,0,0,0,999900,999900,999900,99990,230,1.4,5,5,999.0,999,9,'999999999,0,0.0000,0,88,999.000,0.0,1.0
2056/8/3,03:00,?9?9?9?9E0?9?9?9?9*9?9*9?9?9?9?9?9?9*9*_?9*9*9?9?9,30.2,21.0,58,100449,9999,9999,429,0,0,0,999900,999900,999900,99990,250,0.6,5,5,999.0,999,9,'999999999,0,0.0000,0,88,999.000,0.0,1.0
2056/8/3,04:00,?9?9?9?9E0?9?9?9?9*9?9*9?9?9?9?9?9?9*9*_?9*9*9?9?9,29.8,20.7,58,100449,9999,9999,426,0,0,0,999900,999900,999900,99990,230,1.1,5,5,999.0,999,9,'999999999,0,0.0000,0,88,999.000,0.0,1.0
2056/8/3,05:00,?9?9?9?9E0?9?9?9?9*9?9*9?9?9?9?9?9?9*9*_?9*9*9?9?9,29.9,20.5,57,100449,9999,9999,427,0,0,0,999900,999900,999900,99990,220,1.0,5,5,999.0,999,9,'999999999,0,0.0000,0,88,999.000,0.0,1.0
2056/8/3,06:00,?9?9?9?9E0?9?9?9?9*9?9*9?9?9?9?9?9?9*9*_?9*9*9?9?9,29.3,20.7,60,100449,9999,9999,424,0,0,0,999900,999900,999900,99990,240,0.4,5,5,999.0,999,9,'999999999,0,0.0000,0,88,999.000,0.0,1.0
2056/8/3,07:00,?9?9?9?9E0?9?9?9?9*9?9*9?9?9?9?9?9?9*9*_?9*9*9?9?9,29.2,21.4,63,100449,9999,9999,424,74,180,51,999900,999900,999900,99990,240,0.5,5,5,999.0,999,9,'999999999,0,0.0000,0,88,999.000,0.0,1.0
2056/8/3,08:00,?9?9?9?9E0?9?9?9?9*9?9*9?9?9?9?9?9?9*9*_?9*9*9?9?9,30.3,21.7,60,100549,9999,9999,431,269,360,138,999900,999900,999900,99990,240,0.3,5,5,999.0,999,9,'999999999,0,0.0000,0,88,999.000,0.0,1.0
2056/8/3,09:00,?9?9?9?9E0?9?9?9?9*9?9*9?9?9?9?9?9?9*9*_?9*9*9?9?9,32.2,19.8,48,100449,9999,9999,439,501,558,176,999900,999900,999900,99990,250,1.7,5,5,999.0,999,9,'999999999,0,0.0000,0,88,999.000,0.0,1.0
2056/8/3,10:00,?9?9?9?9E0?9?9?9?9*9?9*9?9?9?9?9?9?9*9*_?9*9*9?9?9,33.3,19.4,44,100649,9999,9999,445,716,674,201,999900,999900,999900,99990,220,1.7,5,5,999.0,999,9,'999999999,0,0.0000,0,88,999.000,0.0,1.0
2056/8/3,11:00,?9?9?9?9E0?9?9?9?9*9?9*9?9?9?9?9?9?9*9*_?9*9*9?9?9,34.1,19.4,42,100549,9999,9999,453,813,603,270,999900,999900,999900,99990,220,2.4,6,6,999.0,999,9,'999999999,0,0.0000,0,88,999.000,0.0,1.0
2056/8/3,12:00,?9?9?9?9E0?9?9?9?9*9?9*9?9?9?9?9?9?9*9*_?9*9*9?9?9,35.0,19.4,40,100549,9999,9999,464,828,477,361,999900,999900,999900,99990,270,1.8,7,7,999.0,999,9,'999999999,0,0.0000,0,88,999.000,0.0,1.0
2056/8/3,13:00,?9?9?9?9E0?9?9?9?9*9?9*9?9?9?9?9?9?9*9*_?9*9*9?9?9,35.8,19.7,39,100449,9999,9999,477,747,320,429,999900,999900,999900,99990,250,2.0,8,8,999.0,999,9,'999999999,0,0.0000,0,88,999.000,0.0,1.0
2056/8/3,14:00,?9?9?9?9E0?9?9?9?9*9?9*9?9?9?9?9?9?9*9*_?9*9*9?9?9,36.1,20.0,39,100349,9999,9999,479,697,307,405,999900,999900,999900,99990,240,0.4,8,8,999.0,999,9,'999999999,0,0.0000,0,88,999.000,0.0,1.0
2056/8/3,15:00,?9?9?9?9E0?9?9?9?9*9?9*9?9?9?9?9?9?9*9*_?9*9*9?9?9,36.3,19.7,38,100249,9999,9999,480,616,316,350,999900,999900,999900,99990,290,0.7,8,8,999.0,999,9,'999999999,0,0.0000,0,88,999.000,0.0,1.0
2056/8/3,16:00,?9?9?9?9E0?9?9?9?9*9?9*9?9?9?9?9?9?9*9*_?9*9*9?9?9,36.5,19.5,37,100149,9999,9999,481,463,263,283,999900,999900,999900,99990,300,1.3,8,8,999.0,999,9,'999999999,0,0.0000,0,88,999.000,0.0,1.0
2056/8/3,17:00,?9?9?9?9E0?9?9?9?9*9?9*9?9?9?9?9?9?9*9*_?9*9*9?9?9,36.7,19.2,36,100149,9999,9999,482,306,216,202,999900,999900,999900,99990,300,0.8,8,8,999.0,999,9,'999999999,0,0.0000,0,88,999.000,0.0,1.0
2056/8/3,18:00,?9?9?9?9E0?9?9?9?9*9?9*9?9?9?9?9?9?9*9*_?9*9*9?9?9,35.1,24.7,55,100049,9999,9999,480,121,96,97,999900,999900,999900,99990,320,0.6,8,8,999.0,999,9,'999999999,0,0.0000,0,88,999.000,0.0,1.0
2056/8/3,19:00,?9?9?9?9E0?9?9?9?9*9?9*9?9?9?9?9?9?9*9*_?9*9*9?9?9,32.3,25.7,68,100049,9999,9999,457,16,0,16,999900,999900,999900,99990,60,0.5,7,7,999.0,999,9,'999999999,0,0.0000,0,88,999.000,0.0,1.0
2056/8/3,20:00,?9?9?9?9E0?9?9?9?9*9?9*9?9?9?9?9?9?9*9*_?9*9*9?9?9,31.9,25.8,70,100149,9999,9999,454,0,0,0,999900,999900,999900,99990,80,0.7,7,7,999.0,999,9,'999999999,0,0.0000,0,88,999.000,0.0,1.0
2056/8/3,21:00,?9?9?9?9E0?9?9?9?9*9?9*9?9?9?9?9?9?9*9*_?9*9*9?9?9,31.5,27.0,77,100249,9999,9999,454,0,0,0,999900,999900,999900,99990,130,0.8,7,7,999.0,999,9,'999999999,0,0.0000,0,88,999.000,0.0,1.0
2056/8/3,22:00,?9?9?9?9E0?9?9?9?9*9?9*9?9?9?9?9?9?9*9*_?9*9*9?9?9,31.4,26.0,73,100349,9999,9999,447,0,0,0,999900,999900,999900,99990,90,0.0,6,6,999.0,999,9,'999999999,0,0.0000,0,88,999.000,0.0,1.0
2056/8/3,23:00,?9?9?9?9E0?9?9?9?9*9?9*9?9?9?9?9?9?9*9*_?9*9*9?9?9,31.3,26.6,76,100449,9999,9999,447,0,0,0,999900,999900,999900,99990,90,0.3,6,6,999.0,999,9,'999999999,0,0.0000,0,88,999.000,0.0,1.0
2056/8/3,24:00,?9?9?9?9E0?9?9?9?9*9?9*9?9?9?9?9?9?9*9*_?9*9*9?9?9,30.9,26.6,78,100449,9999,9999,444,0,0,0,999900,999900,999900,99990,200,0.4,6,6,999.0,999,9,'999999999,0,0.0000,0,88,999.000,0.0,1.0
2056/8/4,01:00,?9?9?9?9E0?9?9?9?9*9?9*9?9?9?9?9?9?9*9*_?9*9*9?9?9,30.5,26.2,78,100349,9999,9999,442,0,0,0,999900,999900,999900,99990,200,0.6,6,6,999.0,999,9,'999999999,0,0.0000,0,88,999.000,0.0,1.0
2056/8/4,02:00,?9?9?9?9E0?9?9?9?9*9?9*9?9?9?9?9?9?9*9*_?9*9*9?9?9,30.2,24.4,71,100349,9999,9999,437,0,0,0,999900,999900,999900,99990,200,0.6,6,6,999.0,999,9,'999999999,0,0.0000,0,88,999.000,0.0,1.0
2056/8/4,03:00,?9?9?9?9E0?9?9?9?9*9?9*9?9?9?9?9?9?9*9*_?9*9*9?9?9,30.5,21.6,59,100249,9999,9999,435,0,0,0,999900,999900,999900,99990,250,1.0,6,6,999.0,999,9,'999999999,0,0.0000,0,88,999.000,0.0,1.0
2056/8/4,04:00,?9?9?9?9E0?9?9?9?9*9?9*9?9?9?9?9?9?9*9*_?9*9*9?9?9,30.4,20.4,55,100249,9999,9999,433,0,0,0,999900,999900,999900,99990,270,1.2,6,6,999.0,999,9,'999999999,0,0.0000,0,88,999.000,0.0,1.0
2056/8/4,05:00,?9?9?9?9E0?9?9?9?9*9?9*9?9?9?9?9?9?9*9*_?9*9*9?9?9,30.1,20.7,57,100349,9999,9999,432,0,0,0,999900,999900,999900,99990,280,0.9,6,6,999.0,999,9,'999999999,0,0.0000,0,88,999.000,0.0,1.0
2056/8/4,06:00,?9?9?9?9E0?9?9?9?9*9?9*9?9?9?9?9?9?9*9*_?9*9*9?9?9,30.0,20.8,58,100349,9999,9999,432,0,0,0,999900,999900,999900,99990,270,1.0,6,6,999.0,999,9,'999999999,0,0.0000,0,88,999.000,0.0,1.0
2056/8/4,07:00,?9?9?9?9E0?9?9?9?9*9?9*9?9?9?9?9?9?9*9*_?9*9*9?9?9,30.1,20.9,58,100349,9999,9999,432,70,163,50,999900,999900,999900,99990,220,1.5,6,6,999.0,999,9,'999999999,0,0.0000,0,88,999.000,0.0,1.0
2056/8/4,08:00,?9?9?9?9E0?9?9?9?9*9?9*9?9?9?9?9?9?9*9*_?9*9*9?9?9,31.4,20.7,53,100449,9999,9999,444,236,257,142,999900,999900,999900,99990,230,1.4,7,7,999.0,999,9,'999999999,0,0.0000,0,88,999.000,0.0,1.0
2056/8/4,09:00,?9?9?9?9E0?9?9?9?9*9?9*9?9?9?9?9?9?9*9*_?9*9*9?9?9,32.3,22.1,55,100449,9999,9999,452,424,361,214,999900,999900,999900,99990,270,2.3,7,7,999.0,999,9,'999999999,0,0.0000,0,88,999.000,0.0,1.0
2056/8/4,10:00,?9?9?9?9E0?9?9?9?9*9?9*9?9?9?9?9?9?9*9*_?9*9*9?9?9,33.8,22.6,52,100549,9999,9999,461,607,462,253,999900,999900,999900,99990,230,1.5,7,7,999.0,999,9,'999999999,0,0.0000,0,88,999.000,0.0,1.0
2056/8/4,11:00,?9?9?9?9E0?9?9?9?9*9?9*9?9?9?9?9?9?9*9*_?9*9*9?9?9,34.3,21.7,48,100449,9999,9999,454,845,693,221,999900,999900,999900,99990,270,1.9,5,5,999.0,999,9,'999999999,0,0.0000,0,88,999.000,0.0,1.0
2056/8/4,12:00,?9?9?9?9E0?9?9?9?9*9?9*9?9?9?9?9?9?9*9*_?9*9*9?9?9,35.5,22.1,46,100449,9999,9999,454,987,803,201,999900,999900,999900,99990,270,1.7,3,3,999.0,999,9,'999999999,0,0.0000,0,88,999.000,0.0,1.0
2056/8/4,13:00,?9?9?9?9E0?9?9?9?9*9?9*9?9?9?9?9?9?9*9*_?9*9*9?9?9,36.1,21.9,44,100349,9999,9999,458,987,776,215,999900,999900,999900,99990,290,1.3,3,3,999.0,999,9,'999999999,0,0.0000,0,88,999.000,0.0,1.0
2056/8/4,14:00,?9?9?9?9E0?9?9?9?9*9?9*9?9?9?9?9?9?9*9*_?9*9*9?9?9,37.2,21.8,41,100249,9999,9999,464,936,782,194,999900,999900,999900,99990,300,1.1,3,3,999.0,999,9,'999999999,0,0.0000,0,88,999.000,0.0,1.0
2056/8/4,15:00,?9?9?9?9E0?9?9?9?9*9?9*9?9?9?9?9?9?9*9*_?9*9*9?9?9,37.9,21.6,39,100149,9999,9999,468,828,784,168,999900,999900,999900,99990,270,0.9,3,3,999.0,999,9,'999999999,0,0.0000,0,88,999.000,0.0,1.0
2056/8/4,16:00,?9?9?9?9E0?9?9?9?9*9?9*9?9?9?9?9?9?9*9*_?9*9*9?9?9,34.6,24.3,55,100049,9999,9999,456,587,600,178,999900,999900,999900,99990,310,1.0,4,4,999.0,999,9,'999999999,0,0.0000,0,88,999.000,0.0,1.0
2056/8/4,17:00,?9?9?9?9E0?9?9?9?9*9?9*9?9?9?9?9?9?9*9*_?9*9*9?9?9,33.6,24.2,58,100049,9999,9999,450,393,531,138,999900,999900,999900,99990,120,1.2,4,4,999.0,999,9,'999999999,0,0.0000,0,88,999.000,0.0,1.0
2056/8/4,18:00,?9?9?9?9E0?9?9?9?9*9?9*9?9?9?9?9?9?9*9*_?9*9*9?9?9,32.8,24.6,62,100049,9999,9999,445,179,373,85,999900,999900,999900,99990,140,1.2,4,4,999.0,999,9,'999999999,0,0.0000,0,88,999.000,0.0,1.0
2056/8/4,19:00,?9?9?9?9E0?9?9?9?9*9?9*9?9?9?9?9?9?9*9*_?9*9*9?9?9,31.9,25.3,68,100149,9999,9999,445,20,0,20,999900,999900,999900,99990,160,1.1,5,5,999.0,999,9,'999999999,0,0.0000,0,88,999.000,0.0,1.0
2056/8/4,20:00,?9?9?9?9E0?9?9?9?9*9?9*9?9?9?9?9?9?9*9*_?9*9*9?9?9,31.4,25.5,71,100149,9999,9999,446,0,0,0,999900,999900,999900,99990,180,0.9,6,6,999.0,999,9,'999999999,0,0.0000,0,88,999.000,0.0,1.0
2056/8/4,21:00,?9?9?9?9E0?9?9?9?9*9?9*9?9?9?9?9?9?9*9*_?9*9*9?9?9,31.3,27.0,78,100249,9999,9999,452,0,0,0,999900,999900,999900,99990,270,1.0,7,7,999.0,999,9,'999999999,0,0.0000,0,88,999.000,0.0,1.0
2056/8/4,22:00,?9?9?9?9E0?9?9?9?9*9?9*9?9?9?9?9?9?9*9*_?9*9*9?9?9,31.3,27.9,82,100349,9999,9999,461,0,0,0,999900,999900,999900,99990,180,0.6,8,8,999.0,999,9,'999999999,0,0.0000,0,88,999.000,0.0,1.0
2056/8/4,23:00,?9?9?9?9E0?9?9?9?9*9?9*9?9?9?9?9?9?9*9*_?9*9*9?9?9,31.2,26.9,78,100349,9999,9999,459,0,0,0,999900,999900,999900,99990,190,1.2,8,8,999.0,999,9,'999999999,0,0.0000,0,88,999.000,0.0,1.0
2056/8/4,24:00,?9?9?9?9E0?9?9?9?9*9?9*9?9?9?9?9?9?9*9*_?9*9*9?9?9,30.9,26.8,79,100449,9999,9999,457,0,0,0,999900,999900,999900,99990,180,0.6,8,8,999.0,999,9,'999999999,0,0.0000,0,88,999.000,0.0,1.0
2056/8/5,01:00,?9?9?9?9E0?9?9?9?9*9?9*9?9?9?9?9?9?9*9*_?9*9*9?9?9,30.8,27.0,80,100349,9999,9999,457,0,0,0,999900,999900,999900,99990,180,0.8,8,8,999.0,999,9,'999999999,0,0.0000,0,88,999.000,0.0,1.0
2056/8/5,02:00,?9?9?9?9E0?9?9?9?9*9?9*9?9?9?9?9?9?9*9*_?9*9*9?9?9,30.8,26.1,76,100349,9999,9999,455,0,0,0,999900,999900,999900,99990,190,0.3,8,8,999.0,999,9,'999999999,0,0.0000,0,88,999.000,0.0,1.0
2056/8/5,03:00,?9?9?9?9E0?9?9?9?9*9?9*9?9?9?9?9?9?9*9*_?9*9*9?9?9,30.6,24.8,71,100349,9999,9999,452,0,0,0,999900,999900,999900,99990,180,0.8,8,8,999.0,999,9,'999999999,0,0.0000,0,88,999.000,0.0,1.0
2056/8/5,04:00,?9?9?9?9E0?9?9?9?9*9?9*9?9?9?9?9?9?9*9*_?9*9*9?9?9,30.4,25.0,73,100349,9999,9999,445,0,0,0,999900,999900,999900,99990,220,1.0,7,7,999.0,999,9,'999999999,0,0.0000,0,88,999.000,0.0,1.0
2056/8/5,05:00,?9?9?9?9E0?9?9?9?9*9?9*9?9?9?9?9?9?9*9*_?9*9*9?9?9,29.8,25.4,77,100349,9999,9999,436,0,0,0,999900,999900,999900,99990,210,1.2,6,6,999.0,999,9,'999999999,0,0.0000,0,88,999.000,0.0,1.0
2056/8/5,06:00,?9?9?9?9E0?9?9?9?9*9?9*9?9?9?9?9?9?9*9*_?9*9*9?9?9,29.3,26.5,85,100349,9999,9999,431,0,0,0,999900,999900,999900,99990,140,1.0,5,5,999.0,999,9,'999999999,0,0.0000,0,88,999.000,0.0,1.0
2056/8/5,07:00,?9?9?9?9E0?9?9?9?9*9?9*9?9?9?9?9?9?9*9*_?9*9*9?9?9,29.3,26.1,83,100449,9999,9999,431,65,128,49,999900,999900,999900,99990,200,0.9,5,5,999.0,999,9,'999999999,0,0.0000,0,88,999.000,0.0,1.0
2056/8/5,08:00,?9?9?9?9E0?9?9?9?9*9?9*9?9?9?9?9?9?9*9*_?9*9*9?9?9,30.8,25.2,72,100449,9999,9999,438,254,308,142,999900,999900,999900,99990,230,1.0,5,5,999.0,999,9,'999999999,0,0.0000,0,88,999.000,0.0,1.0
2056/8/5,09:00,?9?9?9?9E0?9?9?9?9*9?9*9?9?9?9?9?9?9*9*_?9*9*9?9?9,33.5,23.5,56,100549,9999,9999,452,480,504,187,999900,999900,999900,99990,230,1.3,5,5,999.0,999,9,'999999999,0,0.0000,0,88,999.000,0.0,1.0
2056/8/5,10:00,?9?9?9?9E0?9?9?9?9*9?9*9?9?9?9?9?9?9*9*_?9*9*9?9?9,34.5,23.2,52,100549,9999,9999,457,691,629,210,999900,999900,999900,99990,300,2.1,5,5,999.0,999,9,'999999999,0,0.0000,0,88,999.000,0.0,1.0
2056/8/5,11:00,?9?9?9?9E0?9?9?9?9*9?9*9?9?9?9?9?9?9*9*_?9*9*9?9?9,35.1,22.5,48,100449,9999,9999,460,839,669,237,999900,999900,999900,99990,290,2.3,5,5,999.0,999,9,'999999999,0,0.0000,0,88,999.000,0.0,1.0
2056/8/5,12:00,?9?9?9?9E0?9?9?9?9*9?9*9?9?9?9?9?9?9*9*_?9*9*9?9?9,36.6,21.2,41,100449,9999,9999,467,936,694,257,999900,999900,999900,99990,270,1.7,5,5,999.0,999,9,'999999999,0,0.0000,0,88,999.000,0.0,1.0
2056/8/5,13:00,?9?9?9?9E0?9?9?9?9*9?9*9?9?9?9?9?9?9*9*_?9*9*9?9?9,37.4,20.7,38,100449,9999,9999,471,934,653,284,999900,999900,999900,99990,300,1.1,5,5,999.0,999,9,'999999999,0,0.0000,0,88,999.000,0.0,1.0
2056/8/5,14:00,?9?9?9?9E0?9?9?9?9*9?9*9?9?9?9?9?9?9*9*_?9*9*9?9?9,38.0,20.8,37,100349,9999,9999,479,831,560,299,999900,999900,999900,99990,300,0.7,6,6,999.0,999,9,'999999999,0,0.0000,0,88,999.000,0.0,1.0
2056/8/5,15:00,?9?9?9?9E0?9?9?9?9*9?9*9?9?9?9?9?9?9*9*_?9*9*9?9?9,38.3,20.2,35,100349,9999,9999,485,686,459,300,999900,999900,999900,99990,290,0.9,7,7,999.0,999,9,'999999999,0,0.0000,0,88,999.000,0.0,1.0
2056/8/5,16:00,?9?9?9?9E0?9?9?9?9*9?9*9?9?9?9?9?9?9*9*_?9*9*9?9?9,35.5,25.7,57,100249,9999,9999,484,426,212,281,999900,999900,999900,99990,290,0.9,8,8,999.0,999,9,'999999999,0,0.0000,0,88,999.000,0.0,1.0
2056/8/5,17:00,?9?9?9?9E0?9?9?9?9*9?9*9?9?9?9?9?9?9*9*_?9*9*9?9?9,34.1,26.6,65,100249,9999,9999,476,270,149,198,999900,999900,999900,99990,130,1.2,8,8,999.0,999,9,'999999999,0,0.0000,0,88,999.000,0.0,1.0
2056/8/5,18:00,?9?9?9?9E0?9?9?9?9*9?9*9?9?9?9?9?9?9*9*_?9*9*9?9?9,32.8,26.6,70,100249,9999,9999,468,114,79,94,999900,999900,999900,99990,180,1.3,8,8,999.0,999,9,'999999999,0,0.0000,0,88,999.000,0.0,1.0
2056/8/5,19:00,?9?9?9?9E0?9?9?9?9*9?9*9?9?9?9?9?9?9*9*_?9*9*9?9?9,32.1,26.2,71,100349,9999,9999,473,10,0,10,999900,999900,999900,99990,150,0.2,9,9,999.0,999,9,'999999999,0,0.0000,0,88,999.000,0.0,1.0
2056/8/5,20:00,?9?9?9?9E0?9?9?9?9*9?9*9?9?9?9?9?9?9*9*_?9*9*9?9?9,32.1,25.5,68,100449,9999,9999,472,0,0,0,999900,999900,999900,99990,150,0.3,9,9,999.0,999,9,'999999999,0,0.0000,0,88,999.000,0.0,1.0
2056/8/5,21:00,?9?9?9?9E0?9?9?9?9*9?9*9?9?9?9?9?9?9*9*_?9*9*9?9?9,32.1,25.5,68,100549,9999,9999,472,0,0,0,999900,999900,999900,99990,170,0.3,9,9,999.0,999,9,'999999999,0,0.0000,0,88,999.000,0.0,1.0
2056/8/5,22:00,?9?9?9?9E0?9?9?9?9*9?9*9?9?9?9?9?9?9*9*_?9*9*9?9?9,30.2,28.6,91,100549,9999,9999,455,0,0,0,999900,999900,999900,99990,200,1.1,8,8,999.0,999,9,'999999999,0,0.0000,0,88,999.000,2.7,1.0
2056/8/5,23:00,?9?9?9?9E0?9?9?9?9*9?9*9?9?9?9?9?9?9*9*_?9*9*9?9?9,30.1,27.9,88,100549,9999,9999,454,0,0,0,999900,999900,999900,99990,190,0.6,8,8,999.0,999,9,'999999999,0,0.0000,0,88,999.000,0.0,1.0
2056/8/5,24:00,?9?9?9?9E0?9?9?9?9*9?9*9?9?9?9?9?9?9*9*_?9*9*9?9?9,30.0,27.6,87,100549,9999,9999,453,0,0,0,999900,999900,999900,99990,170,0.4,8,8,999.0,999,9,'999999999,0,0.0000,0,88,999.000,0.0,1.0
2056/8/6,01:00,?9?9?9?9E0?9?9?9?9*9?9*9?9?9?9?9?9?9*9*_?9*9*9?9?9,29.7,27.9,90,100549,9999,9999,451,0,0,0,999900,999900,999900,99990,180,0.0,8,8,999.0,999,9,'999999999,0,0.0000,0,88,999.000,0.0,1.0
2056/8/6,02:00,?9?9?9?9E0?9?9?9?9*9?9*9?9?9?9?9?9?9*9*_?9*9*9?9?9,29.6,27.8,90,100549,9999,9999,451,0,0,0,999900,999900,999900,99990,180,0.0,8,8,999.0,999,9,'999999999,0,0.0000,0,88,999.000,0.0,1.0
2056/8/6,03:00,?9?9?9?9E0?9?9?9?9*9?9*9?9?9?9?9?9?9*9*_?9*9*9?9?9,29.4,27.2,88,100449,9999,9999,449,0,0,0,999900,999900,999900,99990,230,0.4,8,8,999.0,999,9,'999999999,0,0.0000,0,88,999.000,0.0,1.0
2056/8/6,04:00,?9?9?9?9E0?9?9?9?9*9?9*9?9?9?9?9?9?9*9*_?9*9*9?9?9,29.3,26.5,85,100449,9999,9999,457,0,0,0,999900,999900,999900,99990,230,0.4,9,9,999.0,999,9,'999999999,0,0.0000,0,88,999.000,0.0,1.0
2056/8/6,05:00,?9?9?9?9E0?9?9?9?9*9?9*9?9?9?9?9?9?9*9*_?9*9*9?9?9,28.9,27.1,90,100449,9999,9999,455,0,0,0,999900,999900,999900,99990,230,0.0,9,9,999.0,999,9,'999999999,0,0.0000,0,88,999.000,0.0,1.0
2056/8/6,06:00,?9?9?9?9E0?9?9?9?9*9?9*9?9?9?9?9?9?9*9*_?9*9*9?9?9,28.7,25.5,83,100449,9999,9999,452,0,0,0,999900,999900,999900,99990,260,0.3,9,9,999.0,999,9,'999999999,0,0.0000,0,88,999.000,0.0,1.0
2056/8/6,07:00,?9?9?9?9E0?9?9?9?9*9?9*9?9?9?9?9?9?9*9*_?9*9*9?9?9,29.1,23.1,70,100549,9999,9999,451,33,16,31,999900,999900,999900,99990,270,0.7,9,9,999.0,999,9,'999999999,0,0.0000,0,88,999.000,0.0,1.0
2056/8/6,08:00,?9?9?9?9E0?9?9?9?9*9?9*9?9?9?9?9?9?9*9*_?9*9*9?9?9,29.7,22.2,64,100549,9999,9999,453,162,58,141,999900,999900,999900,99990,270,0.5,9,9,999.0,999,9,'999999999,0,0.0000,0,88,999.000,0.0,1.0
2056/8/6,09:00,?9?9?9?9E0?9?9?9?9*9?9*9?9?9?9?9?9?9*9*_?9*9*9?9?9,31.6,22.1,57,100649,9999,9999,464,321,121,251,999900,999900,999900,99990,270,1.4,9,9,999.0,999,9,'999999999,0,0.0000,0,88,999.000,0.0,1.0
2056/8/6,10:00,?9?9?9?9E0?9?9?9?9*9?9*9?9?9?9?9?9?9*9*_?9*9*9?9?9,32.3,21.8,54,100749,9999,9999,459,548,275,337,999900,999900,999900,99990,320,1.9,8,8,999.0,999,9,'999999999,0,0.0000,0,88,999.000,0.0,1.0
2056/8/6,11:00,?9?9?9?9E0?9?9?9?9*9?9*9?9?9?9?9?9?9*9*_?9*9*9?9?9,34.0,21.1,47,100749,9999,9999,468,666,304,392,999900,999900,999900,99990,310,1.4,8,8,999.0,999,9,'999999999,0,0.0000,0,88,999.000,0.0,1.0
2056/8/6,12:00,?9?9?9?9E0?9?9?9?9*9?9*9?9?9?9?9?9?9*9*_?9*9*9?9?9,35.1,20.3,42,100649,9999,9999,473,742,319,429,999900,999900,999900,99990,290,1.3,8,8,999.0,999,9,'999999999,0,0.0000,0,88,999.000,0.0,1.0
2056/8/6,13:00,?9?9?9?9E0?9?9?9?9*9?9*9?9?9?9?9?9?9*9*_?9*9*9?9?9,35.9,19.8,39,100549,9999,9999,470,814,399,416,999900,999900,999900,99990,310,1.7,7,7,999.0,999,9,'999999999,0,0.0000,0,88,999.000,0.0,1.0
2056/8/6,14:00,?9?9?9?9E0?9?9?9?9*9?9*9?9?9?9?9?9?9*9*_?9*9*9?9?9,36.8,20.6,39,100449,9999,9999,477,768,414,376,999900,999900,999900,99990,320,1.4,7,7,999.0,999,9,'999999999,0,0.0000,0,88,999.000,0.0,1.0
2056/8/6,15:00,?9?9?9?9E0?9?9?9?9*9?9*9?9?9?9?9?9?9*9*_?9*9*9?9?9,37.4,19.8,36,100449,9999,9999,479,680,428,320,999900,999900,999900,99990,340,0.9,7,7,999.0,999,9,'999999999,0,0.0000,0,88,999.000,0.0,1.0
2056/8/6,16:00,?9?9?9?9E0?9?9?9?9*9?9*9?9?9?9?9?9?9*9*_?9*9*9?9?9,34.9,24.5,55,100349,9999,9999,465,521,377,264,999900,999900,999900,99990,340,0.9,6,6,999.0,999,9,'999999999,0,0.0000,0,88,999.000,0.0,1.0
2056/8/6,17:00,?9?9?9?9E0?9?9?9?9*9?9*9?9?9?9?9?9?9*9*_?9*9*9?9?9,33.8,26.3,65,100349,9999,9999,461,333,287,195,999900,999900,999900,99990,150,0.9,6,6,999.0,999,9,'999999999,0,0.0000,0,88,999.000,0.0,1.0
2056/8/6,18:00,?9?9?9?9E0?9?9?9?9*9?9*9?9?9?9?9?9?9*9*_?9*9*9?9?9,32.0,26.8,74,100349,9999,9999,451,144,169,102,999900,999900,999900,99990,140,1.0,6,6,999.0,999,9,'999999999,0,0.0000,0,88,999.000,0.0,1.0
2056/8/6,19:00,?9?9?9?9E0?9?9?9?9*9?9*9?9?9?9?9?9?9*9*_?9*9*9?9?9,31.6,27.1,77,100349,9999,9999,445,18,0,18,999900,999900,999900,99990,140,1.1,5,5,999.0,999,9,'999999999,0,0.0000,0,88,999.000,0.0,1.0
2056/8/6,20:00,?9?9?9?9E0?9?9?9?9*9?9*9?9?9?9?9?9?9*9*_?9*9*9?9?9,31.2,27.6,81,100449,9999,9999,443,0,0,0,999900,999900,999900,99990,160,0.7,5,5,999.0,999,9,'999999999,0,0.0000,0,88,999.000,0.0,1.0
2056/8/6,21:00,?9?9?9?9E0?9?9?9?9*9?9*9?9?9?9?9?9?9*9*_?9*9*9?9?9,31.1,27.7,82,100449,9999,9999,443,0,0,0,999900,999900,999900,99990,180,0.5,5,5,999.0,999,9,'999999999,0,0.0000,0,88,999.000,0.0,1.0
2056/8/6,22:00,?9?9?9?9E0?9?9?9?9*9?9*9?9?9?9?9?9?9*9*_?9*9*9?9?9,31.0,26.9,79,100549,9999,9999,442,0,0,0,999900,999900,999900,99990,90,0.7,5,5,999.0,999,9,'999999999,0,0.0000,0,88,999.000,0.0,1.0
2056/8/6,23:00,?9?9?9?9E0?9?9?9?9*9?9*9?9?9?9?9?9?9*9*_?9*9*9?9?9,27.6,26.4,93,100649,9999,9999,425,0,0,0,999900,999900,999900,99990,90,2.3,6,6,999.0,999,9,'999999999,0,0.0000,0,88,999.000,0.1,1.0
2056/8/6,24:00,?9?9?9?9E0?9?9?9?9*9?9*9?9?9?9?9?9?9*9*_?9*9*9?9?9,27.4,26.7,96,100649,9999,9999,429,0,0,0,999900,999900,999900,99990,90,0.4,7,7,999.0,999,9,'999999999,0,0.0000,0,88,999.000,0.7,1.0
2056/8/7,01:00,?9?9?9?9E0?9?9?9?9*9?9*9?9?9?9?9?9?9*9*_?9*9*9?9?9,27.7,26.7,94,100749,9999,9999,438,0,0,0,999900,999900,999900,99990,260,0.2,8,8,999.0,999,9,'999999999,0,0.0000,0,88,999.000,0.3,1.0
2056/8/7,02:00,?9?9?9?9E0?9?9?9?9*9?9*9?9?9?9?9?9?9*9*_?9*9*9?9?9,27.7,26.5,93,100649,9999,9999,438,0,0,0,999900,999900,999900,99990,260,0.5,8,8,999.0,999,9,'999999999,0,0.0000,0,88,999.000,0.7,1.0
2056/8/7,03:00,?9?9?9?9E0?9?9?9?9*9?9*9?9?9?9?9?9?9*9*_?9*9*9?9?9,27.2,25.8,92,100649,9999,9999,434,0,0,0,999900,999900,999900,99990,180,0.9,8,8,999.0,999,9,'999999999,0,0.0000,0,88,999.000,1.1,1.0
2056/8/7,04:00,?9?9?9?9E0?9?9?9?9*9?9*9?9?9?9?9?9?9*9*_?9*9*9?9?9,27.2,26.0,93,100649,9999,9999,443,0,0,0,999900,999900,999900,99990,320,0.6,9,9,999.0,999,9,'999999999,0,0.0000,0,88,999.000,0.3,1.0
2056/8/7,05:00,?9?9?9?9E0?9?9?9?9*9?9*9?9?9?9?9?9?9*9*_?9*9*9?9?9,27.1,24.6,86,100649,9999,9999,441,0,0,0,999900,999900,999900,99990,320,0.6,9,9,999.0,999,9,'999999999,0,0.0000,0,88,999.000,0.0,1.0
2056/8/7,06:00,?9?9?9?9E0?9?9?9?9*9?9*9?9?9?9?9?9?9*9*_?9*9*9?9?9,27.1,22.9,78,100649,9999,9999,439,0,0,0,999900,999900,999900,99990,320,1.5,9,9,999.0,999,9,'999999999,0,0.0000,0,88,999.000,0.0,1.0
2056/8/7,07:00,?9?9?9?9E0?9?9?9?9*9?9*9?9?9?9?9?9?9*9*_?9*9*9?9?9,27.1,22.5,76,100649,9999,9999,438,30,10,29,999900,999900,999900,99990,310,0.8,9,9,999.0,999,9,'999999999,0,0.0000,0,88,999.000,0.0,1.0
2056/8/7,08:00,?9?9?9?9E0?9?9?9?9*9?9*9?9?9?9?9?9?9*9*_?9*9*9?9?9,27.2,22.8,77,100749,9999,9999,439,148,35,135,999900,999900,999900,99990,310,0.6,9,9,999.0,999,9,'999999999,0,0.0000,0,88,999.000,0.0,1.0
2056/8/7,09:00,?9?9?9?9E0?9?9?9?9*9?9*9?9?9?9?9?9?9*9*_?9*9*9?9?9,28.9,22.7,69,100749,9999,9999,449,299,74,256,999900,999900,999900,99990,290,0.7,9,9,999.0,999,9,'999999999,0,0.0000,0,88,999.000,0.0,1.0
2056/8/7,10:00,?9?9?9?9E0?9?9?9?9*9?9*9?9?9?9?9?9?9*9*_?9*9*9?9?9,30.3,22.0,61,100749,9999,9999,456,461,123,367,999900,999900,999900,99990,300,0.9,9,9,999.0,999,9,'999999999,0,0.0000,0,88,999.000,0.0,1.0
2056/8/7,11:00,?9?9?9?9E0?9?9?9?9*9?9*9?9?9?9?9?9?9*9*_?9*9*9?9?9,31.7,21.6,55,100749,9999,9999,464,564,135,442,999900,999900,999900,99990,300,1.8,9,9,999.0,999,9,'999999999,0,0.0000,0,88,999.000,0.0,1.0
2056/8/7,12:00,?9?9?9?9E0?9?9?9?9*9?9*9?9?9?9?9?9?9*9*_?9*9*9?9?9,32.6,21.2,51,100649,9999,9999,469,626,131,497,999900,999900,999900,99990,320,1.2,9,9,999.0,999,9,'999999999,0,0.0000,0,88,999.000,0.0,1.0
2056/8/7,13:00,?9?9?9?9E0?9?9?9?9*9?9*9?9?9?9?9?9?9*9*_?9*9*9?9?9,33.7,19.8,44,100649,9999,9999,487,539,72,468,999900,999900,999900,99990,320,1.3,10,10,999.0,999,9,'999999999,0,0.0000,0,88,999.000,0.0,1.0
2056/8/7,14:00,?9?9?9?9E0?9?9?9?9*9?9*9?9?9?9?9?9?9*9*_?9*9*9?9?9,33.8,20.9,47,100549,9999,9999,490,501,69,436,999900,999900,999900,99990,280,1.4,10,10,999.0,999,9,'999999999,0,0.0000,0,88,999.000,0.0,1.0
2056/8/7,15:00,?9?9?9?9E0?9?9?9?9*9?9*9?9?9?9?9?9?9*9*_?9*9*9?9?9,33.7,21.5,49,100549,9999,9999,490,431,69,373,999900,999900,999900,99990,230,1.0,10,10,999.0,999,9,'999999999,0,0.0000,0,88,999.000,0.0,1.0
2056/8/7,16:00,?9?9?9?9E0?9?9?9?9*9?9*9?9?9?9?9?9?9*9*_?9*9*9?9?9,33.2,21.4,50,100449,9999,9999,473,376,93,313,999900,999900,999900,99990,250,0.7,9,9,999.0,999,9,'999999999,0,0.0000,0,88,999.000,0.0,1.0
2056/8/7,17:00,?9?9?9?9E0?9?9?9?9*9?9*9?9?9?9?9?9?9*9*_?9*9*9?9?9,32.5,23.5,59,100449,9999,9999,472,229,62,199,999900,999900,999900,99990,270,0.5,9,9,999.0,999,9,'999999999,0,0.0000,0,88,999.000,0.0,1.0
2056/8/7,18:00,?9?9?9?9E0?9?9?9?9*9?9*9?9?9?9?9?9?9*9*_?9*9*9?9?9,31.3,24.5,67,100449,9999,9999,466,89,29,82,999900,999900,999900,99990,200,0.8,9,9,999.0,999,9,'999999999,0,0.0000,0,88,999.000,0.0,1.0
2056/8/7,19:00,?9?9?9?9E0?9?9?9?9*9?9*9?9?9?9?9?9?9*9*_?9*9*9?9?9,30.7,25.1,72,100449,9999,9999,453,11,0,11,999900,999900,999900,99990,180,1.0,8,8,999.0,999,9,'999999999,0,0.0000,0,88,999.000,0.0,1.0
2056/8/7,20:00,?9?9?9?9E0?9?9?9?9*9?9*9?9?9?9?9?9?9*9*_?9*9*9?9?9,30.3,25.2,74,100549,9999,9999,451,0,0,0,999900,999900,999900,99990,180,0.8,8,8,999.0,999,9,'999999999,0,0.0000,0,88,999.000,0.0,1.0
2056/8/7,21:00,?9?9?9?9E0?9?9?9?9*9?9*9?9?9?9?9?9?9*9*_?9*9*9?9?9,29.8,25.6,78,100549,9999,9999,449,0,0,0,999900,999900,999900,99990,140,0.5,8,8,999.0,999,9,'999999999,0,0.0000,0,88,999.000,0.0,1.0
2056/8/7,22:00,?9?9?9?9E0?9?9?9?9*9?9*9?9?9?9?9?9?9*9*_?9*9*9?9?9,29.8,25.8,79,100549,9999,9999,449,0,0,0,999900,999900,999900,99990,140,0.3,8,8,999.0,999,9,'999999999,0,0.0000,0,88,999.000,0.0,1.0
2056/8/7,23:00,?9?9?9?9E0?9?9?9?9*9?9*9?9?9?9?9?9?9*9*_?9*9*9?9?9,29.7,26.5,83,100649,9999,9999,449,0,0,0,999900,999900,999900,99990,200,0.4,8,8,999.0,999,9,'999999999,0,0.0000,0,88,999.000,0.0,1.0
2056/8/7,24:00,?9?9?9?9E0?9?9?9?9*9?9*9?9?9?9?9?9?9*9*_?9*9*9?9?9,29.3,26.9,87,100649,9999,9999,441,0,0,0,999900,999900,999900,99990,180,0.2,7,7,999.0,999,9,'999999999,0,0.0000,0,88,999.000,0.0,1.0
2056/8/8,01:00,?9?9?9?9E0?9?9?9?9*9?9*9?9?9?9?9?9?9*9*_?9*9*9?9?9,29.2,26.8,87,100649,9999,9999,440,0,0,0,999900,999900,999900,99990,210,0.0,7,7,999.0,999,9,'999999999,0,0.0000,0,88,999.000,0.0,1.0
2056/8/8,02:00,?9?9?9?9E0?9?9?9?9*9?9*9?9?9?9?9?9?9*9*_?9*9*9?9?9,29.1,26.1,84,100649,9999,9999,438,0,0,0,999900,999900,999900,99990,200,0.5,7,7,999.0,999,9,'999999999,0,0.0000,0,88,999.000,0.0,1.0
2056/8/8,03:00,?9?9?9?9E0?9?9?9?9*9?9*9?9?9?9?9?9?9*9*_?9*9*9?9?9,28.9,24.7,78,100549,9999,9999,435,0,0,0,999900,999900,999900,99990,230,0.5,7,7,999.0,999,9,'999999999,0,0.0000,0,88,999.000,0.0,1.0
2056/8/8,04:00,?9?9?9?9E0?9?9?9?9*9?9*9?9?9?9?9?9?9*9*_?9*9*9?9?9,29.1,24.5,76,100549,9999,9999,436,0,0,0,999900,999900,999900,99990,240,0.9,7,7,999.0,999,9,'999999999,0,0.0000,0,88,999.000,0.0,1.0
2056/8/8,05:00,?9?9?9?9E0?9?9?9?9*9?9*9?9?9?9?9?9?9*9*_?9*9*9?9?9,28.8,24.6,78,100549,9999,9999,430,0,0,0,999900,999900,999900,99990,250,1.0,6,6,999.0,999,9,'999999999,0,0.0000,0,88,999.000,0.0,1.0
2056/8/8,06:00,?9?9?9?9E0?9?9?9?9*9?9*9?9?9?9?9?9?9*9*_?9*9*9?9?9,28.3,24.5,80,100549,9999,9999,427,0,0,0,999900,999900,999900,99990,270,0.5,6,6,999.0,999,9,'999999999,0,0.0000,0,88,999.000,0.0,1.0
2056/8/8,07:00,?9?9?9?9E0?9?9?9?9*9?9*9?9?9?9?9?9?9*9*_?9*9*9?9?9,28.8,23.5,73,100649,9999,9999,428,60,101,48,999900,999900,999900,99990,270,0.5,6,6,999.0,999,9,'999999999,0,0.0000,0,88,999.000,0.0,1.0
2056/8/8,08:00,?9?9?9?9E0?9?9?9?9*9?9*9?9?9?9?9?9?9*9*_?9*9*9?9?9,30.2,22.1,62,100649,9999,9999,434,247,271,148,999900,999900,999900,99990,270,1.1,6,6,999.0,999,9,'999999999,0,0.0000,0,88,999.000,0.0,1.0
2056/8/8,09:00,?9?9?9?9E0?9?9?9?9*9?9*9?9?9?9?9?9?9*9*_?9*9*9?9?9,32.8,22.3,54,100649,9999,9999,450,452,413,211,999900,999900,999900,99990,290,1.3,6,6,999.0,999,9,'999999999,0,0.0000,0,88,999.000,0.0,1.0
2056/8/8,10:00,?9?9?9?9E0?9?9?9?9*9?9*9?9?9?9?9?9?9*9*_?9*9*9?9?9,33.4,22.5,53,100649,9999,9999,454,649,513,256,999900,999900,999900,99990,300,1.2,6,6,999.0,999,9,'999999999,0,0.0000,0,88,999.000,0.0,1.0
2056/8/8,11:00,?9?9?9?9E0?9?9?9?9*9?9*9?9?9?9?9?9?9*9*_?9*9*9?9?9,34.5,21.6,47,100649,9999,9999,464,735,453,327,999900,999900,999900,99990,300,1.6,7,7,999.0,999,9,'999999999,0,0.0000,0,88,999.000,0.0,1.0
2056/8/8,12:00,?9?9?9?9E0?9?9?9?9*9?9*9?9?9?9?9?9?9*9*_?9*9*9?9?9,35.1,21.0,44,100649,9999,9999,467,821,464,366,999900,999900,999900,99990,290,2.0,7,7,999.0,999,9,'999999999,0,0.0000,0,88,999.000,0.0,1.0
2056/8/8,13:00,?9?9?9?9E0?9?9?9?9*9?9*9?9?9?9?9?9?9*9*_?9*9*9?9?9,36.0,20.3,40,100549,9999,9999,471,819,435,386,999900,999900,999900,99990,300,2.0,7,7,999.0,999,9,'999999999,0,0.0000,0,88,999.000,0.0,1.0
2056/8/8,14:00,?9?9?9?9E0?9?9?9?9*9?9*9?9?9?9?9?9?9*9*_?9*9*9?9?9,36.9,19.4,36,100449,9999,9999,476,783,465,342,999900,999900,999900,99990,290,2.0,7,7,999.0,999,9,'999999999,0,0.0000,0,88,999.000,0.0,1.0
2056/8/8,15:00,?9?9?9?9E0?9?9?9?9*9?9*9?9?9?9?9?9?9*9*_?9*9*9?9?9,37.4,18.9,34,100349,9999,9999,472,742,573,260,999900,999900,999900,99990,320,1.6,6,6,999.0,999,9,'999999999,0,0.0000,0,88,999.000,0.0,1.0
2056/8/8,16:00,?9?9?9?9E0?9?9?9?9*9?9*9?9?9?9?9?9?9*9*_?9*9*9?9?9,36.8,18.8,35,100249,9999,9999,469,557,486,226,999900,999900,999900,99990,320,0.5,6,6,999.0,999,9,'999999999,0,0.0000,0,88,999.000,0.0,1.0
2056/8/8,17:00,?9?9?9?9E0?9?9?9?9*9?9*9?9?9?9?9?9?9*9*_?9*9*9?9?9,36.4,20.2,39,100249,9999,9999,474,334,302,190,999900,999900,999900,99990,310,0.2,7,7,999.0,999,9,'999999999,0,0.0000,0,88,999.000,0.0,1.0
2056/8/8,18:00,?9?9?9?9E0?9?9?9?9*9?9*9?9?9?9?9?9?9*9*_?9*9*9?9?9,33.2,27.5,72,100249,9999,9999,472,108,75,90,999900,999900,999900,99990,320,0.8,8,8,999.0,999,9,'999999999,0,0.0000,0,88,999.000,0.0,1.0
2056/8/8,19:00,?9?9?9?9E0?9?9?9?9*9?9*9?9?9?9?9?9?9*9*_?9*9*9?9?9,32.1,26.4,72,100249,9999,9999,464,11,0,11,999900,999900,999900,99990,160,0.7,8,8,999.0,999,9,'999999999,0,0.0000,0,88,999.000,0.0,1.0
2056/8/8,20:00,?9?9?9?9E0?9?9?9?9*9?9*9?9?9?9?9?9?9*9*_?9*9*9?9?9,30.8,23.0,63,100349,9999,9999,451,0,0,0,999900,999900,999900,99990,100,0.6,8,8,999.0,999,9,'999999999,0,0.0000,0,88,999.000,0.0,1.0
2056/8/8,21:00,?9?9?9?9E0?9?9?9?9*9?9*9?9?9?9?9?9?9*9*_?9*9*9?9?9,29.2,25.8,82,100449,9999,9999,446,0,0,0,999900,999900,999900,99990,180,1.0,8,8,999.0,999,9,'999999999,0,0.0000,0,88,999.000,0.1,1.0
2056/8/8,22:00,?9?9?9?9E0?9?9?9?9*9?9*9?9?9?9?9?9?9*9*_?9*9*9?9?9,28.6,26.2,87,100549,9999,9999,436,0,0,0,999900,999900,999900,99990,190,0.9,7,7,999.0,999,9,'999999999,0,0.0000,0,88,999.000,0.0,1.0
2056/8/8,23:00,?9?9?9?9E0?9?9?9?9*9?9*9?9?9?9?9?9?9*9*_?9*9*9?9?9,28.6,26.0,86,100549,9999,9999,430,0,0,0,999900,999900,999900,99990,220,0.9,6,6,999.0,999,9,'999999999,0,0.0000,0,88,999.000,0.0,1.0
2056/8/8,24:00,?9?9?9?9E0?9?9?9?9*9?9*9?9?9?9?9?9?9*9*_?9*9*9?9?9,28.2,24.4,80,100549,9999,9999,422,0,0,0,999900,999900,999900,99990,180,0.9,5,5,999.0,999,9,'999999999,0,0.0000,0,88,999.000,0.0,1.0
2056/8/9,01:00,?9?9?9?9E0?9?9?9?9*9?9*9?9?9?9?9?9?9*9*_?9*9*9?9?9,28.3,24.3,79,100449,9999,9999,423,0,0,0,999900,999900,999900,99990,240,0.9,5,5,999.0,999,9,'999999999,0,0.0000,0,88,999.000,0.0,1.0
2056/8/9,02:00,?9?9?9?9E0?9?9?9?9*9?9*9?9?9?9?9?9?9*9*_?9*9*9?9?9,28.7,23.8,75,100449,9999,9999,424,0,0,0,999900,999900,999900,99990,240,0.9,5,5,999.0,999,9,'999999999,0,0.0000,0,88,999.000,0.0,1.0
2056/8/9,03:00,?9?9?9?9E0?9?9?9?9*9?9*9?9?9?9?9?9?9*9*_?9*9*9?9?9,28.3,24.7,81,100349,9999,9999,423,0,0,0,999900,999900,999900,99990,180,0.8,5,5,999.0,999,9,'999999999,0,0.0000,0,88,999.000,0.0,1.0
2056/8/9,04:00,?9?9?9?9E0?9?9?9?9*9?9*9?9?9?9?9?9?9*9*_?9*9*9?9?9,28.2,24.6,81,100349,9999,9999,423,0,0,0,999900,999900,999900,99990,240,0.8,5,5,999.0,999,9,'999999999,0,0.0000,0,88,999.000,0.0,1.0
2056/8/9,05:00,?9?9?9?9E0?9?9?9?9*9?9*9?9?9?9?9?9?9*9*_?9*9*9?9?9,28.2,24.0,78,100349,9999,9999,422,0,0,0,999900,999900,999900,99990,240,0.8,5,5,999.0,999,9,'999999999,0,0.0000,0,88,999.000,0.0,1.0
2056/8/9,06:00,?9?9?9?9E0?9?9?9?9*9?9*9?9?9?9?9?9?9*9*_?9*9*9?9?9,28.2,23.1,74,100349,9999,9999,421,0,0,0,999900,999900,999900,99990,230,1.3,5,5,999.0,999,9,'999999999,0,0.0000,0,88,999.000,0.0,1.0
2056/8/9,07:00,?9?9?9?9E0?9?9?9?9*9?9*9?9?9?9?9?9?9*9*_?9*9*9?9?9,28.2,22.0,69,100449,9999,9999,419,69,123,54,999900,999900,999900,99990,240,0.7,5,5,999.0,999,9,'999999999,0,0.0000,0,88,999.000,0.0,1.0
2056/8/9,08:00,?9?9?9?9E0?9?9?9?9*9?9*9?9?9?9?9?9?9*9*_?9*9*9?9?9,29.6,21.6,62,100449,9999,9999,435,223,167,163,999900,999900,999900,99990,260,0.9,7,7,999.0,999,9,'999999999,0,0.0000,0,88,999.000,0.0,1.0
2056/8/9,09:00,?9?9?9?9E0?9?9?9?9*9?9*9?9?9?9?9?9?9*9*_?9*9*9?9?9,32.1,21.6,54,100549,9999,9999,457,374,185,266,999900,999900,999900,99990,270,1.6,8,8,999.0,999,9,'999999999,0,0.0000,0,88,999.000,0.0,1.0
2056/8/9,10:00,?9?9?9?9E0?9?9?9?9*9?9*9?9?9?9?9?9?9*9*_?9*9*9?9?9,32.6,21.5,52,100549,9999,9999,470,480,163,355,999900,999900,999900,99990,290,1.2,9,9,999.0,999,9,'999999999,0,0.0000,0,88,999.000,0.0,1.0
2056/8/9,11:00,?9?9?9?9E0?9?9?9?9*9?9*9?9?9?9?9?9?9*9*_?9*9*9?9?9,33.7,20.5,46,100549,9999,9999,475,595,181,431,999900,999900,999900,99990,290,1.8,9,9,999.0,999,9,'999999999,0,0.0000,0,88,999.000,0.0,1.0
2056/8/9,12:00,?9?9?9?9E0?9?9?9?9*9?9*9?9?9?9?9?9?9*9*_?9*9*9?9?9,33.8,20.2,45,100449,9999,9999,475,659,183,480,999900,999900,999900,99990,270,1.3,9,9,999.0,999,9,'999999999,0,0.0000,0,88,999.000,0.0,1.0
2056/8/9,13:00,?9?9?9?9E0?9?9?9?9*9?9*9?9?9?9?9?9?9*9*_?9*9*9?9?9,35.5,19.4,39,100449,9999,9999,485,662,171,491,999900,999900,999900,99990,250,2.4,9,9,999.0,999,9,'999999999,0,0.0000,0,88,999.000,0.0,1.0
2056/8/9,14:00,?9?9?9?9E0?9?9?9?9*9?9*9?9?9?9?9?9?9*9*_?9*9*9?9?9,36.0,18.6,36,100349,9999,9999,487,632,185,456,999900,999900,999900,99990,300,2.3,9,9,999.0,999,9,'999999999,0,0.0000,0,88,999.000,0.0,1.0
2056/8/9,15:00,?9?9?9?9E0?9?9?9?9*9?9*9?9?9?9?9?9?9*9*_?9*9*9?9?9,36.0,17.7,34,100249,9999,9999,485,553,188,395,999900,999900,999900,99990,290,1.7,9,9,999.0,999,9,'999999999,0,0.0000,0,88,999.000,0.0,1.0
2056/8/9,16:00,?9?9?9?9E0?9?9?9?9*9?9*9?9?9?9?9?9?9*9*_?9*9*9?9?9,35.5,18.2,36,100249,9999,9999,483,409,148,308,999900,999900,999900,99990,280,1.9,9,9,999.0,999,9,'999999999,0,0.0000,0,88,999.000,0.0,1.0
2056/8/9,17:00,?9?9?9?9E0?9?9?9?9*9?9*9?9?9?9?9?9?9*9*_?9*9*9?9?9,34.9,19.3,40,100149,9999,9999,481,259,109,207,999900,999900,999900,99990,310,0.8,9,9,999.0,999,9,'999999999,0,0.0000,0,88,999.000,0.0,1.0
2056/8/9,18:00,?9?9?9?9E0?9?9?9?9*9?9*9?9?9?9?9?9?9*9*_?9*9*9?9?9,34.6,20.6,44,100149,9999,9999,481,104,54,91,999900,999900,999900,99990,320,0.4,9,9,999.0,999,9,'999999999,0,0.0000,0,88,999.000,0.0,1.0
2056/8/9,19:00,?9?9?9?9E0?9?9?9?9*9?9*9?9?9?9?9?9?9*9*_?9*9*9?9?9,33.0,22.2,53,100249,9999,9999,463,12,0,12,999900,999900,999900,99990,320,0.3,8,8,999.0,999,9,'999999999,0,0.0000,0,88,999.000,0.0,1.0
2056/8/9,20:00,?9?9?9?9E0?9?9?9?9*9?9*9?9?9?9?9?9?9*9*_?9*9*9?9?9,31.9,23.2,60,100249,9999,9999,458,0,0,0,999900,999900,999900,99990,320,0.0,8,8,999.0,999,9,'999999999,0,0.0000,0,88,999.000,0.0,1.0
2056/8/9,21:00,?9?9?9?9E0?9?9?9?9*9?9*9?9?9?9?9?9?9*9*_?9*9*9?9?9,31.2,23.6,64,100349,9999,9999,454,0,0,0,999900,999900,999900,99990,320,0.3,8,8,999.0,999,9,'999999999,0,0.0000,0,88,999.000,0.0,1.0
2056/8/9,22:00,?9?9?9?9E0?9?9?9?9*9?9*9?9?9?9?9?9?9*9*_?9*9*9?9?9,30.7,23.6,66,100349,9999,9999,451,0,0,0,999900,999900,999900,99990,320,0.4,8,8,999.0,999,9,'999999999,0,0.0000,0,88,999.000,0.0,1.0
2056/8/9,23:00,?9?9?9?9E0?9?9?9?9*9?9*9?9?9?9?9?9?9*9*_?9*9*9?9?9,30.6,24.3,69,100449,9999,9999,452,0,0,0,999900,999900,999900,99990,200,0.3,8,8,999.0,999,9,'999999999,0,0.0000,0,88,999.000,0.0,1.0
2056/8/9,24:00,?9?9?9?9E0?9?9?9?9*9?9*9?9?9?9?9?9?9*9*_?9*9*9?9?9,31.2,23.3,63,100449,9999,9999,454,0,0,0,999900,999900,999900,99990,230,0.8,8,8,999.0,999,9,'999999999,0,0.0000,0,88,999.000,0.0,1.0
2056/8/10,01:00,?9?9?9?9E0?9?9?9?9*9?9*9?9?9?9?9?9?9*9*_?9*9*9?9?9,30.7,24.4,69,100349,9999,9999,452,0,0,0,999900,999900,999900,99990,230,0.0,8,8,999.0,999,9,'999999999,0,0.0000,0,88,999.000,0.0,1.0
2056/8/10,02:00,?9?9?9?9E0?9?9?9?9*9?9*9?9?9?9?9?9?9*9*_?9*9*9?9?9,30.7,23.4,65,100349,9999,9999,451,0,0,0,999900,999900,999900,99990,230,0.8,8,8,999.0,999,9,'999999999,0,0.0000,0,88,999.000,0.0,1.0
2056/8/10,03:00,?9?9?9?9E0?9?9?9?9*9?9*9?9?9?9?9?9?9*9*_?9*9*9?9?9,30.1,24.3,71,100349,9999,9999,449,0,0,0,999900,999900,999900,99990,290,0.0,8,8,999.0,999,9,'999999999,0,0.0000,0,88,999.000,0.0,1.0
2056/8/10,04:00,?9?9?9?9E0?9?9?9?9*9?9*9?9?9?9?9?9?9*9*_?9*9*9?9?9,29.6,25.4,78,100249,9999,9999,447,0,0,0,999900,999900,999900,99990,340,0.0,8,8,999.0,999,9,'999999999,0,0.0000,0,88,999.000,0.0,1.0
2056/8/10,05:00,?9?9?9?9E0?9?9?9?9*9?9*9?9?9?9?9?9?9*9*_?9*9*9?9?9,29.2,24.8,77,100349,9999,9999,444,0,0,0,999900,999900,999900,99990,320,0.4,8,8,999.0,999,9,'999999999,0,0.0000,0,88,999.000,0.0,1.0
2056/8/10,06:00,?9?9?9?9E0?9?9?9?9*9?9*9?9?9?9?9?9?9*9*_?9*9*9?9?9,29.1,21.4,63,100349,9999,9999,439,0,0,0,999900,999900,999900,99990,290,1.0,8,8,999.0,999,9,'999999999,0,0.0000,0,88,999.000,0.0,1.0
2056/8/10,07:00,?9?9?9?9E0?9?9?9?9*9?9*9?9?9?9?9?9?9*9*_?9*9*9?9?9,29.1,21.1,62,100349,9999,9999,448,36,16,34,999900,999900,999900,99990,270,0.8,9,9,999.0,999,9,'999999999,0,0.0000,0,88,999.000,0.0,1.0
2056/8/10,08:00,?9?9?9?9E0?9?9?9?9*9?9*9?9?9?9?9?9?9*9*_?9*9*9?9?9,29.3,21.3,62,100449,9999,9999,450,168,52,149,999900,999900,999900,99990,280,1.2,9,9,999.0,999,9,'999999999,0,0.0000,0,88,999.000,0.0,1.0
2056/8/10,09:00,?9?9?9?9E0?9?9?9?9*9?9*9?9?9?9?9?9?9*9*_?9*9*9?9?9,30.5,21.3,58,100449,9999,9999,457,326,95,271,999900,999900,999900,99990,270,1.7,9,9,999.0,999,9,'999999999,0,0.0000,0,88,999.000,0.0,1.0
2056/8/10,10:00,?9?9?9?9E0?9?9?9?9*9?9*9?9?9?9?9?9?9*9*_?9*9*9?9?9,31.0,21.2,56,100549,9999,9999,473,408,78,348,999900,999900,999900,99990,290,1.5,10,10,999.0,999,9,'999999999,0,0.0000,0,88,999.000,0.0,1.0
2056/8/10,11:00,?9?9?9?9E0?9?9?9?9*9?9*9?9?9?9?9?9?9*9*_?9*9*9?9?9,32.2,21.4,53,100549,9999,9999,480,489,76,421,999900,999900,999900,99990,300,1.2,10,10,999.0,999,9,'999999999,0,0.0000,0,88,999.000,0.0,1.0
2056/8/10,12:00,?9?9?9?9E0?9?9?9?9*9?9*9?9?9?9?9?9?9*9*_?9*9*9?9?9,33.3,21.8,51,100449,9999,9999,488,535,71,465,999900,999900,999900,99990,290,1.1,10,10,999.0,999,9,'999999999,0,0.0000,0,88,999.000,0.0,1.0
2056/8/10,13:00,?9?9?9?9E0?9?9?9?9*9?9*9?9?9?9?9?9?9*9*_?9*9*9?9?9,34.3,21.7,48,100349,9999,9999,494,529,63,466,999900,999900,999900,99990,320,2.1,10,10,999.0,999,9,'999999999,0,0.0000,0,88,999.000,0.0,1.0
2056/8/10,14:00,?9?9?9?9E0?9?9?9?9*9?9*9?9?9?9?9?9?9*9*_?9*9*9?9?9,34.3,21.4,47,100249,9999,9999,494,504,68,439,999900,999900,999900,99990,340,2.0,10,10,999.0,999,9,'999999999,0,0.0000,0,88,999.000,0.0,1.0
2056/8/10,15:00,?9?9?9?9E0?9?9?9?9*9?9*9?9?9?9?9?9?9*9*_?9*9*9?9?9,34.3,21.0,46,100349,9999,9999,493,441,73,379,999900,999900,999900,99990,320,1.1,10,10,999.0,999,9,'999999999,0,0.0000,0,88,999.000,0.0,1.0
2056/8/10,16:00,?9?9?9?9E0?9?9?9?9*9?9*9?9?9?9?9?9?9*9*_?9*9*9?9?9,34.4,21.1,46,100249,9999,9999,480,382,98,315,999900,999900,999900,99990,340,1.0,9,9,999.0,999,9,'999999999,0,0.0000,0,88,999.000,0.0,1.0
2056/8/10,17:00,?9?9?9?9E0?9?9?9?9*9?9*9?9?9?9?9?9?9*9*_?9*9*9?9?9,34.2,22.6,51,100149,9999,9999,481,236,69,203,999900,999900,999900,99990,340,0.5,9,9,999.0,999,9,'999999999,0,0.0000,0,88,999.000,0.0,1.0
2056/8/10,18:00,?9?9?9?9E0?9?9?9?9*9?9*9?9?9?9?9?9?9*9*_?9*9*9?9?9,31.5,25.1,69,100149,9999,9999,468,85,26,79,999900,999900,999900,99990,90,0.8,9,9,999.0,999,9,'999999999,0,0.0000,0,88,999.000,0.0,1.0
2056/8/10,19:00,?9?9?9?9E0?9?9?9?9*9?9*9?9?9?9?9?9?9*9*_?9*9*9?9?9,30.8,25.6,74,100249,9999,9999,455,10,0,10,999900,999900,999900,99990,100,0.7,8,8,999.0,999,9,'999999999,0,0.0000,0,88,999.000,0.0,1.0
2056/8/10,20:00,?9?9?9?9E0?9?9?9?9*9?9*9?9?9?9?9?9?9*9*_?9*9*9?9?9,30.7,25.5,74,100249,9999,9999,454,0,0,0,999900,999900,999900,99990,100,0.8,8,8,999.0,999,9,'999999999,0,0.0000,0,88,999.000,0.0,1.0
2056/8/10,21:00,?9?9?9?9E0?9?9?9?9*9?9*9?9?9?9?9?9?9*9*_?9*9*9?9?9,30.5,26.2,78,100349,9999,9999,454,0,0,0,999900,999900,999900,99990,180,0.7,8,8,999.0,999,9,'999999999,0,0.0000,0,88,999.000,0.0,1.0
2056/8/10,22:00,?9?9?9?9E0?9?9?9?9*9?9*9?9?9?9?9?9?9*9*_?9*9*9?9?9,30.4,26.8,81,100549,9999,9999,454,0,0,0,999900,999900,999900,99990,180,0.5,8,8,999.0,999,9,'999999999,0,0.0000,0,88,999.000,0.0,1.0
2056/8/10,23:00,?9?9?9?9E0?9?9?9?9*9?9*9?9?9?9?9?9?9*9*_?9*9*9?9?9,30.1,26.7,82,100549,9999,9999,452,0,0,0,999900,999900,999900,99990,190,0.9,8,8,999.0,999,9,'999999999,0,0.0000,0,88,999.000,0.0,1.0
2056/8/10,24:00,?9?9?9?9E0?9?9?9?9*9?9*9?9?9?9?9?9?9*9*_?9*9*9?9?9,27.0,26.1,95,100549,9999,9999,433,0,0,0,999900,999900,999900,99990,170,3.2,8,8,999.0,999,9,'999999999,0,0.0000,0,88,999.000,0.8,1.0
2056/8/11,01:00,?9?9?9?9E0?9?9?9?9*9?9*9?9?9?9?9?9?9*9*_?9*9*9?9?9,26.0,25.0,94,100449,9999,9999,426,0,0,0,999900,999900,999900,99990,220,0.3,8,8,999.0,999,9,'999999999,0,0.0000,0,88,999.000,1.9,1.0
2056/8/11,02:00,?9?9?9?9E0?9?9?9?9*9?9*9?9?9?9?9?9?9*9*_?9*9*9?9?9,26.0,24.6,92,100449,9999,9999,435,0,0,0,999900,999900,999900,99990,200,0.0,9,9,999.0,999,9,'999999999,0,0.0000,0,88,999.000,1.9,1.0
2056/8/11,03:00,?9?9?9?9E0?9?9?9?9*9?9*9?9?9?9?9?9?9*9*_?9*9*9?9?9,26.0,24.8,93,100349,9999,9999,435,0,0,0,999900,999900,999900,99990,200,0.5,9,9,999.0,999,9,'999999999,0,0.0000,0,88,999.000,3.0,1.0
2056/8/11,04:00,?9?9?9?9E0?9?9?9?9*9?9*9?9?9?9?9?9?9*9*_?9*9*9?9?9,26.0,24.6,92,100349,9999,9999,447,0,0,0,999900,999900,999900,99990,210,0.1,10,10,999.0,999,9,'999999999,0,0.0000,0,88,999.000,1.5,1.0
2056/8/11,05:00,?9?9?9?9E0?9?9?9?9*9?9*9?9?9?9?9?9?9*9*_?9*9*9?9?9,26.2,24.8,92,100349,9999,9999,448,0,0,0,999900,999900,999900,99990,260,0.0,10,10,999.0,999,9,'999999999,0,0.0000,0,88,999.000,0.5,1.0
2056/8/11,06:00,?9?9?9?9E0?9?9?9?9*9?9*9?9?9?9?9?9?9*9*_?9*9*9?9?9,26.5,25.1,92,100349,9999,9999,451,0,0,0,999900,999900,999900,99990,180,0.4,10,10,999.0,999,9,'999999999,0,0.0000,0,88,999.000,0.0,1.0
2056/8/11,07:00,?9?9?9?9E0?9?9?9?9*9?9*9?9?9?9?9?9?9*9*_?9*9*9?9?9,26.6,25.2,92,100349,9999,9999,451,15,2,15,999900,999900,999900,99990,180,0.5,10,10,999.0,999,9,'999999999,0,0.0000,0,88,999.000,0.0,1.0
2056/8/11,08:00,?9?9?9?9E0?9?9?9?9*9?9*9?9?9?9?9?9?9*9*_?9*9*9?9?9,27.1,25.3,90,100349,9999,9999,455,93,9,90,999900,999900,999900,99990,230,0.5,10,10,999.0,999,9,'999999999,0,0.0000,0,88,999.000,0.0,1.0
2056/8/11,09:00,?9?9?9?9E0?9?9?9?9*9?9*9?9?9?9?9?9?9*9*_?9*9*9?9?9,28.7,25.9,85,100449,9999,9999,465,209,20,197,999900,999900,999900,99990,270,0.8,10,10,999.0,999,9,'999999999,0,0.0000,0,88,999.000,0.0,1.0
2056/8/11,10:00,?9?9?9?9E0?9?9?9?9*9?9*9?9?9?9?9?9?9*9*_?9*9*9?9?9,30.1,26.3,80,100449,9999,9999,474,333,34,307,999900,999900,999900,99990,180,0.5,10,10,999.0,999,9,'999999999,0,0.0000,0,88,999.000,0.0,1.0
2056/8/11,11:00,?9?9?9?9E0?9?9?9?9*9?9*9?9?9?9?9?9?9*9*_?9*9*9?9?9,31.6,24.0,64,100449,9999,9999,480,447,49,403,999900,999900,999900,99990,230,1.3,10,10,999.0,999,9,'999999999,0,0.0000,0,88,999.000,0.0,1.0
2056/8/11,12:00,?9?9?9?9E0?9?9?9?9*9?9*9?9?9?9?9?9?9*9*_?9*9*9?9?9,32.3,23.3,59,100449,9999,9999,484,507,53,455,999900,999900,999900,99990,320,2.0,10,10,999.0,999,9,'999999999,0,0.0000,0,88,999.000,0.0,1.0
2056/8/11,13:00,?9?9?9?9E0?9?9?9?9*9?9*9?9?9?9?9?9?9*9*_?9*9*9?9?9,32.6,23.3,58,100349,9999,9999,486,499,47,452,999900,999900,999900,99990,300,1.9,10,10,999.0,999,9,'999999999,0,0.0000,0,88,999.000,0.0,1.0
2056/8/11,14:00,?9?9?9?9E0?9?9?9?9*9?9*9?9?9?9?9?9?9*9*_?9*9*9?9?9,33.1,23.2,56,100349,9999,9999,489,477,51,428,999900,999900,999900,99990,300,2.0,10,10,999.0,999,9,'999999999,0,0.0000,0,88,999.000,0.0,1.0
2056/8/11,15:00,?9?9?9?9E0?9?9?9?9*9?9*9?9?9?9?9?9?9*9*_?9*9*9?9?9,32.2,23.2,59,100249,9999,9999,483,412,53,368,999900,999900,999900,99990,290,2.1,10,10,999.0,999,9,'999999999,0,0.0000,0,88,999.000,0.0,1.0
2056/8/11,16:00,?9?9?9?9E0?9?9?9?9*9?9*9?9?9?9?9?9?9*9*_?9*9*9?9?9,32.0,24.1,63,100249,9999,9999,470,345,64,302,999900,999900,999900,99990,290,1.0,9,9,999.0,999,9,'999999999,0,0.0000,0,88,999.000,0.0,1.0
2056/8/11,17:00,?9?9?9?9E0?9?9?9?9*9?9*9?9?9?9?9?9?9*9*_?9*9*9?9?9,31.7,23.8,63,100149,9999,9999,468,221,51,197,999900,999900,999900,99990,270,0.8,9,9,999.0,999,9,'999999999,0,0.0000,0,88,999.000,0.0,1.0
2056/8/11,18:00,?9?9?9?9E0?9?9?9?9*9?9*9?9?9?9?9?9?9*9*_?9*9*9?9?9,31.6,24.7,67,100149,9999,9999,468,82,21,77,999900,999900,999900,99990,320,0.6,9,9,999.0,999,9,'999999999,0,0.0000,0,88,999.000,0.0,1.0
2056/8/11,19:00,?9?9?9?9E0?9?9?9?9*9?9*9?9?9?9?9?9?9*9*_?9*9*9?9?9,31.0,25.8,74,100249,9999,9999,466,6,0,6,999900,999900,999900,99990,280,0.3,9,9,999.0,999,9,'999999999,0,0.0000,0,88,999.000,0.0,1.0
2056/8/11,20:00,?9?9?9?9E0?9?9?9?9*9?9*9?9?9?9?9?9?9*9*_?9*9*9?9?9,30.7,25.5,74,100249,9999,9999,464,0,0,0,999900,999900,999900,99990,280,0.5,9,9,999.0,999,9,'999999999,0,0.0000,0,88,999.000,0.0,1.0
2056/8/11,21:00,?9?9?9?9E0?9?9?9?9*9?9*9?9?9?9?9?9?9*9*_?9*9*9?9?9,30.6,25.5,74,100349,9999,9999,463,0,0,0,999900,999900,999900,99990,290,0.4,9,9,999.0,999,9,'999999999,0,0.0000,0,88,999.000,0.0,1.0
2056/8/11,22:00,?9?9?9?9E0?9?9?9?9*9?9*9?9?9?9?9?9?9*9*_?9*9*9?9?9,30.2,25.7,77,100449,9999,9999,461,0,0,0,999900,999900,999900,99990,290,0.0,9,9,999.0,999,9,'999999999,0,0.0000,0,88,999.000,0.0,1.0
2056/8/11,23:00,?9?9?9?9E0?9?9?9?9*9?9*9?9?9?9?9?9?9*9*_?9*9*9?9?9,29.9,25.2,76,100449,9999,9999,459,0,0,0,999900,999900,999900,99990,290,0.4,9,9,999.0,999,9,'999999999,0,0.0000,0,88,999.000,0.0,1.0
2056/8/11,24:00,?9?9?9?9E0?9?9?9?9*9?9*9?9?9?9?9?9?9*9*_?9*9*9?9?9,29.7,24.4,73,100449,9999,9999,456,0,0,0,999900,999900,999900,99990,270,0.9,9,9,999.0,999,9,'999999999,0,0.0000,0,88,999.000,0.0,1.0
2056/8/12,01:00,?9?9?9?9E0?9?9?9?9*9?9*9?9?9?9?9?9?9*9*_?9*9*9?9?9,28.7,24.7,79,100349,9999,9999,451,0,0,0,999900,999900,999900,99990,270,0.6,9,9,999.0,999,9,'999999999,0,0.0000,0,88,999.000,0.0,1.0
2056/8/12,02:00,?9?9?9?9E0?9?9?9?9*9?9*9?9?9?9?9?9?9*9*_?9*9*9?9?9,28.7,24.9,80,100349,9999,9999,451,0,0,0,999900,999900,999900,99990,270,0.8,9,9,999.0,999,9,'999999999,0,0.0000,0,88,999.000,0.0,1.0
2056/8/12,03:00,?9?9?9?9E0?9?9?9?9*9?9*9?9?9?9?9?9?9*9*_?9*9*9?9?9,28.7,24.5,78,100249,9999,9999,450,0,0,0,999900,999900,999900,99990,290,0.9,9,9,999.0,999,9,'999999999,0,0.0000,0,88,999.000,0.0,1.0
2056/8/12,04:00,?9?9?9?9E0?9?9?9?9*9?9*9?9?9?9?9?9?9*9*_?9*9*9?9?9,28.3,24.3,79,100249,9999,9999,448,0,0,0,999900,999900,999900,99990,290,1.0,9,9,999.0,999,9,'999999999,0,0.0000,0,88,999.000,0.0,1.0
2056/8/12,05:00,?9?9?9?9E0?9?9?9?9*9?9*9?9?9?9?9?9?9*9*_?9*9*9?9?9,27.8,24.3,81,100249,9999,9999,445,0,0,0,999900,999900,999900,99990,230,0.9,9,9,999.0,999,9,'999999999,0,0.0000,0,88,999.000,0.0,1.0
2056/8/12,06:00,?9?9?9?9E0?9?9?9?9*9?9*9?9?9?9?9?9?9*9*_?9*9*9?9?9,27.6,24.1,81,100249,9999,9999,443,0,0,0,999900,999900,999900,99990,250,0.8,9,9,999.0,999,9,'999999999,0,0.0000,0,88,999.000,0.0,1.0
2056/8/12,07:00,?9?9?9?9E0?9?9?9?9*9?9*9?9?9?9?9?9?9*9*_?9*9*9?9?9,27.8,23.8,79,100349,9999,9999,444,29,10,28,999900,999900,999900,99990,220,0.8,9,9,999.0,999,9,'999999999,0,0.0000,0,88,999.000,0.0,1.0
2056/8/12,08:00,?9?9?9?9E0?9?9?9?9*9?9*9?9?9?9?9?9?9*9*_?9*9*9?9?9,28.6,24.4,78,100349,9999,9999,450,146,36,133,999900,999900,999900,99990,220,1.2,9,9,999.0,999,9,'999999999,0,0.0000,0,88,999.000,0.0,1.0
2056/8/12,09:00,?9?9?9?9E0?9?9?9?9*9?9*9?9?9?9?9?9?9*9*_?9*9*9?9?9,30.9,25.3,72,100349,9999,9999,465,290,71,249,999900,999900,999900,99990,260,1.6,9,9,999.0,999,9,'999999999,0,0.0000,0,88,999.000,0.0,1.0
2056/8/12,10:00,?9?9?9?9E0?9?9?9?9*9?9*9?9?9?9?9?9?9*9*_?9*9*9?9?9,32.5,21.7,53,100449,9999,9999,469,479,143,369,999900,999900,999900,99990,260,1.8,9,9,999.0,999,9,'999999999,0,0.0000,0,88,999.000,0.0,1.0
2056/8/12,11:00,?9?9?9?9E0?9?9?9?9*9?9*9?9?9?9?9?9?9*9*_?9*9*9?9?9,34.1,24.4,57,100449,9999,9999,483,556,134,435,999900,999900,999900,99990,290,2.4,9,9,999.0,999,9,'999999999,0,0.0000,0,88,999.000,0.0,1.0
2056/8/12,12:00,?9?9?9?9E0?9?9?9?9*9?9*9?9?9?9?9?9?9*9*_?9*9*9?9?9,34.2,23.6,54,100449,9999,9999,483,625,139,489,999900,999900,999900,99990,270,2.5,9,9,999.0,999,9,'999999999,0,0.0000,0,88,999.000,0.0,1.0
2056/8/12,13:00,?9?9?9?9E0?9?9?9?9*9?9*9?9?9?9?9?9?9*9*_?9*9*9?9?9,34.8,23.8,53,100349,9999,9999,487,614,121,493,999900,999900,999900,99990,310,1.6,9,9,999.0,999,9,'999999999,0,0.0000,0,88,999.000,0.0,1.0
2056/8/12,14:00,?9?9?9?9E0?9?9?9?9*9?9*9?9?9?9?9?9?9*9*_?9*9*9?9?9,35.7,23.0,48,100249,9999,9999,491,596,138,465,999900,999900,999900,99990,320,2.2,9,9,999.0,999,9,'999999999,0,0.0000,0,88,999.000,0.0,1.0
2056/8/12,15:00,?9?9?9?9E0?9?9?9?9*9?9*9?9?9?9?9?9?9*9*_?9*9*9?9?9,34.8,24.1,54,100149,9999,9999,487,502,130,393,999900,999900,999900,99990,360,1.2,9,9,999.0,999,9,'999999999,0,0.0000,0,88,999.000,0.0,1.0
2056/8/12,16:00,?9?9?9?9E0?9?9?9?9*9?9*9?9?9?9?9?9?9*9*_?9*9*9?9?9,35.3,23.3,50,100149,9999,9999,479,433,171,317,999900,999900,999900,99990,360,2.4,8,8,999.0,999,9,'999999999,0,0.0000,0,88,999.000,0.0,1.0
2056/8/12,17:00,?9?9?9?9E0?9?9?9?9*9?9*9?9?9?9?9?9?9*9*_?9*9*9?9?9,34.7,23.1,51,100149,9999,9999,475,279,136,214,999900,999900,999900,99990,290,0.7,8,8,999.0,999,9,'999999999,0,0.0000,0,88,999.000,0.0,1.0
2056/8/12,18:00,?9?9?9?9E0?9?9?9?9*9?9*9?9?9?9?9?9?9*9*_?9*9*9?9?9,33.5,26.3,66,100049,9999,9999,472,103,52,91,999900,999900,999900,99990,320,0.1,8,8,999.0,999,9,'999999999,0,0.0000,0,88,999.000,0.0,1.0
2056/8/12,19:00,?9?9?9?9E0?9?9?9?9*9?9*9?9?9?9?9?9?9*9*_?9*9*9?9?9,31.8,27.3,77,100149,9999,9999,463,9,0,9,999900,999900,999900,99990,320,0.3,8,8,999.0,999,9,'999999999,0,0.0000,0,88,999.000,0.0,1.0
2056/8/12,20:00,?9?9?9?9E0?9?9?9?9*9?9*9?9?9?9?9?9?9*9*_?9*9*9?9?9,31.2,27.6,81,100249,9999,9999,460,0,0,0,999900,999900,999900,99990,170,0.4,8,8,999.0,999,9,'999999999,0,0.0000,0,88,999.000,0.0,1.0
2056/8/12,21:00,?9?9?9?9E0?9?9?9?9*9?9*9?9?9?9?9?9?9*9*_?9*9*9?9?9,30.8,29.6,93,100349,9999,9999,460,0,0,0,999900,999900,999900,99990,290,0.1,8,8,999.0,999,9,'999999999,0,0.0000,0,88,999.000,0.4,1.0
2056/8/12,22:00,?9?9?9?9E0?9?9?9?9*9?9*9?9?9?9?9?9?9*9*_?9*9*9?9?9,27.4,26.5,95,100349,9999,9999,436,0,0,0,999900,999900,999900,99990,180,0.8,8,8,999.0,999,9,'999999999,0,0.0000,0,88,999.000,43.8,1.0
2056/8/12,23:00,?9?9?9?9E0?9?9?9?9*9?9*9?9?9?9?9?9?9*9*_?9*9*9?9?9,27.2,26.3,95,100449,9999,9999,435,0,0,0,999900,999900,999900,99990,140,0.5,8,8,999.0,999,9,'999999999,0,0.0000,0,88,999.000,4.7,1.0
2056/8/12,24:00,?9?9?9?9E0?9?9?9?9*9?9*9?9?9?9?9?9?9*9*_?9*9*9?9?9,26.8,25.8,94,100449,9999,9999,432,0,0,0,999900,999900,999900,99990,250,0.7,8,8,999.0,999,9,'999999999,0,0.0000,0,88,999.000,0.0,1.0
2056/8/13,01:00,?9?9?9?9E0?9?9?9?9*9?9*9?9?9?9?9?9?9*9*_?9*9*9?9?9,26.7,25.7,94,100349,9999,9999,440,0,0,0,999900,999900,999900,99990,250,0.3,9,9,999.0,999,9,'999999999,0,0.0000,0,88,999.000,0.0,1.0
2056/8/13,02:00,?9?9?9?9E0?9?9?9?9*9?9*9?9?9?9?9?9?9*9*_?9*9*9?9?9,26.9,25.9,94,100349,9999,9999,442,0,0,0,999900,999900,999900,99990,150,0.9,9,9,999.0,999,9,'999999999,0,0.0000,0,88,999.000,0.0,1.0
2056/8/13,03:00,?9?9?9?9E0?9?9?9?9*9?9*9?9?9?9?9?9?9*9*_?9*9*9?9?9,26.9,25.5,92,100249,9999,9999,441,0,0,0,999900,999900,999900,99990,250,1.3,9,9,999.0,999,9,'999999999,0,0.0000,0,88,999.000,0.0,1.0
2056/8/13,04:00,?9?9?9?9E0?9?9?9?9*9?9*9?9?9?9?9?9?9*9*_?9*9*9?9?9,26.9,25.1,90,100249,9999,9999,441,0,0,0,999900,999900,999900,99990,250,1.3,9,9,999.0,999,9,'999999999,0,0.0000,0,88,999.000,0.0,1.0
2056/8/13,05:00,?9?9?9?9E0?9?9?9?9*9?9*9?9?9?9?9?9?9*9*_?9*9*9?9?9,26.9,25.0,89,100249,9999,9999,440,0,0,0,999900,999900,999900,99990,220,1.6,9,9,999.0,999,9,'999999999,0,0.0000,0,88,999.000,0.0,1.0
2056/8/13,06:00,?9?9?9?9E0?9?9?9?9*9?9*9?9?9?9?9?9?9*9*_?9*9*9?9?9,27.1,23.8,82,100249,9999,9999,440,0,0,0,999900,999900,999900,99990,250,1.6,9,9,999.0,999,9,'999999999,0,0.0000,0,88,999.000,0.0,1.0
2056/8/13,07:00,?9?9?9?9E0?9?9?9?9*9?9*9?9?9?9?9?9?9*9*_?9*9*9?9?9,27.4,22.8,76,100249,9999,9999,431,40,31,36,999900,999900,999900,99990,250,0.9,8,8,999.0,999,9,'999999999,0,0.0000,0,88,999.000,0.0,1.0
2056/8/13,08:00,?9?9?9?9E0?9?9?9?9*9?9*9?9?9?9?9?9?9*9*_?9*9*9?9?9,28.2,22.9,73,100249,9999,9999,436,182,94,148,999900,999900,999900,99990,240,0.9,8,8,999.0,999,9,'999999999,0,0.0000,0,88,999.000,0.0,1.0
2056/8/13,09:00,?9?9?9?9E0?9?9?9?9*9?9*9?9?9?9?9?9?9*9*_?9*9*9?9?9,29.9,23.4,68,100249,9999,9999,446,349,174,247,999900,999900,999900,99990,230,1.3,8,8,999.0,999,9,'999999999,0,0.0000,0,88,999.000,0.0,1.0
2056/8/13,10:00,?9?9?9?9E0?9?9?9?9*9?9*9?9?9?9?9?9?9*9*_?9*9*9?9?9,31.9,22.0,56,100249,9999,9999,449,594,385,299,999900,999900,999900,99990,290,1.5,7,7,999.0,999,9,'999999999,0,0.0000,0,88,999.000,0.0,1.0
2056/8/13,11:00,?9?9?9?9E0?9?9?9?9*9?9*9?9?9?9?9?9?9*9*_?9*9*9?9?9,33.1,21.9,52,100249,9999,9999,451,777,524,304,999900,999900,999900,99990,290,1.9,6,6,999.0,999,9,'999999999,0,0.0000,0,88,999.000,0.0,1.0
2056/8/13,12:00,?9?9?9?9E0?9?9?9?9*9?9*9?9?9?9?9?9?9*9*_?9*9*9?9?9,34.5,22.6,50,100249,9999,9999,456,904,614,302,999900,999900,999900,99990,270,2.5,5,5,999.0,999,9,'999999999,0,0.0000,0,88,999.000,0.0,1.0
2056/8/13,13:00,?9?9?9?9E0?9?9?9?9*9?9*9?9?9?9?9?9?9*9*_?9*9*9?9?9,35.3,22.3,47,100149,9999,9999,461,909,596,315,999900,999900,999900,99990,330,2.5,5,5,999.0,999,9,'999999999,0,0.0000,0,88,999.000,0.0,1.0
2056/8/13,14:00,?9?9?9?9E0?9?9?9?9*9?9*9?9?9?9?9?9?9*9*_?9*9*9?9?9,35.5,22.5,47,100049,9999,9999,462,860,602,289,999900,999900,999900,99990,350,2.5,5,5,999.0,999,9,'999999999,0,0.0000,0,88,999.000,0.0,1.0
2056/8/13,15:00,?9?9?9?9E0?9?9?9?9*9?9*9?9?9?9?9?9?9*9*_?9*9*9?9?9,35.5,22.5,47,99949,9999,9999,466,710,519,274,999900,999900,999900,99990,260,1.9,6,6,999.0,999,9,'999999999,0,0.0000,0,88,999.000,0.0,1.0
2056/8/13,16:00,?9?9?9?9E0?9?9?9?9*9?9*9?9?9?9?9?9?9*9*_?9*9*9?9?9,35.9,21.7,44,99949,9999,9999,467,539,445,238,999900,999900,999900,99990,320,2.3,6,6,999.0,999,9,'999999999,0,0.0000,0,88,999.000,0.0,1.0
2056/8/13,17:00,?9?9?9?9E0?9?9?9?9*9?9*9?9?9?9?9?9?9*9*_?9*9*9?9?9,34.7,22.1,48,99949,9999,9999,466,320,283,186,999900,999900,999900,99990,320,1.8,7,7,999.0,999,9,'999999999,0,0.0000,0,88,999.000,0.0,1.0
2056/8/13,18:00,?9?9?9?9E0?9?9?9?9*9?9*9?9?9?9?9?9?9*9*_?9*9*9?9?9,33.9,22.4,51,99949,9999,9999,462,134,154,97,999900,999900,999900,99990,320,1.5,7,7,999.0,999,9,'999999999,0,0.0000,0,88,999.000,0.0,1.0
2056/8/13,19:00,?9?9?9?9E0?9?9?9?9*9?9*9?9?9?9?9?9?9*9*_?9*9*9?9?9,32.8,22.9,56,99949,9999,9999,463,10,0,10,999900,999900,999900,99990,340,0.7,8,8,999.0,999,9,'999999999,0,0.0000,0,88,999.000,0.0,1.0
2056/8/13,20:00,?9?9?9?9E0?9?9?9?9*9?9*9?9?9?9?9?9?9*9*_?9*9*9?9?9,32.4,23.9,61,100049,9999,9999,462,0,0,0,999900,999900,999900,99990,340,0.4,8,8,999.0,999,9,'999999999,0,0.0000,0,88,999.000,0.0,1.0
2056/8/13,21:00,?9?9?9?9E0?9?9?9?9*9?9*9?9?9?9?9?9?9*9*_?9*9*9?9?9,31.3,28.1,83,100149,9999,9999,461,0,0,0,999900,999900,999900,99990,140,0.4,8,8,999.0,999,9,'999999999,0,0.0000,0,88,999.000,0.0,1.0
2056/8/13,22:00,?9?9?9?9E0?9?9?9?9*9?9*9?9?9?9?9?9?9*9*_?9*9*9?9?9,30.5,27.9,86,100149,9999,9999,456,0,0,0,999900,999900,999900,99990,100,0.5,8,8,999.0,999,9,'999999999,0,0.0000,0,88,999.000,0.0,1.0
2056/8/13,23:00,?9?9?9?9E0?9?9?9?9*9?9*9?9?9?9?9?9?9*9*_?9*9*9?9?9,30.5,28.1,87,100149,9999,9999,456,0,0,0,999900,999900,999900,99990,110,0.3,8,8,999.0,999,9,'999999999,0,0.0000,0,88,999.000,0.0,1.0
2056/8/13,24:00,?9?9?9?9E0?9?9?9?9*9?9*9?9?9?9?9?9?9*9*_?9*9*9?9?9,30.1,27.5,86,100249,9999,9999,453,0,0,0,999900,999900,999900,99990,230,0.3,8,8,999.0,999,9,'999999999,0,0.0000,0,88,999.000,0.0,1.0
2056/8/14,01:00,?9?9?9?9E0?9?9?9?9*9?9*9?9?9?9?9?9?9*9*_?9*9*9?9?9,30.1,27.5,86,100249,9999,9999,453,0,0,0,999900,999900,999900,99990,230,0.0,8,8,999.0,999,9,'999999999,0,0.0000,0,88,999.000,0.0,1.0
2056/8/14,02:00,?9?9?9?9E0?9?9?9?9*9?9*9?9?9?9?9?9?9*9*_?9*9*9?9?9,30.0,27.6,87,100149,9999,9999,453,0,0,0,999900,999900,999900,99990,230,0.0,8,8,999.0,999,9,'999999999,0,0.0000,0,88,999.000,0.0,1.0
2056/8/14,03:00,?9?9?9?9E0?9?9?9?9*9?9*9?9?9?9?9?9?9*9*_?9*9*9?9?9,29.6,27.0,86,100149,9999,9999,450,0,0,0,999900,999900,999900,99990,230,0.0,8,8,999.0,999,9,'999999999,0,0.0000,0,88,999.000,0.4,1.0
2056/8/14,04:00,?9?9?9?9E0?9?9?9?9*9?9*9?9?9?9?9?9?9*9*_?9*9*9?9?9,28.7,26.3,87,100049,9999,9999,443,0,0,0,999900,999900,999900,99990,240,0.6,8,8,999.0,999,9,'999999999,0,0.0000,0,88,999.000,0.0,1.0
2056/8/14,05:00,?9?9?9?9E0?9?9?9?9*9?9*9?9?9?9?9?9?9*9*_?9*9*9?9?9,28.6,26.8,90,100049,9999,9999,443,0,0,0,999900,999900,999900,99990,240,0.5,8,8,999.0,999,9,'999999999,0,0.0000,0,88,999.000,0.0,1.0
2056/8/14,06:00,?9?9?9?9E0?9?9?9?9*9?9*9?9?9?9?9?9?9*9*_?9*9*9?9?9,28.1,26.1,89,100049,9999,9999,440,0,0,0,999900,999900,999900,99990,240,0.5,8,8,999.0,999,9,'999999999,0,0.0000,0,88,999.000,0.0,1.0
2056/8/14,07:00,?9?9?9?9E0?9?9?9?9*9?9*9?9?9?9?9?9?9*9*_?9*9*9?9?9,28.5,25.6,84,100049,9999,9999,434,46,42,41,999900,999900,999900,99990,240,0.5,7,7,999.0,999,9,'999999999,0,0.0000,0,88,999.000,0.0,1.0
2056/8/14,08:00,?9?9?9?9E0?9?9?9?9*9?9*9?9?9?9?9?9?9*9*_?9*9*9?9?9,29.6,25.6,79,100149,9999,9999,441,202,130,155,999900,999900,999900,99990,220,0.9,7,7,999.0,999,9,'999999999,0,0.0000,0,88,999.000,0.0,1.0
2056/8/14,09:00,?9?9?9?9E0?9?9?9?9*9?9*9?9?9?9?9?9?9*9*_?9*9*9?9?9,32.5,23.2,58,100149,9999,9999,449,446,364,234,999900,999900,999900,99990,290,1.3,6,6,999.0,999,9,'999999999,0,0.0000,0,88,999.000,0.0,1.0
2056/8/14,10:00,?9?9?9?9E0?9?9?9?9*9?9*9?9?9?9?9?9?9*9*_?9*9*9?9?9,33.4,22.5,53,100249,9999,9999,454,650,487,276,999900,999900,999900,99990,270,1.6,6,6,999.0,999,9,'999999999,0,0.0000,0,88,999.000,0.0,1.0
2056/8/14,11:00,?9?9?9?9E0?9?9?9?9*9?9*9?9?9?9?9?9?9*9*_?9*9*9?9?9,34.2,22.3,50,100149,9999,9999,463,726,410,356,999900,999900,999900,99990,270,1.7,7,7,999.0,999,9,'999999999,0,0.0000,0,88,999.000,0.0,1.0
2056/8/14,12:00,?9?9?9?9E0?9?9?9?9*9?9*9?9?9?9?9?9?9*9*_?9*9*9?9?9,35.2,22.5,48,100149,9999,9999,470,806,403,410,999900,999900,999900,99990,270,2.0,7,7,999.0,999,9,'999999999,0,0.0000,0,88,999.000,0.0,1.0
2056/8/14,13:00,?9?9?9?9E0?9?9?9?9*9?9*9?9?9?9?9?9?9*9*_?9*9*9?9?9,35.1,22.5,48,100049,9999,9999,476,722,264,459,999900,999900,999900,99990,240,1.7,8,8,999.0,999,9,'999999999,0,0.0000,0,88,999.000,0.0,1.0
2056/8/14,14:00,?9?9?9?9E0?9?9?9?9*9?9*9?9?9?9?9?9?9*9*_?9*9*9?9?9,35.2,22.5,48,100049,9999,9999,477,681,266,428,999900,999900,999900,99990,270,1.9,8,8,999.0,999,9,'999999999,0,0.0000,0,88,999.000,0.0,1.0
2056/8/14,15:00,?9?9?9?9E0?9?9?9?9*9?9*9?9?9?9?9?9?9*9*_?9*9*9?9?9,35.2,22.2,47,99949,9999,9999,477,597,271,370,999900,999900,999900,99990,230,1.3,8,8,999.0,999,9,'999999999,0,0.0000,0,88,999.000,0.0,1.0
2056/8/14,16:00,?9?9?9?9E0?9?9?9?9*9?9*9?9?9?9?9?9?9*9*_?9*9*9?9?9,35.6,22.2,46,99949,9999,9999,479,437,210,295,999900,999900,999900,99990,290,1.2,8,8,999.0,999,9,'999999999,0,0.0000,0,88,999.000,0.0,1.0
2056/8/14,17:00,?9?9?9?9E0?9?9?9?9*9?9*9?9?9?9?9?9?9*9*_?9*9*9?9?9,35.5,22.8,48,99849,9999,9999,480,279,161,203,999900,999900,999900,99990,260,1.0,8,8,999.0,999,9,'999999999,0,0.0000,0,88,999.000,0.0,1.0
2056/8/14,18:00,?9?9?9?9E0?9?9?9?9*9?9*9?9?9?9?9?9?9*9*_?9*9*9?9?9,34.7,23.4,52,99949,9999,9999,475,112,81,93,999900,999900,999900,99990,230,0.7,8,8,999.0,999,9,'999999999,0,0.0000,0,88,999.000,0.0,1.0
2056/8/14,19:00,?9?9?9?9E0?9?9?9?9*9?9*9?9?9?9?9?9?9*9*_?9*9*9?9?9,33.2,24.4,60,99949,9999,9999,468,9,0,9,999900,999900,999900,99990,230,0.3,8,8,999.0,999,9,'999999999,0,0.0000,0,88,999.000,0.0,1.0
2056/8/14,20:00,?9?9?9?9E0?9?9?9?9*9?9*9?9?9?9?9?9?9*9*_?9*9*9?9?9,32.2,27.2,75,100049,9999,9999,465,0,0,0,999900,999900,999900,99990,230,0.5,8,8,999.0,999,9,'999999999,0,0.0000,0,88,999.000,0.0,1.0
2056/8/14,21:00,?9?9?9?9E0?9?9?9?9*9?9*9?9?9?9?9?9?9*9*_?9*9*9?9?9,32.1,27.3,76,100049,9999,9999,465,0,0,0,999900,999900,999900,99990,70,0.3,8,8,999.0,999,9,'999999999,0,0.0000,0,88,999.000,0.0,1.0
2056/8/14,22:00,?9?9?9?9E0?9?9?9?9*9?9*9?9?9?9?9?9?9*9*_?9*9*9?9?9,31.9,27.6,78,100149,9999,9999,464,0,0,0,999900,999900,999900,99990,70,0.0,8,8,999.0,999,9,'999999999,0,0.0000,0,88,999.000,0.0,1.0
2056/8/14,23:00,?9?9?9?9E0?9?9?9?9*9?9*9?9?9?9?9?9?9*9*_?9*9*9?9?9,31.7,28.5,83,100249,9999,9999,464,0,0,0,999900,999900,999900,99990,70,0.0,8,8,999.0,999,9,'999999999,0,0.0000,0,88,999.000,0.0,1.0
2056/8/14,24:00,?9?9?9?9E0?9?9?9?9*9?9*9?9?9?9?9?9?9*9*_?9*9*9?9?9,31.6,29.0,86,100249,9999,9999,464,0,0,0,999900,999900,999900,99990,230,0.0,8,8,999.0,999,9,'999999999,0,0.0000,0,88,999.000,0.0,1.0
2056/8/15,01:00,?9?9?9?9E0?9?9?9?9*9?9*9?9?9?9?9?9?9*9*_?9*9*9?9?9,31.6,29.4,88,100249,9999,9999,465,0,0,0,999900,999900,999900,99990,230,0.0,8,8,999.0,999,9,'999999999,0,0.0000,0,88,999.000,0.0,1.0
2056/8/15,02:00,?9?9?9?9E0?9?9?9?9*9?9*9?9?9?9?9?9?9*9*_?9*9*9?9?9,31.2,29.6,91,100249,9999,9999,463,0,0,0,999900,999900,999900,99990,230,0.3,8,8,999.0,999,9,'999999999,0,0.0000,0,88,999.000,0.0,1.0
2056/8/15,03:00,?9?9?9?9E0?9?9?9?9*9?9*9?9?9?9?9?9?9*9*_?9*9*9?9?9,30.7,27.9,85,100249,9999,9999,457,0,0,0,999900,999900,999900,99990,90,2.0,8,8,999.0,999,9,'999999999,0,0.0000,0,88,999.000,0.0,1.0
2056/8/15,04:00,?9?9?9?9E0?9?9?9?9*9?9*9?9?9?9?9?9?9*9*_?9*9*9?9?9,28.3,26.5,90,100149,9999,9999,441,0,0,0,999900,999900,999900,99990,230,1.9,8,8,999.0,999,9,'999999999,0,0.0000,0,88,999.000,0.0,1.0
2056/8/15,05:00,?9?9?9?9E0?9?9?9?9*9?9*9?9?9?9?9?9?9*9*_?9*9*9?9?9,28.1,26.1,89,100149,9999,9999,440,0,0,0,999900,999900,999900,99990,240,2.0,8,8,999.0,999,9,'999999999,0,0.0000,0,88,999.000,0.0,1.0
2056/8/15,06:00,?9?9?9?9E0?9?9?9?9*9?9*9?9?9?9?9?9?9*9*_?9*9*9?9?9,28.1,26.3,90,100249,9999,9999,440,0,0,0,999900,999900,999900,99990,140,1.5,8,8,999.0,999,9,'999999999,0,0.0000,0,88,999.000,0.0,1.0
2056/8/15,07:00,?9?9?9?9E0?9?9?9?9*9?9*9?9?9?9?9?9?9*9*_?9*9*9?9?9,27.9,25.9,89,100249,9999,9999,438,34,14,32,999900,999900,999900,99990,140,1.5,8,8,999.0,999,9,'999999999,0,0.0000,0,88,999.000,0.0,1.0
2056/8/15,08:00,?9?9?9?9E0?9?9?9?9*9?9*9?9?9?9?9?9?9*9*_?9*9*9?9?9,28.7,26.3,87,100349,9999,9999,443,166,49,148,999900,999900,999900,99990,230,1.1,8,8,999.0,999,9,'999999999,0,0.0000,0,88,999.000,0.0,1.0
2056/8/15,09:00,?9?9?9?9E0?9?9?9?9*9?9*9?9?9?9?9?9?9*9*_?9*9*9?9?9,30.2,26.4,80,100349,9999,9999,452,328,94,273,999900,999900,999900,99990,250,1.2,8,8,999.0,999,9,'999999999,0,0.0000,0,88,999.000,0.0,1.0
2056/8/15,10:00,?9?9?9?9E0?9?9?9?9*9?9*9?9?9?9?9?9?9*9*_?9*9*9?9?9,30.3,26.3,79,100449,9999,9999,462,418,82,355,999900,999900,999900,99990,250,0.8,9,9,999.0,999,9,'999999999,0,0.0000,0,88,999.000,0.0,1.0
2056/8/15,11:00,?9?9?9?9E0?9?9?9?9*9?9*9?9?9?9?9?9?9*9*_?9*9*9?9?9,30.4,26.4,79,100449,9999,9999,463,503,82,429,999900,999900,999900,99990,260,0.8,9,9,999.0,999,9,'999999999,0,0.0000,0,88,999.000,0.0,1.0
2056/8/15,12:00,?9?9?9?9E0?9?9?9?9*9?9*9?9?9?9?9?9?9*9*_?9*9*9?9?9,30.9,25.7,74,100449,9999,9999,465,567,82,486,999900,999900,999900,99990,250,1.0,9,9,999.0,999,9,'999999999,0,0.0000,0,88,999.000,0.0,1.0
2056/8/15,13:00,?9?9?9?9E0?9?9?9?9*9?9*9?9?9?9?9?9?9*9*_?9*9*9?9?9,31.5,24.1,65,100449,9999,9999,480,480,43,437,999900,999900,999900,99990,250,1.1,10,10,999.0,999,9,'999999999,0,0.0000,0,88,999.000,0.0,1.0
2056/8/15,14:00,?9?9?9?9E0?9?9?9?9*9?9*9?9?9?9?9?9?9*9*_?9*9*9?9?9,31.8,24.2,64,100349,9999,9999,482,447,43,406,999900,999900,999900,99990,250,1.0,10,10,999.0,999,9,'999999999,0,0.0000,0,88,999.000,0.0,1.0
2056/8/15,15:00,?9?9?9?9E0?9?9?9?9*9?9*9?9?9?9?9?9?9*9*_?9*9*9?9?9,32.6,24.7,63,100249,9999,9999,488,387,45,349,999900,999900,999900,99990,340,1.1,10,10,999.0,999,9,'999999999,0,0.0000,0,88,999.000,0.0,1.0
2056/8/15,16:00,?9?9?9?9E0?9?9?9?9*9?9*9?9?9?9?9?9?9*9*_?9*9*9?9?9,33.4,24.3,59,100149,9999,9999,479,341,64,298,999900,999900,999900,99990,270,0.8,9,9,999.0,999,9,'999999999,0,0.0000,0,88,999.000,0.0,1.0
2056/8/15,17:00,?9?9?9?9E0?9?9?9?9*9?9*9?9?9?9?9?9?9*9*_?9*9*9?9?9,33.1,24.9,62,100149,9999,9999,478,212,48,190,999900,999900,999900,99990,290,1.0,9,9,999.0,999,9,'999999999,0,0.0000,0,88,999.000,0.0,1.0
2056/8/15,18:00,?9?9?9?9E0?9?9?9?9*9?9*9?9?9?9?9?9?9*9*_?9*9*9?9?9,32.6,26.7,71,100149,9999,9999,477,74,18,70,999900,999900,999900,99990,290,0.7,9,9,999.0,999,9,'999999999,0,0.0000,0,88,999.000,0.0,1.0
2056/8/15,19:00,?9?9?9?9E0?9?9?9?9*9?9*9?9?9?9?9?9?9*9*_?9*9*9?9?9,31.2,26.9,78,100149,9999,9999,459,6,0,6,999900,999900,999900,99990,290,0.0,8,8,999.0,999,9,'999999999,0,0.0000,0,88,999.000,0.0,1.0
2056/8/15,20:00,?9?9?9?9E0?9?9?9?9*9?9*9?9?9?9?9?9?9*9*_?9*9*9?9?9,30.2,27.0,83,100249,9999,9999,453,0,0,0,999900,999900,999900,99990,290,0.0,8,8,999.0,999,9,'999999999,0,0.0000,0,88,999.000,0.0,1.0
2056/8/15,21:00,?9?9?9?9E0?9?9?9?9*9?9*9?9?9?9?9?9?9*9*_?9*9*9?9?9,29.7,26.9,85,100349,9999,9999,450,0,0,0,999900,999900,999900,99990,160,0.2,8,8,999.0,999,9,'999999999,0,0.0000,0,88,999.000,0.0,1.0
2056/8/15,22:00,?9?9?9?9E0?9?9?9?9*9?9*9?9?9?9?9?9?9*9*_?9*9*9?9?9,30.0,27.0,84,100449,9999,9999,452,0,0,0,999900,999900,999900,99990,160,0.5,8,8,999.0,999,9,'999999999,0,0.0000,0,88,999.000,0.0,1.0
2056/8/15,23:00,?9?9?9?9E0?9?9?9?9*9?9*9?9?9?9?9?9?9*9*_?9*9*9?9?9,29.7,27.1,86,100449,9999,9999,450,0,0,0,999900,999900,999900,99990,210,0.6,8,8,999.0,999,9,'999999999,0,0.0000,0,88,999.000,0.0,1.0
2056/8/15,24:00,?9?9?9?9E0?9?9?9?9*9?9*9?9?9?9?9?9?9*9*_?9*9*9?9?9,29.6,27.6,89,100449,9999,9999,450,0,0,0,999900,999900,999900,99990,180,0.2,8,8,999.0,999,9,'999999999,0,0.0000,0,88,999.000,0.0,1.0
2056/8/16,01:00,?9?9?9?9E0?9?9?9?9*9?9*9?9?9?9?9?9?9*9*_?9*9*9?9?9,29.5,27.5,89,100449,9999,9999,450,0,0,0,999900,999900,999900,99990,180,0.4,8,8,999.0,999,9,'999999999,0,0.0000,0,88,999.000,0.0,1.0
2056/8/16,02:00,?9?9?9?9E0?9?9?9?9*9?9*9?9?9?9?9?9?9*9*_?9*9*9?9?9,29.4,27.2,88,100349,9999,9999,449,0,0,0,999900,999900,999900,99990,230,0.4,8,8,999.0,999,9,'999999999,0,0.0000,0,88,999.000,0.0,1.0
2056/8/16,03:00,?9?9?9?9E0?9?9?9?9*9?9*9?9?9?9?9?9?9*9*_?9*9*9?9?9,29.2,27.8,92,100349,9999,9999,448,0,0,0,999900,999900,999900,99990,230,0.8,8,8,999.0,999,9,'999999999,0,0.0000,0,88,999.000,0.0,1.0
2056/8/16,04:00,?9?9?9?9E0?9?9?9?9*9?9*9?9?9?9?9?9?9*9*_?9*9*9?9?9,29.2,27.6,91,100349,9999,9999,448,0,0,0,999900,999900,999900,99990,200,0.4,8,8,999.0,999,9,'999999999,0,0.0000,0,88,999.000,0.0,1.0
2056/8/16,05:00,?9?9?9?9E0?9?9?9?9*9?9*9?9?9?9?9?9?9*9*_?9*9*9?9?9,29.1,26.9,88,100349,9999,9999,446,0,0,0,999900,999900,999900,99990,200,0.5,8,8,999.0,999,9,'999999999,0,0.0000,0,88,999.000,0.0,1.0
2056/8/16,06:00,?9?9?9?9E0?9?9?9?9*9?9*9?9?9?9?9?9?9*9*_?9*9*9?9?9,29.1,27.5,91,100349,9999,9999,447,0,0,0,999900,999900,999900,99990,230,0.7,8,8,999.0,999,9,'999999999,0,0.0000,0,88,999.000,0.0,1.0
2056/8/16,07:00,?9?9?9?9E0?9?9?9?9*9?9*9?9?9?9?9?9?9*9*_?9*9*9?9?9,29.0,27.4,91,100349,9999,9999,427,63,104,51,999900,999900,999900,99990,240,1.0,4,4,999.0,999,9,'999999999,0,0.0000,0,88,999.000,0.0,1.0
2056/8/16,08:00,?9?9?9?9E0?9?9?9?9*9?9*9?9?9?9?9?9?9*9*_?9*9*9?9?9,28.7,26.5,88,100449,9999,9999,421,262,267,165,999900,999900,999900,99990,280,0.9,3,3,999.0,999,9,'999999999,0,0.0000,0,88,999.000,0.0,1.0
2056/8/16,09:00,?9?9?9?9E0?9?9?9?9*9?9*9?9?9?9?9?9?9*9*_?9*9*9?9?9,28.7,26.3,87,100549,9999,9999,436,364,157,272,999900,999900,999900,99990,340,0.0,7,7,999.0,999,9,'999999999,0,0.0000,0,88,999.000,0.0,1.0
2056/8/16,10:00,?9?9?9?9E0?9?9?9?9*9?9*9?9?9?9?9?9?9*9*_?9*9*9?9?9,28.9,25.9,84,100549,9999,9999,466,340,47,304,999900,999900,999900,99990,340,0.4,10,10,999.0,999,9,'999999999,0,0.0000,0,88,999.000,0.0,1.0
2056/8/16,11:00,?9?9?9?9E0?9?9?9?9*9?9*9?9?9?9?9?9?9*9*_?9*9*9?9?9,29.2,25.6,81,100549,9999,9999,468,412,44,372,999900,999900,999900,99990,340,0.3,10,10,999.0,999,9,'999999999,0,0.0000,0,88,999.000,0.0,1.0
2056/8/16,12:00,?9?9?9?9E0?9?9?9?9*9?9*9?9?9?9?9?9?9*9*_?9*9*9?9?9,29.8,24.7,74,100549,9999,9999,470,465,54,412,999900,999900,999900,99990,340,0.3,10,10,999.0,999,9,'999999999,0,0.0000,0,88,999.000,0.0,1.0
2056/8/16,13:00,?9?9?9?9E0?9?9?9?9*9?9*9?9?9?9?9?9?9*9*_?9*9*9?9?9,30.6,25.0,72,100449,9999,9999,433,863,404,460,999900,999900,999900,99990,340,0.2,4,4,999.0,999,9,'999999999,0,0.0000,0,88,999.000,0.0,1.0
2056/8/16,14:00,?9?9?9?9E0?9?9?9?9*9?9*9?9?9?9?9?9?9*9*_?9*9*9?9?9,30.9,25.0,71,100449,9999,9999,438,774,374,420,999900,999900,999900,99990,340,0.2,5,5,999.0,999,9,'999999999,0,0.0000,0,88,999.000,0.0,1.0
2056/8/16,15:00,?9?9?9?9E0?9?9?9?9*9?9*9?9?9?9?9?9?9*9*_?9*9*9?9?9,31.4,24.8,68,100349,9999,9999,457,523,155,393,999900,999900,999900,99990,340,0.2,8,8,999.0,999,9,'999999999,0,0.0000,0,88,999.000,0.0,1.0
2056/8/16,16:00,?9?9?9?9E0?9?9?9?9*9?9*9?9?9?9?9?9?9*9*_?9*9*9?9?9,32.5,23.2,58,100349,9999,9999,472,342,78,289,999900,999900,999900,99990,340,0.6,9,9,999.0,999,9,'999999999,0,0.0000,0,88,999.000,0.0,1.0
2056/8/16,17:00,?9?9?9?9E0?9?9?9?9*9?9*9?9?9?9?9?9?9*9*_?9*9*9?9?9,32.5,23.5,59,100249,9999,9999,472,213,59,185,999900,999900,999900,99990,330,0.4,9,9,999.0,999,9,'999999999,0,0.0000,0,88,999.000,0.0,1.0
2056/8/16,18:00,?9?9?9?9E0?9?9?9?9*9?9*9?9?9?9?9?9?9*9*_?9*9*9?9?9,32.1,25.0,66,100249,9999,9999,454,113,74,96,999900,999900,999900,99990,320,0.0,7,7,999.0,999,9,'999999999,0,0.0000,0,88,999.000,0.0,1.0
2056/8/16,19:00,?9?9?9?9E0?9?9?9?9*9?9*9?9?9?9?9?9?9*9*_?9*9*9?9?9,30.6,25.9,76,100249,9999,9999,442,10,0,10,999900,999900,999900,99990,320,0.0,6,6,999.0,999,9,'999999999,0,0.0000,0,88,999.000,0.0,1.0
2056/8/16,20:00,?9?9?9?9E0?9?9?9?9*9?9*9?9?9?9?9?9?9*9*_?9*9*9?9?9,29.8,27.0,85,100349,9999,9999,451,0,0,0,999900,999900,999900,99990,320,0.2,8,8,999.0,999,9,'999999999,0,0.0000,0,88,999.000,0.0,1.0
2056/8/16,21:00,?9?9?9?9E0?9?9?9?9*9?9*9?9?9?9?9?9?9*9*_?9*9*9?9?9,29.5,27.3,88,100449,9999,9999,433,0,0,0,999900,999900,999900,99990,190,0.3,5,5,999.0,999,9,'999999999,0,0.0000,0,88,999.000,0.0,1.0
2056/8/16,22:00,?9?9?9?9E0?9?9?9?9*9?9*9?9?9?9?9?9?9*9*_?9*9*9?9?9,29.4,27.8,91,100549,9999,9999,433,0,0,0,999900,999900,999900,99990,80,0.0,5,5,999.0,999,9,'999999999,0,0.0000,0,88,999.000,0.0,1.0
2056/8/16,23:00,?9?9?9?9E0?9?9?9?9*9?9*9?9?9?9?9?9?9*9*_?9*9*9?9?9,29.0,27.6,92,100549,9999,9999,431,0,0,0,999900,999900,999900,99990,80,0.0,5,5,999.0,999,9,'999999999,0,0.0000,0,88,999.000,0.0,1.0
2056/8/16,24:00,?9?9?9?9E0?9?9?9?9*9?9*9?9?9?9?9?9?9*9*_?9*9*9?9?9,28.7,27.7,94,100549,9999,9999,429,0,0,0,999900,999900,999900,99990,80,0.4,5,5,999.0,999,9,'999999999,0,0.0000,0,88,999.000,0.0,1.0
2056/8/17,01:00,?9?9?9?9E0?9?9?9?9*9?9*9?9?9?9?9?9?9*9*_?9*9*9?9?9,28.7,27.7,94,100549,9999,9999,429,0,0,0,999900,999900,999900,99990,80,0.3,5,5,999.0,999,9,'999999999,0,0.0000,0,88,999.000,0.0,1.0
2056/8/17,02:00,?9?9?9?9E0?9?9?9?9*9?9*9?9?9?9?9?9?9*9*_?9*9*9?9?9,28.7,27.5,93,100549,9999,9999,429,0,0,0,999900,999900,999900,99990,110,0.0,5,5,999.0,999,9,'999999999,0,0.0000,0,88,999.000,0.0,1.0
2056/8/17,03:00,?9?9?9?9E0?9?9?9?9*9?9*9?9?9?9?9?9?9*9*_?9*9*9?9?9,28.4,27.2,93,100449,9999,9999,427,0,0,0,999900,999900,999900,99990,180,0.3,5,5,999.0,999,9,'999999999,0,0.0000,0,88,999.000,0.0,1.0
2056/8/17,04:00,?9?9?9?9E0?9?9?9?9*9?9*9?9?9?9?9?9?9*9*_?9*9*9?9?9,28.0,27.0,94,100449,9999,9999,424,0,0,0,999900,999900,999900,99990,180,0.4,5,5,999.0,999,9,'999999999,0,0.0000,0,88,999.000,0.0,1.0
2056/8/17,05:00,?9?9?9?9E0?9?9?9?9*9?9*9?9?9?9?9?9?9*9*_?9*9*9?9?9,28.2,27.2,94,100449,9999,9999,426,0,0,0,999900,999900,999900,99990,180,0.0,5,5,999.0,999,9,'999999999,0,0.0000,0,88,999.000,0.0,1.0
2056/8/17,06:00,?9?9?9?9E0?9?9?9?9*9?9*9?9?9?9?9?9?9*9*_?9*9*9?9?9,28.4,27.4,94,100449,9999,9999,431,0,0,0,999900,999900,999900,99990,180,0.6,6,6,999.0,999,9,'999999999,0,0.0000,0,88,999.000,0.0,1.0
2056/8/17,07:00,?9?9?9?9E0?9?9?9?9*9?9*9?9?9?9?9?9?9*9*_?9*9*9?9?9,28.5,26.7,90,100549,9999,9999,443,32,22,29,999900,999900,999900,99990,180,0.7,8,8,999.0,999,9,'999999999,0,0.0000,0,88,999.000,0.0,1.0
2056/8/17,08:00,?9?9?9?9E0?9?9?9?9*9?9*9?9?9?9?9?9?9*9*_?9*9*9?9?9,29.2,26.0,83,100649,9999,9999,427,253,275,153,999900,999900,999900,99990,220,0.4,4,4,999.0,999,9,'999999999,0,0.0000,0,88,999.000,0.0,1.0
2056/8/17,09:00,?9?9?9?9E0?9?9?9?9*9?9*9?9?9?9?9?9?9*9*_?9*9*9?9?9,30.9,26.4,77,100649,9999,9999,433,485,498,194,999900,999900,999900,99990,220,0.8,3,3,999.0,999,9,'999999999,0,0.0000,0,88,999.000,0.0,1.0
2056/8/17,10:00,?9?9?9?9E0?9?9?9?9*9?9*9?9?9?9?9?9?9*9*_?9*9*9?9?9,32.6,25.9,68,100649,9999,9999,446,687,595,229,999900,999900,999900,99990,270,1.9,4,4,999.0,999,9,'999999999,0,0.0000,0,88,999.000,0.0,1.0
2056/8/17,11:00,?9?9?9?9E0?9?9?9?9*9?9*9?9?9?9?9?9?9*9*_?9*9*9?9?9,33.8,24.4,58,100649,9999,9999,455,803,574,284,999900,999900,999900,99990,270,0.7,5,5,999.0,999,9,'999999999,0,0.0000,0,88,999.000,0.0,1.0
2056/8/17,12:00,?9?9?9?9E0?9?9?9?9*9?9*9?9?9?9?9?9?9*9*_?9*9*9?9?9,34.6,24.3,55,100549,9999,9999,459,883,567,326,999900,999900,999900,99990,270,0.5,5,5,999.0,999,9,'999999999,0,0.0000,0,88,999.000,0.0,1.0
2056/8/17,13:00,?9?9?9?9E0?9?9?9?9*9?9*9?9?9?9?9?9?9*9*_?9*9*9?9?9,35.7,23.0,48,100549,9999,9999,468,846,465,382,999900,999900,999900,99990,280,0.7,6,6,999.0,999,9,'999999999,0,0.0000,0,88,999.000,0.0,1.0
2056/8/17,14:00,?9?9?9?9E0?9?9?9?9*9?9*9?9?9?9?9?9?9*9*_?9*9*9?9?9,33.8,26.6,66,100449,9999,9999,467,694,311,399,999900,999900,999900,99990,340,1.1,7,7,999.0,999,9,'999999999,0,0.0000,0,88,999.000,0.0,1.0
2056/8/17,15:00,?9?9?9?9E0?9?9?9?9*9?9*9?9?9?9?9?9?9*9*_?9*9*9?9?9,34.2,26.7,65,100349,9999,9999,470,607,316,343,999900,999900,999900,99990,340,1.0,7,7,999.0,999,9,'999999999,0,0.0000,0,88,999.000,0.0,1.0
2056/8/17,16:00,?9?9?9?9E0?9?9?9?9*9?9*9?9?9?9?9?9?9*9*_?9*9*9?9?9,33.8,27.1,68,100249,9999,9999,458,523,396,256,999900,999900,999900,99990,70,1.1,5,5,999.0,999,9,'999999999,0,0.0000,0,88,999.000,0.0,1.0
2056/8/17,17:00,?9?9?9?9E0?9?9?9?9*9?9*9?9?9?9?9?9?9*9*_?9*9*9?9?9,32.3,27.8,77,100249,9999,9999,454,299,227,193,999900,999900,999900,99990,70,1.0,6,6,999.0,999,9,'999999999,0,0.0000,0,88,999.000,0.0,1.0
2056/8/17,18:00,?9?9?9?9E0?9?9?9?9*9?9*9?9?9?9?9?9?9*9*_?9*9*9?9?9,31.4,28.0,82,100249,9999,9999,454,106,76,88,999900,999900,999900,99990,140,1.3,7,7,999.0,999,9,'999999999,0,0.0000,0,88,999.000,0.0,1.0
2056/8/17,19:00,?9?9?9?9E0?9?9?9?9*9?9*9?9?9?9?9?9?9*9*_?9*9*9?9?9,30.9,28.1,85,100349,9999,9999,459,5,0,5,999900,999900,999900,99990,70,1.2,8,8,999.0,999,9,'999999999,0,0.0000,0,88,999.000,0.0,1.0
2056/8/17,20:00,?9?9?9?9E0?9?9?9?9*9?9*9?9?9?9?9?9?9*9*_?9*9*9?9?9,30.3,27.3,84,100449,9999,9999,464,0,0,0,999900,999900,999900,99990,70,1.3,9,9,999.0,999,9,'999999999,0,0.0000,0,88,999.000,0.0,1.0
2056/8/17,21:00,?9?9?9?9E0?9?9?9?9*9?9*9?9?9?9?9?9?9*9*_?9*9*9?9?9,27.6,26.4,93,100549,9999,9999,446,0,0,0,999900,999900,999900,99990,260,1.0,9,9,999.0,999,9,'999999999,0,0.0000,0,88,999.000,0.7,1.0
2056/8/17,22:00,?9?9?9?9E0?9?9?9?9*9?9*9?9?9?9?9?9?9*9*_?9*9*9?9?9,27.4,25.8,91,100649,9999,9999,444,0,0,0,999900,999900,999900,99990,320,0.4,9,9,999.0,999,9,'999999999,0,0.0000,0,88,999.000,0.0,1.0
2056/8/17,23:00,?9?9?9?9E0?9?9?9?9*9?9*9?9?9?9?9?9?9*9*_?9*9*9?9?9,27.2,25.4,90,100649,9999,9999,443,0,0,0,999900,999900,999900,99990,270,0.9,9,9,999.0,999,9,'999999999,0,0.0000,0,88,999.000,0.0,1.0
2056/8/17,24:00,?9?9?9?9E0?9?9?9?9*9?9*9?9?9?9?9?9?9*9*_?9*9*9?9?9,27.0,25.4,91,100649,9999,9999,432,0,0,0,999900,999900,999900,99990,330,0.3,8,8,999.0,999,9,'999999999,0,0.0000,0,88,999.000,0.0,1.0
2056/8/18,01:00,?9?9?9?9E0?9?9?9?9*9?9*9?9?9?9?9?9?9*9*_?9*9*9?9?9,27.0,25.1,89,100649,9999,9999,425,0,0,0,999900,999900,999900,99990,280,0.2,7,7,999.0,999,9,'999999999,0,0.0000,0,88,999.000,0.0,1.0
2056/8/18,02:00,?9?9?9?9E0?9?9?9?9*9?9*9?9?9?9?9?9?9*9*_?9*9*9?9?9,27.0,25.4,91,100549,9999,9999,425,0,0,0,999900,999900,999900,99990,290,1.0,7,7,999.0,999,9,'999999999,0,0.0000,0,88,999.000,0.0,1.0
2056/8/18,03:00,?9?9?9?9E0?9?9?9?9*9?9*9?9?9?9?9?9?9*9*_?9*9*9?9?9,26.9,25.5,92,100549,9999,9999,420,0,0,0,999900,999900,999900,99990,340,0.3,6,6,999.0,999,9,'999999999,0,0.0000,0,88,999.000,0.0,1.0
2056/8/18,04:00,?9?9?9?9E0?9?9?9?9*9?9*9?9?9?9?9?9?9*9*_?9*9*9?9?9,26.8,25.4,92,100449,9999,9999,419,0,0,0,999900,999900,999900,99990,240,0.4,6,6,999.0,999,9,'999999999,0,0.0000,0,88,999.000,0.0,1.0
2056/8/18,05:00,?9?9?9?9E0?9?9?9?9*9?9*9?9?9?9?9?9?9*9*_?9*9*9?9?9,26.7,25.3,92,100449,9999,9999,419,0,0,0,999900,999900,999900,99990,240,0.6,6,6,999.0,999,9,'999999999,0,0.0000,0,88,999.000,0.0,1.0
2056/8/18,06:00,?9?9?9?9E0?9?9?9?9*9?9*9?9?9?9?9?9?9*9*_?9*9*9?9?9,26.5,25.1,92,100449,9999,9999,417,0,0,0,999900,999900,999900,99990,290,0.7,6,6,999.0,999,9,'999999999,0,0.0000,0,88,999.000,0.0,1.0
2056/8/18,07:00,?9?9?9?9E0?9?9?9?9*9?9*9?9?9?9?9?9?9*9*_?9*9*9?9?9,26.8,25.2,91,100449,9999,9999,419,50,52,44,999900,999900,999900,99990,240,0.7,6,6,999.0,999,9,'999999999,0,0.0000,0,88,999.000,0.0,1.0
2056/8/18,08:00,?9?9?9?9E0?9?9?9?9*9?9*9?9?9?9?9?9?9*9*_?9*9*9?9?9,29.2,26.2,84,100449,9999,9999,434,215,149,161,999900,999900,999900,99990,240,0.9,6,6,999.0,999,9,'999999999,0,0.0000,0,88,999.000,0.0,1.0
2056/8/18,09:00,?9?9?9?9E0?9?9?9?9*9?9*9?9?9?9?9?9?9*9*_?9*9*9?9?9,29.7,24.8,75,100549,9999,9999,435,414,270,256,999900,999900,999900,99990,320,0.6,6,6,999.0,999,9,'999999999,0,0.0000,0,88,999.000,0.0,1.0
2056/8/18,10:00,?9?9?9?9E0?9?9?9?9*9?9*9?9?9?9?9?9?9*9*_?9*9*9?9?9,31.4,24.5,67,100649,9999,9999,450,562,294,336,999900,999900,999900,99990,280,0.3,7,7,999.0,999,9,'999999999,0,0.0000,0,88,999.000,0.0,1.0
2056/8/18,11:00,?9?9?9?9E0?9?9?9?9*9?9*9?9?9?9?9?9?9*9*_?9*9*9?9?9,32.4,25.0,65,100649,9999,9999,456,681,307,403,999900,999900,999900,99990,280,0.1,7,7,999.0,999,9,'999999999,0,0.0000,0,88,999.000,0.0,1.0
2056/8/18,12:00,?9?9?9?9E0?9?9?9?9*9?9*9?9?9?9?9?9?9*9*_?9*9*9?9?9,33.6,25.3,62,100549,9999,9999,464,743,288,460,999900,999900,999900,99990,280,0.2,7,7,999.0,999,9,'999999999,0,0.0000,0,88,999.000,0.0,1.0
2056/8/18,13:00,?9?9?9?9E0?9?9?9?9*9?9*9?9?9?9?9?9?9*9*_?9*9*9?9?9,33.4,25.1,62,100549,9999,9999,470,666,184,482,999900,999900,999900,99990,280,0.5,8,8,999.0,999,9,'999999999,0,0.0000,0,88,999.000,0.0,1.0
2056/8/18,14:00,?9?9?9?9E0?9?9?9?9*9?9*9?9?9?9?9?9?9*9*_?9*9*9?9?9,33.7,25.7,63,100449,9999,9999,472,625,184,450,999900,999900,999900,99990,140,1.0,8,8,999.0,999,9,'999999999,0,0.0000,0,88,999.000,0.0,1.0
2056/8/18,15:00,?9?9?9?9E0?9?9?9?9*9?9*9?9?9?9?9?9?9*9*_?9*9*9?9?9,33.4,26.4,67,100349,9999,9999,472,537,182,384,999900,999900,999900,99990,140,0.9,8,8,999.0,999,9,'999999999,0,0.0000,0,88,999.000,0.0,1.0
2056/8/18,16:00,?9?9?9?9E0?9?9?9?9*9?9*9?9?9?9?9?9?9*9*_?9*9*9?9?9,33.0,26.1,67,100249,9999,9999,461,439,203,302,999900,999900,999900,99990,90,1.0,7,7,999.0,999,9,'999999999,0,0.0000,0,88,999.000,0.0,1.0
2056/8/18,17:00,?9?9?9?9E0?9?9?9?9*9?9*9?9?9?9?9?9?9*9*_?9*9*9?9?9,32.3,26.4,71,100249,9999,9999,458,277,160,203,999900,999900,999900,99990,90,0.9,7,7,999.0,999,9,'999999999,0,0.0000,0,88,999.000,0.0,1.0
2056/8/18,18:00,?9?9?9?9E0?9?9?9?9*9?9*9?9?9?9?9?9?9*9*_?9*9*9?9?9,31.4,26.9,77,100149,9999,9999,448,121,111,95,999900,999900,999900,99990,140,0.6,6,6,999.0,999,9,'999999999,0,0.0000,0,88,999.000,0.0,1.0
2056/8/18,19:00,?9?9?9?9E0?9?9?9?9*9?9*9?9?9?9?9?9?9*9*_?9*9*9?9?9,30.5,26.9,81,100249,9999,9999,432,10,0,10,999900,999900,999900,99990,110,0.5,3,3,999.0,999,9,'999999999,0,0.0000,0,88,999.000,0.0,1.0
2056/8/18,20:00,?9?9?9?9E0?9?9?9?9*9?9*9?9?9?9?9?9?9*9*_?9*9*9?9?9,30.4,27.2,83,100349,9999,9999,432,0,0,0,999900,999900,999900,99990,120,0.6,3,3,999.0,999,9,'999999999,0,0.0000,0,88,999.000,0.0,1.0
2056/8/18,21:00,?9?9?9?9E0?9?9?9?9*9?9*9?9?9?9?9?9?9*9*_?9*9*9?9?9,30.0,27.2,85,100349,9999,9999,429,0,0,0,999900,999900,999900,99990,140,0.3,3,3,999.0,999,9,'999999999,0,0.0000,0,88,999.000,0.0,1.0
2056/8/18,22:00,?9?9?9?9E0?9?9?9?9*9?9*9?9?9?9?9?9?9*9*_?9*9*9?9?9,30.0,27.4,86,100449,9999,9999,433,0,0,0,999900,999900,999900,99990,170,0.4,4,4,999.0,999,9,'999999999,0,0.0000,0,88,999.000,0.0,1.0
2056/8/18,23:00,?9?9?9?9E0?9?9?9?9*9?9*9?9?9?9?9?9?9*9*_?9*9*9?9?9,29.9,27.5,87,100449,9999,9999,440,0,0,0,999900,999900,999900,99990,100,0.3,6,6,999.0,999,9,'999999999,0,0.0000,0,88,999.000,0.0,1.0
2056/8/18,24:00,?9?9?9?9E0?9?9?9?9*9?9*9?9?9?9?9?9?9*9*_?9*9*9?9?9,29.6,27.4,88,100449,9999,9999,443,0,0,0,999900,999900,999900,99990,100,0.3,7,7,999.0,999,9,'999999999,0,0.0000,0,88,999.000,0.0,1.0
2056/8/19,01:00,?9?9?9?9E0?9?9?9?9*9?9*9?9?9?9?9?9?9*9*_?9*9*9?9?9,29.6,27.6,89,100449,9999,9999,443,0,0,0,999900,999900,999900,99990,140,0.3,7,7,999.0,999,9,'999999999,0,0.0000,0,88,999.000,0.0,1.0
2056/8/19,02:00,?9?9?9?9E0?9?9?9?9*9?9*9?9?9?9?9?9?9*9*_?9*9*9?9?9,29.4,27.6,90,100449,9999,9999,442,0,0,0,999900,999900,999900,99990,150,0.0,7,7,999.0,999,9,'999999999,0,0.0000,0,88,999.000,0.0,1.0
2056/8/19,03:00,?9?9?9?9E0?9?9?9?9*9?9*9?9?9?9?9?9?9*9*_?9*9*9?9?9,29.3,27.5,90,100349,9999,9999,436,0,0,0,999900,999900,999900,99990,200,0.3,6,6,999.0,999,9,'999999999,0,0.0000,0,88,999.000,0.0,1.0
2056/8/19,04:00,?9?9?9?9E0?9?9?9?9*9?9*9?9?9?9?9?9?9*9*_?9*9*9?9?9,29.0,27.2,90,100349,9999,9999,424,0,0,0,999900,999900,999900,99990,200,0.0,3,3,999.0,999,9,'999999999,0,0.0000,0,88,999.000,0.0,1.0
2056/8/19,05:00,?9?9?9?9E0?9?9?9?9*9?9*9?9?9?9?9?9?9*9*_?9*9*9?9?9,29.0,27.2,90,100349,9999,9999,430,0,0,0,999900,999900,999900,99990,200,0.0,5,5,999.0,999,9,'999999999,0,0.0000,0,88,999.000,0.0,1.0
2056/8/19,06:00,?9?9?9?9E0?9?9?9?9*9?9*9?9?9?9?9?9?9*9*_?9*9*9?9?9,29.0,27.2,90,100449,9999,9999,439,0,0,0,999900,999900,999900,99990,200,1.0,7,7,999.0,999,9,'999999999,0,0.0000,0,88,999.000,0.0,1.0
2056/8/19,07:00,?9?9?9?9E0?9?9?9?9*9?9*9?9?9?9?9?9?9*9*_?9*9*9?9?9,27.7,26.3,92,100449,9999,9999,447,22,6,21,999900,999900,999900,99990,240,0.0,9,9,999.0,999,9,'999999999,0,0.0000,0,88,999.000,1.6,1.0
2056/8/19,08:00,?9?9?9?9E0?9?9?9?9*9?9*9?9?9?9?9?9?9*9*_?9*9*9?9?9,28.4,27.0,92,100449,9999,9999,452,129,23,121,999900,999900,999900,99990,240,0.0,9,9,999.0,999,9,'999999999,0,0.0000,0,88,999.000,0.0,1.0
2056/8/19,09:00,?9?9?9?9E0?9?9?9?9*9?9*9?9?9?9?9?9?9*9*_?9*9*9?9?9,29.3,28.2,94,100449,9999,9999,459,254,42,230,999900,999900,999900,99990,240,0.6,9,9,999.0,999,9,'999999999,0,0.0000,0,88,999.000,0.0,1.0
2056/8/19,10:00,?9?9?9?9E0?9?9?9?9*9?9*9?9?9?9?9?9?9*9*_?9*9*9?9?9,29.7,26.7,84,100449,9999,9999,459,404,73,348,999900,999900,999900,99990,240,0.1,9,9,999.0,999,9,'999999999,0,0.0000,0,88,999.000,0.0,1.0
2056/8/19,11:00,?9?9?9?9E0?9?9?9?9*9?9*9?9?9?9?9?9?9*9*_?9*9*9?9?9,30.2,26.2,79,100449,9999,9999,462,500,83,425,999900,999900,999900,99990,240,0.1,9,9,999.0,999,9,'999999999,0,0.0000,0,88,999.000,0.0,1.0
2056/8/19,12:00,?9?9?9?9E0?9?9?9?9*9?9*9?9?9?9?9?9?9*9*_?9*9*9?9?9,31.7,25.8,71,100449,9999,9999,470,564,91,474,999900,999900,999900,99990,240,0.5,9,9,999.0,999,9,'999999999,0,0.0000,0,88,999.000,0.0,1.0
2056/8/19,13:00,?9?9?9?9E0?9?9?9?9*9?9*9?9?9?9?9?9?9*9*_?9*9*9?9?9,32.6,24.9,64,100349,9999,9999,465,651,141,511,999900,999900,999900,99990,240,0.2,8,8,999.0,999,9,'999999999,0,0.0000,0,88,999.000,0.0,1.0
2056/8/19,14:00,?9?9?9?9E0?9?9?9?9*9?9*9?9?9?9?9?9?9*9*_?9*9*9?9?9,34.1,24.4,57,100249,9999,9999,473,626,163,472,999900,999900,999900,99990,240,0.4,8,8,999.0,999,9,'999999999,0,0.0000,0,88,999.000,0.0,1.0
2056/8/19,15:00,?9?9?9?9E0?9?9?9?9*9?9*9?9?9?9?9?9?9*9*_?9*9*9?9?9,34.6,27.3,66,100249,9999,9999,480,524,145,403,999900,999900,999900,99990,320,0.9,8,8,999.0,999,9,'999999999,0,0.0000,0,88,999.000,0.0,1.0
2056/8/19,16:00,?9?9?9?9E0?9?9?9?9*9?9*9?9?9?9?9?9?9*9*_?9*9*9?9?9,33.6,26.9,68,100149,9999,9999,474,379,108,307,999900,999900,999900,99990,140,0.5,8,8,999.0,999,9,'999999999,0,0.0000,0,88,999.000,0.0,1.0
2056/8/19,17:00,?9?9?9?9E0?9?9?9?9*9?9*9?9?9?9?9?9?9*9*_?9*9*9?9?9,32.8,27.1,72,100149,9999,9999,469,239,81,201,999900,999900,999900,99990,150,0.7,8,8,999.0,999,9,'999999999,0,0.0000,0,88,999.000,0.0,1.0
2056/8/19,18:00,?9?9?9?9E0?9?9?9?9*9?9*9?9?9?9?9?9?9*9*_?9*9*9?9?9,31.7,27.4,78,100049,9999,9999,463,89,35,81,999900,999900,999900,99990,230,0.5,8,8,999.0,999,9,'999999999,0,0.0000,0,88,999.000,0.0,1.0
2056/8/19,19:00,?9?9?9?9E0?9?9?9?9*9?9*9?9?9?9?9?9?9*9*_?9*9*9?9?9,30.7,27.3,82,100149,9999,9999,456,4,0,4,999900,999900,999900,99990,140,0.7,8,8,999.0,999,9,'999999999,0,0.0000,0,88,999.000,0.0,1.0
2056/8/19,20:00,?9?9?9?9E0?9?9?9?9*9?9*9?9?9?9?9?9?9*9*_?9*9*9?9?9,30.5,27.5,84,100249,9999,9999,448,0,0,0,999900,999900,999900,99990,160,0.8,7,7,999.0,999,9,'999999999,0,0.0000,0,88,999.000,0.0,1.0
2056/8/19,21:00,?9?9?9?9E0?9?9?9?9*9?9*9?9?9?9?9?9?9*9*_?9*9*9?9?9,30.2,27.4,85,100249,9999,9999,441,0,0,0,999900,999900,999900,99990,140,1.0,6,6,999.0,999,9,'999999999,0,0.0000,0,88,999.000,0.0,1.0
2056/8/19,22:00,?9?9?9?9E0?9?9?9?9*9?9*9?9?9?9?9?9?9*9*_?9*9*9?9?9,27.6,26.0,91,100349,9999,9999,425,0,0,0,999900,999900,999900,99990,270,0.6,6,6,999.0,999,9,'999999999,0,0.0000,0,88,999.000,1.1,1.0
2056/8/19,23:00,?9?9?9?9E0?9?9?9?9*9?9*9?9?9?9?9?9?9*9*_?9*9*9?9?9,26.8,25.2,91,100449,9999,9999,431,0,0,0,999900,999900,999900,99990,240,0.0,8,8,999.0,999,9,'999999999,0,0.0000,0,88,999.000,0.3,1.0
2056/8/19,24:00,?9?9?9?9E0?9?9?9?9*9?9*9?9?9?9?9?9?9*9*_?9*9*9?9?9,26.8,25.4,92,100449,9999,9999,440,0,0,0,999900,999900,999900,99990,110,0.0,9,9,999.0,999,9,'999999999,0,0.0000,0,88,999.000,1.3,1.0
2056/8/20,01:00,?9?9?9?9E0?9?9?9?9*9?9*9?9?9?9?9?9?9*9*_?9*9*9?9?9,26.4,25.0,92,100449,9999,9999,437,0,0,0,999900,999900,999900,99990,160,0.5,9,9,999.0,999,9,'999999999,0,0.0000,0,88,999.000,0.9,1.0
2056/8/20,02:00,?9?9?9?9E0?9?9?9?9*9?9*9?9?9?9?9?9?9*9*_?9*9*9?9?9,26.4,25.0,92,100449,9999,9999,437,0,0,0,999900,999900,999900,99990,170,0.0,9,9,999.0,999,9,'999999999,0,0.0000,0,88,999.000,0.1,1.0
2056/8/20,03:00,?9?9?9?9E0?9?9?9?9*9?9*9?9?9?9?9?9?9*9*_?9*9*9?9?9,26.5,25.1,92,100349,9999,9999,438,0,0,0,999900,999900,999900,99990,230,0.7,9,9,999.0,999,9,'999999999,0,0.0000,0,88,999.000,0.0,1.0
2056/8/20,04:00,?9?9?9?9E0?9?9?9?9*9?9*9?9?9?9?9?9?9*9*_?9*9*9?9?9,26.3,24.7,91,100349,9999,9999,437,0,0,0,999900,999900,999900,99990,190,1.1,9,9,999.0,999,9,'999999999,0,0.0000,0,88,999.000,0.0,1.0
2056/8/20,05:00,?9?9?9?9E0?9?9?9?9*9?9*9?9?9?9?9?9?9*9*_?9*9*9?9?9,26.3,24.9,92,100349,9999,9999,437,0,0,0,999900,999900,999900,99990,240,1.7,9,9,999.0,999,9,'999999999,0,0.0000,0,88,999.000,0.0,1.0
2056/8/20,06:00,?9?9?9?9E0?9?9?9?9*9?9*9?9?9?9?9?9?9*9*_?9*9*9?9?9,25.8,24.4,92,100449,9999,9999,433,0,0,0,999900,999900,999900,99990,200,1.9,9,9,999.0,999,9,'999999999,0,0.0000,0,88,999.000,0.7,1.0
2056/8/20,07:00,?9?9?9?9E0?9?9?9?9*9?9*9?9?9?9?9?9?9*9*_?9*9*9?9?9,25.3,24.1,93,100449,9999,9999,430,22,6,21,999900,999900,999900,99990,220,2.2,9,9,999.0,999,9,'999999999,0,0.0000,0,88,999.000,6.6,1.0
2056/8/20,08:00,?9?9?9?9E0?9?9?9?9*9?9*9?9?9?9?9?9?9*9*_?9*9*9?9?9,24.8,23.6,93,100549,9999,9999,426,133,28,123,999900,999900,999900,99990,220,2.3,9,9,999.0,999,9,'999999999,0,0.0000,0,88,999.000,1.9,1.0
2056/8/20,09:00,?9?9?9?9E0?9?9?9?9*9?9*9?9?9?9?9?9?9*9*_?9*9*9?9?9,26.9,25.0,89,100549,9999,9999,440,268,56,236,999900,999900,999900,99990,320,2.6,9,9,999.0,999,9,'999999999,0,0.0000,0,88,999.000,0.0,1.0
2056/8/20,10:00,?9?9?9?9E0?9?9?9?9*9?9*9?9?9?9?9?9?9*9*_?9*9*9?9?9,28.8,24.2,76,100549,9999,9999,451,426,97,351,999900,999900,999900,99990,300,2.1,9,9,999.0,999,9,'999999999,0,0.0000,0,88,999.000,0.0,1.0
2056/8/20,11:00,?9?9?9?9E0?9?9?9?9*9?9*9?9?9?9?9?9?9*9*_?9*9*9?9?9,30.4,23.6,67,100549,9999,9999,459,519,109,420,999900,999900,999900,99990,310,0.7,9,9,999.0,999,9,'999999999,0,0.0000,0,88,999.000,0.0,1.0
2056/8/20,12:00,?9?9?9?9E0?9?9?9?9*9?9*9?9?9?9?9?9?9*9*_?9*9*9?9?9,31.8,23.9,63,100549,9999,9999,458,665,185,483,999900,999900,999900,99990,290,1.4,8,8,999.0,999,9,'999999999,0,0.0000,0,88,999.000,0.0,1.0
2056/8/20,13:00,?9?9?9?9E0?9?9?9?9*9?9*9?9?9?9?9?9?9*9*_?9*9*9?9?9,32.5,23.2,58,100449,9999,9999,454,746,265,482,999900,999900,999900,99990,300,1.0,7,7,999.0,999,9,'999999999,0,0.0000,0,88,999.000,0.0,1.0
2056/8/20,14:00,?9?9?9?9E0?9?9?9?9*9?9*9?9?9?9?9?9?9*9*_?9*9*9?9?9,32.8,22.9,56,100449,9999,9999,456,711,300,427,999900,999900,999900,99990,270,1.1,7,7,999.0,999,9,'999999999,0,0.0000,0,88,999.000,0.0,1.0
2056/8/20,15:00,?9?9?9?9E0?9?9?9?9*9?9*9?9?9?9?9?9?9*9*_?9*9*9?9?9,33.3,22.4,53,100349,9999,9999,453,684,413,339,999900,999900,999900,99990,270,1.0,6,6,999.0,999,9,'999999999,0,0.0000,0,88,999.000,0.0,1.0
2056/8/20,16:00,?9?9?9?9E0?9?9?9?9*9?9*9?9?9?9?9?9?9*9*_?9*9*9?9?9,33.4,22.8,54,100349,9999,9999,454,505,335,281,999900,999900,999900,99990,260,1.1,6,6,999.0,999,9,'999999999,0,0.0000,0,88,999.000,0.0,1.0
2056/8/20,17:00,?9?9?9?9E0?9?9?9?9*9?9*9?9?9?9?9?9?9*9*_?9*9*9?9?9,33.4,23.4,56,100349,9999,9999,460,291,190,203,999900,999900,999900,99990,260,0.3,7,7,999.0,999,9,'999999999,0,0.0000,0,88,999.000,0.0,1.0
2056/8/20,18:00,?9?9?9?9E0?9?9?9?9*9?9*9?9?9?9?9?9?9*9*_?9*9*9?9?9,32.6,24.9,64,100249,9999,9999,457,111,83,92,999900,999900,999900,99990,200,0.4,7,7,999.0,999,9,'999999999,0,0.0000,0,88,999.000,0.0,1.0
2056/8/20,19:00,?9?9?9?9E0?9?9?9?9*9?9*9?9?9?9?9?9?9*9*_?9*9*9?9?9,31.2,25.3,71,100249,9999,9999,450,6,0,6,999900,999900,999900,99990,200,0.0,7,7,999.0,999,9,'999999999,0,0.0000,0,88,999.000,0.0,1.0
2056/8/20,20:00,?9?9?9?9E0?9?9?9?9*9?9*9?9?9?9?9?9?9*9*_?9*9*9?9?9,30.5,26.7,80,100349,9999,9999,447,0,0,0,999900,999900,999900,99990,200,0.6,7,7,999.0,999,9,'999999999,0,0.0000,0,88,999.000,0.0,1.0
2056/8/20,21:00,?9?9?9?9E0?9?9?9?9*9?9*9?9?9?9?9?9?9*9*_?9*9*9?9?9,30.2,27.2,84,100349,9999,9999,441,0,0,0,999900,999900,999900,99990,90,0.5,6,6,999.0,999,9,'999999999,0,0.0000,0,88,999.000,0.0,1.0
2056/8/20,22:00,?9?9?9?9E0?9?9?9?9*9?9*9?9?9?9?9?9?9*9*_?9*9*9?9?9,29.9,27.1,85,100449,9999,9999,439,0,0,0,999900,999900,999900,99990,80,0.5,6,6,999.0,999,9,'999999999,0,0.0000,0,88,999.000,0.0,1.0
2056/8/20,23:00,?9?9?9?9E0?9?9?9?9*9?9*9?9?9?9?9?9?9*9*_?9*9*9?9?9,29.5,26.7,85,100449,9999,9999,442,0,0,0,999900,999900,999900,99990,80,0.4,7,7,999.0,999,9,'999999999,0,0.0000,0,88,999.000,0.0,1.0
2056/8/20,24:00,?9?9?9?9E0?9?9?9?9*9?9*9?9?9?9?9?9?9*9*_?9*9*9?9?9,29.3,26.9,87,100549,9999,9999,441,0,0,0,999900,999900,999900,99990,50,0.0,7,7,999.0,999,9,'999999999,0,0.0000,0,88,999.000,0.0,1.0
2056/8/21,01:00,?9?9?9?9E0?9?9?9?9*9?9*9?9?9?9?9?9?9*9*_?9*9*9?9?9,29.1,26.7,87,100549,9999,9999,446,0,0,0,999900,999900,999900,99990,50,0.3,8,8,999.0,999,9,'999999999,0,0.0000,0,88,999.000,0.0,1.0
2056/8/21,02:00,?9?9?9?9E0?9?9?9?9*9?9*9?9?9?9?9?9?9*9*_?9*9*9?9?9,28.9,26.7,88,100449,9999,9999,445,0,0,0,999900,999900,999900,99990,50,0.0,8,8,999.0,999,9,'999999999,0,0.0000,0,88,999.000,0.0,1.0
2056/8/21,03:00,?9?9?9?9E0?9?9?9?9*9?9*9?9?9?9?9?9?9*9*_?9*9*9?9?9,28.6,26.6,89,100449,9999,9999,443,0,0,0,999900,999900,999900,99990,50,0.0,8,8,999.0,999,9,'999999999,0,0.0000,0,88,999.000,0.0,1.0
2056/8/21,04:00,?9?9?9?9E0?9?9?9?9*9?9*9?9?9?9?9?9?9*9*_?9*9*9?9?9,28.7,26.7,89,100449,9999,9999,444,0,0,0,999900,999900,999900,99990,50,0.0,8,8,999.0,999,9,'999999999,0,0.0000,0,88,999.000,0.0,1.0
2056/8/21,05:00,?9?9?9?9E0?9?9?9?9*9?9*9?9?9?9?9?9?9*9*_?9*9*9?9?9,28.6,26.6,89,100449,9999,9999,443,0,0,0,999900,999900,999900,99990,50,0.0,8,8,999.0,999,9,'999999999,0,0.0000,0,88,999.000,0.0,1.0
2056/8/21,06:00,?9?9?9?9E0?9?9?9?9*9?9*9?9?9?9?9?9?9*9*_?9*9*9?9?9,28.9,27.1,90,100449,9999,9999,445,0,0,0,999900,999900,999900,99990,50,0.0,8,8,999.0,999,9,'999999999,0,0.0000,0,88,999.000,0.0,1.0
2056/8/21,07:00,?9?9?9?9E0?9?9?9?9*9?9*9?9?9?9?9?9?9*9*_?9*9*9?9?9,29.3,27.5,90,100549,9999,9999,448,32,17,30,999900,999900,999900,99990,50,0.5,8,8,999.0,999,9,'999999999,0,0.0000,0,88,999.000,0.0,1.0
2056/8/21,08:00,?9?9?9?9E0?9?9?9?9*9?9*9?9?9?9?9?9?9*9*_?9*9*9?9?9,30.0,27.0,84,100649,9999,9999,452,167,63,144,999900,999900,999900,99990,200,0.6,8,8,999.0,999,9,'999999999,0,0.0000,0,88,999.000,0.0,1.0
2056/8/21,09:00,?9?9?9?9E0?9?9?9?9*9?9*9?9?9?9?9?9?9*9*_?9*9*9?9?9,31.7,27.6,79,100649,9999,9999,463,326,123,254,999900,999900,999900,99990,180,0.5,8,8,999.0,999,9,'999999999,0,0.0000,0,88,999.000,0.0,1.0
2056/8/21,10:00,?9?9?9?9E0?9?9?9?9*9?9*9?9?9?9?9?9?9*9*_?9*9*9?9?9,31.7,27.0,76,100649,9999,9999,455,549,267,343,999900,999900,999900,99990,220,0.5,7,7,999.0,999,9,'999999999,0,0.0000,0,88,999.000,0.7,1.0
2056/8/21,11:00,?9?9?9?9E0?9?9?9?9*9?9*9?9?9?9?9?9?9*9*_?9*9*9?9?9,33.2,26.0,66,100649,9999,9999,462,678,316,392,999900,999900,999900,99990,220,0.1,7,7,999.0,999,9,'999999999,0,0.0000,0,88,999.000,0.0,1.0
2056/8/21,12:00,?9?9?9?9E0?9?9?9?9*9?9*9?9?9?9?9?9?9*9*_?9*9*9?9?9,34.2,26.2,63,100549,9999,9999,463,811,408,410,999900,999900,999900,99990,90,0.3,6,6,999.0,999,9,'999999999,0,0.0000,0,88,999.000,0.0,1.0
2056/8/21,13:00,?9?9?9?9E0?9?9?9?9*9?9*9?9?9?9?9?9?9*9*_?9*9*9?9?9,34.1,25.8,62,100549,9999,9999,462,804,381,424,999900,999900,999900,99990,90,0.9,6,6,999.0,999,9,'999999999,0,0.0000,0,88,999.000,0.0,1.0
2056/8/21,14:00,?9?9?9?9E0?9?9?9?9*9?9*9?9?9?9?9?9?9*9*_?9*9*9?9?9,33.8,25.5,62,100549,9999,9999,460,764,401,385,999900,999900,999900,99990,90,1.3,6,6,999.0,999,9,'999999999,0,0.0000,0,88,999.000,0.0,1.0
2056/8/21,15:00,?9?9?9?9E0?9?9?9?9*9?9*9?9?9?9?9?9?9*9*_?9*9*9?9?9,34.1,27.1,67,100449,9999,9999,464,650,375,337,999900,999900,999900,99990,140,1.0,6,6,999.0,999,9,'999999999,0,0.0000,0,88,999.000,0.0,1.0
2056/8/21,16:00,?9?9?9?9E0?9?9?9?9*9?9*9?9?9?9?9?9?9*9*_?9*9*9?9?9,33.8,26.6,66,100449,9999,9999,462,479,300,278,999900,999900,999900,99990,160,0.5,6,6,999.0,999,9,'999999999,0,0.0000,0,88,999.000,0.0,1.0
2056/8/21,17:00,?9?9?9?9E0?9?9?9?9*9?9*9?9?9?9?9?9?9*9*_?9*9*9?9?9,33.3,27.6,72,100449,9999,9999,460,298,222,196,999900,999900,999900,99990,160,0.4,6,6,999.0,999,9,'999999999,0,0.0000,0,88,999.000,0.0,1.0
2056/8/21,18:00,?9?9?9?9E0?9?9?9?9*9?9*9?9?9?9?9?9?9*9*_?9*9*9?9?9,30.9,26.4,77,100349,9999,9999,444,118,115,92,999900,999900,999900,99990,140,0.6,6,6,999.0,999,9,'999999999,0,0.0000,0,88,999.000,0.0,1.0
2056/8/21,19:00,?9?9?9?9E0?9?9?9?9*9?9*9?9?9?9?9?9?9*9*_?9*9*9?9?9,30.1,26.5,81,100449,9999,9999,436,7,0,7,999900,999900,999900,99990,160,0.5,5,5,999.0,999,9,'999999999,0,0.0000,0,88,999.000,0.0,1.0
2056/8/21,20:00,?9?9?9?9E0?9?9?9?9*9?9*9?9?9?9?9?9?9*9*_?9*9*9?9?9,29.7,26.5,83,100449,9999,9999,433,0,0,0,999900,999900,999900,99990,160,0.5,5,5,999.0,999,9,'999999999,0,0.0000,0,88,999.000,0.0,1.0
2056/8/21,21:00,?9?9?9?9E0?9?9?9?9*9?9*9?9?9?9?9?9?9*9*_?9*9*9?9?9,29.4,26.4,84,100549,9999,9999,432,0,0,0,999900,999900,999900,99990,250,0.5,5,5,999.0,999,9,'999999999,0,0.0000,0,88,999.000,0.0,1.0
2056/8/21,22:00,?9?9?9?9E0?9?9?9?9*9?9*9?9?9?9?9?9?9*9*_?9*9*9?9?9,29.1,25.7,82,100649,9999,9999,426,0,0,0,999900,999900,999900,99990,150,0.5,4,4,999.0,999,9,'999999999,0,0.0000,0,88,999.000,0.0,1.0
2056/8/21,23:00,?9?9?9?9E0?9?9?9?9*9?9*9?9?9?9?9?9?9*9*_?9*9*9?9?9,28.8,25.0,80,100649,9999,9999,423,0,0,0,999900,999900,999900,99990,150,0.5,4,4,999.0,999,9,'999999999,0,0.0000,0,88,999.000,0.0,1.0
2056/8/21,24:00,?9?9?9?9E0?9?9?9?9*9?9*9?9?9?9?9?9?9*9*_?9*9*9?9?9,28.4,24.8,81,100649,9999,9999,421,0,0,0,999900,999900,999900,99990,180,0.5,4,4,999.0,999,9,'999999999,0,0.0000,0,88,999.000,0.0,1.0
2056/8/22,01:00,?9?9?9?9E0?9?9?9?9*9?9*9?9?9?9?9?9?9*9*_?9*9*9?9?9,28.3,25.2,83,100649,9999,9999,421,0,0,0,999900,999900,999900,99990,180,0.3,4,4,999.0,999,9,'999999999,0,0.0000,0,88,999.000,0.0,1.0
2056/8/22,02:00,?9?9?9?9E0?9?9?9?9*9?9*9?9?9?9?9?9?9*9*_?9*9*9?9?9,27.9,24.8,83,100649,9999,9999,418,0,0,0,999900,999900,999900,99990,180,0.0,4,4,999.0,999,9,'999999999,0,0.0000,0,88,999.000,0.0,1.0
2056/8/22,03:00,?9?9?9?9E0?9?9?9?9*9?9*9?9?9?9?9?9?9*9*_?9*9*9?9?9,27.7,24.8,84,100549,9999,9999,417,0,0,0,999900,999900,999900,99990,180,0.3,4,4,999.0,999,9,'999999999,0,0.0000,0,88,999.000,0.0,1.0
2056/8/22,04:00,?9?9?9?9E0?9?9?9?9*9?9*9?9?9?9?9?9?9*9*_?9*9*9?9?9,27.6,24.9,85,100549,9999,9999,416,0,0,0,999900,999900,999900,99990,180,0.5,4,4,999.0,999,9,'999999999,0,0.0000,0,88,999.000,0.0,1.0
2056/8/22,05:00,?9?9?9?9E0?9?9?9?9*9?9*9?9?9?9?9?9?9*9*_?9*9*9?9?9,27.5,24.8,85,100549,9999,9999,419,0,0,0,999900,999900,999900,99990,180,0.4,5,5,999.0,999,9,'999999999,0,0.0000,0,88,999.000,0.0,1.0
2056/8/22,06:00,?9?9?9?9E0?9?9?9?9*9?9*9?9?9?9?9?9?9*9*_?9*9*9?9?9,27.3,24.8,86,100549,9999,9999,418,0,0,0,999900,999900,999900,99990,180,0.0,5,5,999.0,999,9,'999999999,0,0.0000,0,88,999.000,0.0,1.0
2056/8/22,07:00,?9?9?9?9E0?9?9?9?9*9?9*9?9?9?9?9?9?9*9*_?9*9*9?9?9,27.4,24.9,86,100649,9999,9999,422,51,59,44,999900,999900,999900,99990,180,0.2,6,6,999.0,999,9,'999999999,0,0.0000,0,88,999.000,0.0,1.0
2056/8/22,08:00,?9?9?9?9E0?9?9?9?9*9?9*9?9?9?9?9?9?9*9*_?9*9*9?9?9,28.5,24.9,81,100749,9999,9999,433,199,121,155,999900,999900,999900,99990,180,0.5,7,7,999.0,999,9,'999999999,0,0.0000,0,88,999.000,0.0,1.0
2056/8/22,09:00,?9?9?9?9E0?9?9?9?9*9?9*9?9?9?9?9?9?9*9*_?9*9*9?9?9,30.3,26.5,80,100749,9999,9999,446,368,191,257,999900,999900,999900,99990,250,0.5,7,7,999.0,999,9,'999999999,0,0.0000,0,88,999.000,0.0,1.0
2056/8/22,10:00,?9?9?9?9E0?9?9?9?9*9?9*9?9?9?9?9?9?9*9*_?9*9*9?9?9,31.6,26.2,73,100749,9999,9999,453,549,277,336,999900,999900,999900,99990,340,0.6,7,7,999.0,999,9,'999999999,0,0.0000,0,88,999.000,0.0,1.0
2056/8/22,11:00,?9?9?9?9E0?9?9?9?9*9?9*9?9?9?9?9?9?9*9*_?9*9*9?9?9,32.3,25.4,67,100849,9999,9999,456,673,315,388,999900,999900,999900,99990,280,0.3,7,7,999.0,999,9,'999999999,0,0.0000,0,88,999.000,0.0,1.0
2056/8/22,12:00,?9?9?9?9E0?9?9?9?9*9?9*9?9?9?9?9?9?9*9*_?9*9*9?9?9,33.7,24.6,59,100749,9999,9999,458,819,426,400,999900,999900,999900,99990,180,0.3,6,6,999.0,999,9,'999999999,0,0.0000,0,88,999.000,0.0,1.0
2056/8/22,13:00,?9?9?9?9E0?9?9?9?9*9?9*9?9?9?9?9?9?9*9*_?9*9*9?9?9,33.8,25.8,63,100749,9999,9999,460,801,383,419,999900,999900,999900,99990,200,1.1,6,6,999.0,999,9,'999999999,0,0.0000,0,88,999.000,0.0,1.0
2056/8/22,14:00,?9?9?9?9E0?9?9?9?9*9?9*9?9?9?9?9?9?9*9*_?9*9*9?9?9,33.9,25.3,61,100649,9999,9999,460,759,401,380,999900,999900,999900,99990,180,0.8,6,6,999.0,999,9,'999999999,0,0.0000,0,88,999.000,0.0,1.0
2056/8/22,15:00,?9?9?9?9E0?9?9?9?9*9?9*9?9?9?9?9?9?9*9*_?9*9*9?9?9,33.9,25.3,61,100549,9999,9999,460,666,417,319,999900,999900,999900,99990,90,0.9,6,6,999.0,999,9,'999999999,0,0.0000,0,88,999.000,0.0,1.0
2056/8/22,16:00,?9?9?9?9E0?9?9?9?9*9?9*9?9?9?9?9?9?9*9*_?9*9*9?9?9,33.3,25.6,64,100449,9999,9999,453,520,403,251,999900,999900,999900,99990,90,1.0,5,5,999.0,999,9,'999999999,0,0.0000,0,88,999.000,0.0,1.0
2056/8/22,17:00,?9?9?9?9E0?9?9?9?9*9?9*9?9?9?9?9?9?9*9*_?9*9*9?9?9,32.3,25.2,66,100449,9999,9999,447,334,336,180,999900,999900,999900,99990,90,1.0,5,5,999.0,999,9,'999999999,0,0.0000,0,88,999.000,0.0,1.0
2056/8/22,18:00,?9?9?9?9E0?9?9?9?9*9?9*9?9?9?9?9?9?9*9*_?9*9*9?9?9,30.9,26.0,75,100349,9999,9999,440,129,162,93,999900,999900,999900,99990,140,1.1,5,5,999.0,999,9,'999999999,0,0.0000,0,88,999.000,0.0,1.0
2056/8/22,19:00,?9?9?9?9E0?9?9?9?9*9?9*9?9?9?9?9?9?9*9*_?9*9*9?9?9,30.3,26.9,82,100449,9999,9999,437,6,0,6,999900,999900,999900,99990,130,0.7,5,5,999.0,999,9,'999999999,0,0.0000,0,88,999.000,0.0,1.0
2056/8/22,20:00,?9?9?9?9E0?9?9?9?9*9?9*9?9?9?9?9?9?9*9*_?9*9*9?9?9,29.9,26.7,83,100549,9999,9999,435,0,0,0,999900,999900,999900,99990,90,0.2,5,5,999.0,999,9,'999999999,0,0.0000,0,88,999.000,0.0,1.0
2056/8/22,21:00,?9?9?9?9E0?9?9?9?9*9?9*9?9?9?9?9?9?9*9*_?9*9*9?9?9,29.9,26.9,84,100649,9999,9999,435,0,0,0,999900,999900,999900,99990,90,0.1,5,5,999.0,999,9,'999999999,0,0.0000,0,88,999.000,0.0,1.0
2056/8/22,22:00,?9?9?9?9E0?9?9?9?9*9?9*9?9?9?9?9?9?9*9*_?9*9*9?9?9,29.7,27.1,86,100749,9999,9999,438,0,0,0,999900,999900,999900,99990,90,0.4,6,6,999.0,999,9,'999999999,0,0.0000,0,88,999.000,0.0,1.0
2056/8/22,23:00,?9?9?9?9E0?9?9?9?9*9?9*9?9?9?9?9?9?9*9*_?9*9*9?9?9,29.4,27.4,89,100749,9999,9999,437,0,0,0,999900,999900,999900,99990,180,0.0,6,6,999.0,999,9,'999999999,0,0.0000,0,88,999.000,0.0,1.0
2056/8/22,24:00,?9?9?9?9E0?9?9?9?9*9?9*9?9?9?9?9?9?9*9*_?9*9*9?9?9,29.1,27.3,90,100749,9999,9999,435,0,0,0,999900,999900,999900,99990,160,0.4,6,6,999.0,999,9,'999999999,0,0.0000,0,88,999.000,0.0,1.0
2056/8/23,01:00,?9?9?9?9E0?9?9?9?9*9?9*9?9?9?9?9?9?9*9*_?9*9*9?9?9,28.9,27.1,90,100749,9999,9999,430,0,0,0,999900,999900,999900,99990,160,0.2,5,5,999.0,999,9,'999999999,0,0.0000,0,88,999.000,0.0,1.0
2056/8/23,02:00,?9?9?9?9E0?9?9?9?9*9?9*9?9?9?9?9?9?9*9*_?9*9*9?9?9,28.6,26.8,90,100649,9999,9999,428,0,0,0,999900,999900,999900,99990,160,0.2,5,5,999.0,999,9,'999999999,0,0.0000,0,88,999.000,0.0,1.0
2056/8/23,03:00,?9?9?9?9E0?9?9?9?9*9?9*9?9?9?9?9?9?9*9*_?9*9*9?9?9,28.4,26.6,90,100649,9999,9999,426,0,0,0,999900,999900,999900,99990,160,0.6,5,5,999.0,999,9,'999999999,0,0.0000,0,88,999.000,0.0,1.0
2056/8/23,04:00,?9?9?9?9E0?9?9?9?9*9?9*9?9?9?9?9?9?9*9*_?9*9*9?9?9,27.9,26.3,91,100549,9999,9999,423,0,0,0,999900,999900,999900,99990,160,0.4,5,5,999.0,999,9,'999999999,0,0.0000,0,88,999.000,0.0,1.0
2056/8/23,05:00,?9?9?9?9E0?9?9?9?9*9?9*9?9?9?9?9?9?9*9*_?9*9*9?9?9,27.5,26.1,92,100549,9999,9999,420,0,0,0,999900,999900,999900,99990,160,0.0,5,5,999.0,999,9,'999999999,0,0.0000,0,88,999.000,0.0,1.0
2056/8/23,06:00,?9?9?9?9E0?9?9?9?9*9?9*9?9?9?9?9?9?9*9*_?9*9*9?9?9,27.4,26.0,92,100549,9999,9999,420,0,0,0,999900,999900,999900,99990,160,0.0,5,5,999.0,999,9,'999999999,0,0.0000,0,88,999.000,0.0,1.0
2056/8/23,07:00,?9?9?9?9E0?9?9?9?9*9?9*9?9?9?9?9?9?9*9*_?9*9*9?9?9,27.5,25.9,91,100649,9999,9999,420,56,68,48,999900,999900,999900,99990,160,0.4,5,5,999.0,999,9,'999999999,0,0.0000,0,88,999.000,0.0,1.0
2056/8/23,08:00,?9?9?9?9E0?9?9?9?9*9?9*9?9?9?9?9?9?9*9*_?9*9*9?9?9,28.7,26.1,86,100649,9999,9999,436,191,96,156,999900,999900,999900,99990,160,0.2,7,7,999.0,999,9,'999999999,0,0.0000,0,88,999.000,0.0,1.0
2056/8/23,09:00,?9?9?9?9E0?9?9?9?9*9?9*9?9?9?9?9?9?9*9*_?9*9*9?9?9,30.7,26.4,78,100749,9999,9999,455,327,116,259,999900,999900,999900,99990,160,0.6,8,8,999.0,999,9,'999999999,0,0.0000,0,88,999.000,0.0,1.0
2056/8/23,10:00,?9?9?9?9E0?9?9?9?9*9?9*9?9?9?9?9?9?9*9*_?9*9*9?9?9,31.1,25.7,73,100849,9999,9999,457,495,176,359,999900,999900,999900,99990,260,0.6,8,8,999.0,999,9,'999999999,0,0.0000,0,88,999.000,0.0,1.0
2056/8/23,11:00,?9?9?9?9E0?9?9?9?9*9?9*9?9?9?9?9?9?9*9*_?9*9*9?9?9,31.2,23.6,64,100849,9999,9999,454,624,214,430,999900,999900,999900,99990,260,0.6,8,8,999.0,999,9,'999999999,0,0.0000,0,88,999.000,0.0,1.0
2056/8/23,12:00,?9?9?9?9E0?9?9?9?9*9?9*9?9?9?9?9?9?9*9*_?9*9*9?9?9,32.2,24.0,62,100749,9999,9999,461,686,212,478,999900,999900,999900,99990,140,0.7,8,8,999.0,999,9,'999999999,0,0.0000,0,88,999.000,0.0,1.0
2056/8/23,13:00,?9?9?9?9E0?9?9?9?9*9?9*9?9?9?9?9?9?9*9*_?9*9*9?9?9,33.3,23.9,58,100649,9999,9999,468,677,194,484,999900,999900,999900,99990,140,0.5,8,8,999.0,999,9,'999999999,0,0.0000,0,88,999.000,0.0,1.0
2056/8/23,14:00,?9?9?9?9E0?9?9?9?9*9?9*9?9?9?9?9?9?9*9*_?9*9*9?9?9,33.3,23.9,58,100549,9999,9999,460,705,285,436,999900,999900,999900,99990,140,0.9,7,7,999.0,999,9,'999999999,0,0.0000,0,88,999.000,0.0,1.0
2056/8/23,15:00,?9?9?9?9E0?9?9?9?9*9?9*9?9?9?9?9?9?9*9*_?9*9*9?9?9,33.6,23.3,55,100449,9999,9999,461,622,305,368,999900,999900,999900,99990,160,0.7,7,7,999.0,999,9,'999999999,0,0.0000,0,88,999.000,0.0,1.0
2056/8/23,16:00,?9?9?9?9E0?9?9?9?9*9?9*9?9?9?9?9?9?9*9*_?9*9*9?9?9,32.8,25.4,65,100349,9999,9999,459,440,216,296,999900,999900,999900,99990,180,1.1,7,7,999.0,999,9,'999999999,0,0.0000,0,88,999.000,0.0,1.0
2056/8/23,17:00,?9?9?9?9E0?9?9?9?9*9?9*9?9?9?9?9?9?9*9*_?9*9*9?9?9,31.7,25.3,69,100349,9999,9999,453,275,163,200,999900,999900,999900,99990,180,1.0,7,7,999.0,999,9,'999999999,0,0.0000,0,88,999.000,0.0,1.0
2056/8/23,18:00,?9?9?9?9E0?9?9?9?9*9?9*9?9?9?9?9?9?9*9*_?9*9*9?9?9,30.8,26.3,77,100349,9999,9999,443,114,96,93,999900,999900,999900,99990,100,0.9,6,6,999.0,999,9,'999999999,0,0.0000,0,88,999.000,0.0,1.0
2056/8/23,19:00,?9?9?9?9E0?9?9?9?9*9?9*9?9?9?9?9?9?9*9*_?9*9*9?9?9,30.1,26.1,79,100449,9999,9999,439,4,0,4,999900,999900,999900,99990,100,0.9,6,6,999.0,999,9,'999999999,0,0.0000,0,88,999.000,0.0,1.0
2056/8/23,20:00,?9?9?9?9E0?9?9?9?9*9?9*9?9?9?9?9?9?9*9*_?9*9*9?9?9,29.8,25.6,78,100549,9999,9999,437,0,0,0,999900,999900,999900,99990,100,0.7,6,6,999.0,999,9,'999999999,0,0.0000,0,88,999.000,0.0,1.0
2056/8/23,21:00,?9?9?9?9E0?9?9?9?9*9?9*9?9?9?9?9?9?9*9*_?9*9*9?9?9,29.6,26.0,81,100549,9999,9999,436,0,0,0,999900,999900,999900,99990,160,0.7,6,6,999.0,999,9,'999999999,0,0.0000,0,88,999.000,0.0,1.0
2056/8/23,22:00,?9?9?9?9E0?9?9?9?9*9?9*9?9?9?9?9?9?9*9*_?9*9*9?9?9,29.5,26.3,83,100649,9999,9999,432,0,0,0,999900,999900,999900,99990,160,0.4,5,5,999.0,999,9,'999999999,0,0.0000,0,88,999.000,0.0,1.0
2056/8/23,23:00,?9?9?9?9E0?9?9?9?9*9?9*9?9?9?9?9?9?9*9*_?9*9*9?9?9,29.2,26.0,83,100649,9999,9999,430,0,0,0,999900,999900,999900,99990,190,0.5,5,5,999.0,999,9,'999999999,0,0.0000,0,88,999.000,0.0,1.0
2056/8/23,24:00,?9?9?9?9E0?9?9?9?9*9?9*9?9?9?9?9?9?9*9*_?9*9*9?9?9,28.8,26.4,87,100649,9999,9999,428,0,0,0,999900,999900,999900,99990,180,0.4,5,5,999.0,999,9,'999999999,0,0.0000,0,88,999.000,0.0,1.0
2056/8/24,01:00,?9?9?9?9E0?9?9?9?9*9?9*9?9?9?9?9?9?9*9*_?9*9*9?9?9,28.8,26.6,88,100549,9999,9999,428,0,0,0,999900,999900,999900,99990,180,0.2,5,5,999.0,999,9,'999999999,0,0.0000,0,88,999.000,0.0,1.0
2056/8/24,02:00,?9?9?9?9E0?9?9?9?9*9?9*9?9?9?9?9?9?9*9*_?9*9*9?9?9,28.4,26.4,89,100549,9999,9999,426,0,0,0,999900,999900,999900,99990,180,0.1,5,5,999.0,999,9,'999999999,0,0.0000,0,88,999.000,0.0,1.0
2056/8/24,03:00,?9?9?9?9E0?9?9?9?9*9?9*9?9?9?9?9?9?9*9*_?9*9*9?9?9,28.3,26.5,90,100549,9999,9999,426,0,0,0,999900,999900,999900,99990,180,0.2,5,5,999.0,999,9,'999999999,0,0.0000,0,88,999.000,0.0,1.0
2056/8/24,04:00,?9?9?9?9E0?9?9?9?9*9?9*9?9?9?9?9?9?9*9*_?9*9*9?9?9,28.2,26.2,89,100449,9999,9999,428,0,0,0,999900,999900,999900,99990,200,0.1,6,6,999.0,999,9,'999999999,0,0.0000,0,88,999.000,0.0,1.0
2056/8/24,05:00,?9?9?9?9E0?9?9?9?9*9?9*9?9?9?9?9?9?9*9*_?9*9*9?9?9,27.9,26.1,90,100449,9999,9999,426,0,0,0,999900,999900,999900,99990,200,0.1,6,6,999.0,999,9,'999999999,0,0.0000,0,88,999.000,0.0,1.0
2056/8/24,06:00,?9?9?9?9E0?9?9?9?9*9?9*9?9?9?9?9?9?9*9*_?9*9*9?9?9,27.8,26.2,91,100449,9999,9999,426,0,0,0,999900,999900,999900,99990,200,0.0,6,6,999.0,999,9,'999999999,0,0.0000,0,88,999.000,0.0,1.0
2056/8/24,07:00,?9?9?9?9E0?9?9?9?9*9?9*9?9?9?9?9?9?9*9*_?9*9*9?9?9,28.0,26.0,89,100449,9999,9999,427,50,53,44,999900,999900,999900,99990,200,0.1,6,6,999.0,999,9,'999999999,0,0.0000,0,88,999.000,0.0,1.0
2056/8/24,08:00,?9?9?9?9E0?9?9?9?9*9?9*9?9?9?9?9?9?9*9*_?9*9*9?9?9,29.4,25.2,78,100549,9999,9999,439,202,120,158,999900,999900,999900,99990,200,0.4,7,7,999.0,999,9,'999999999,0,0.0000,0,88,999.000,0.0,1.0
2056/8/24,09:00,?9?9?9?9E0?9?9?9?9*9?9*9?9?9?9?9?9?9*9*_?9*9*9?9?9,31.7,26.0,72,100549,9999,9999,454,380,197,265,999900,999900,999900,99990,230,0.3,7,7,999.0,999,9,'999999999,0,0.0000,0,88,999.000,0.0,1.0
2056/8/24,10:00,?9?9?9?9E0?9?9?9?9*9?9*9?9?9?9?9?9?9*9*_?9*9*9?9?9,33.5,26.3,66,100549,9999,9999,472,506,201,351,999900,999900,999900,99990,220,0.8,8,8,999.0,999,9,'999999999,0,0.0000,0,88,999.000,0.0,1.0
2056/8/24,11:00,?9?9?9?9E0?9?9?9?9*9?9*9?9?9?9?9?9?9*9*_?9*9*9?9?9,34.0,24.3,57,100649,9999,9999,472,637,237,422,999900,999900,999900,99990,240,1.5,8,8,999.0,999,9,'999999999,0,0.0000,0,88,999.000,0.0,1.0
2056/8/24,12:00,?9?9?9?9E0?9?9?9?9*9?9*9?9?9?9?9?9?9*9*_?9*9*9?9?9,35.0,24.6,55,100549,9999,9999,479,699,241,462,999900,999900,999900,99990,290,0.8,8,8,999.0,999,9,'999999999,0,0.0000,0,88,999.000,0.0,1.0
2056/8/24,13:00,?9?9?9?9E0?9?9?9?9*9?9*9?9?9?9?9?9?9*9*_?9*9*9?9?9,35.3,23.0,49,100449,9999,9999,471,788,332,458,999900,999900,999900,99990,290,1.0,7,7,999.0,999,9,'999999999,0,0.0000,0,88,999.000,0.0,1.0
2056/8/24,14:00,?9?9?9?9E0?9?9?9?9*9?9*9?9?9?9?9?9?9*9*_?9*9*9?9?9,33.2,26.8,69,100349,9999,9999,464,686,279,422,999900,999900,999900,99990,290,1.2,7,7,999.0,999,9,'999999999,0,0.0000,0,88,999.000,0.0,1.0
2056/8/24,15:00,?9?9?9?9E0?9?9?9?9*9?9*9?9?9?9?9?9?9*9*_?9*9*9?9?9,33.6,27.1,69,100249,9999,9999,461,651,364,348,999900,999900,999900,99990,200,1.6,6,6,999.0,999,9,'999999999,0,0.0000,0,88,999.000,0.0,1.0
2056/8/24,16:00,?9?9?9?9E0?9?9?9?9*9?9*9?9?9?9?9?9?9*9*_?9*9*9?9?9,31.7,26.0,72,100249,9999,9999,448,478,291,284,999900,999900,999900,99990,200,1.2,6,6,999.0,999,9,'999999999,0,0.0000,0,88,999.000,0.0,1.0
2056/8/24,17:00,?9?9?9?9E0?9?9?9?9*9?9*9?9?9?9?9?9?9*9*_?9*9*9?9?9,31.4,26.4,75,100149,9999,9999,452,266,151,197,999900,999900,999900,99990,170,1.2,7,7,999.0,999,9,'999999999,0,0.0000,0,88,999.000,0.0,1.0
2056/8/24,18:00,?9?9?9?9E0?9?9?9?9*9?9*9?9?9?9?9?9?9*9*_?9*9*9?9?9,30.8,27.8,84,100149,9999,9999,451,93,51,82,999900,999900,999900,99990,200,0.7,7,7,999.0,999,9,'999999999,0,0.0000,0,88,999.000,0.0,1.0
2056/8/24,19:00,?9?9?9?9E0?9?9?9?9*9?9*9?9?9?9?9?9?9*9*_?9*9*9?9?9,30.7,27.9,85,100149,9999,9999,457,1,0,1,999900,999900,999900,99990,170,1.2,8,8,999.0,999,9,'999999999,0,0.0000,0,88,999.000,0.0,1.0
2056/8/24,20:00,?9?9?9?9E0?9?9?9?9*9?9*9?9?9?9?9?9?9*9*_?9*9*9?9?9,30.3,27.3,84,100249,9999,9999,454,0,0,0,999900,999900,999900,99990,180,0.9,8,8,999.0,999,9,'999999999,0,0.0000,0,88,999.000,0.0,1.0
2056/8/24,21:00,?9?9?9?9E0?9?9?9?9*9?9*9?9?9?9?9?9?9*9*_?9*9*9?9?9,30.2,27.2,84,100349,9999,9999,453,0,0,0,999900,999900,999900,99990,150,0.7,8,8,999.0,999,9,'999999999,0,0.0000,0,88,999.000,0.0,1.0
2056/8/24,22:00,?9?9?9?9E0?9?9?9?9*9?9*9?9?9?9?9?9?9*9*_?9*9*9?9?9,30.2,27.2,84,100449,9999,9999,453,0,0,0,999900,999900,999900,99990,160,0.5,8,8,999.0,999,9,'999999999,0,0.0000,0,88,999.000,0.0,1.0
2056/8/24,23:00,?9?9?9?9E0?9?9?9?9*9?9*9?9?9?9?9?9?9*9*_?9*9*9?9?9,30.2,27.2,84,100549,9999,9999,453,0,0,0,999900,999900,999900,99990,160,0.6,8,8,999.0,999,9,'999999999,0,0.0000,0,88,999.000,0.0,1.0
2056/8/24,24:00,?9?9?9?9E0?9?9?9?9*9?9*9?9?9?9?9?9?9*9*_?9*9*9?9?9,30.1,28.1,89,100549,9999,9999,454,0,0,0,999900,999900,999900,99990,180,0.5,8,8,999.0,999,9,'999999999,0,0.0000,0,88,999.000,0.0,1.0
2056/8/25,01:00,?9?9?9?9E0?9?9?9?9*9?9*9?9?9?9?9?9?9*9*_?9*9*9?9?9,29.6,27.6,89,100449,9999,9999,450,0,0,0,999900,999900,999900,99990,200,0.7,8,8,999.0,999,9,'999999999,0,0.0000,0,88,999.000,0.0,1.0
2056/8/25,02:00,?9?9?9?9E0?9?9?9?9*9?9*9?9?9?9?9?9?9*9*_?9*9*9?9?9,29.2,27.0,88,100449,9999,9999,447,0,0,0,999900,999900,999900,99990,190,1.1,8,8,999.0,999,9,'999999999,0,0.0000,0,88,999.000,0.0,1.0
2056/8/25,03:00,?9?9?9?9E0?9?9?9?9*9?9*9?9?9?9?9?9?9*9*_?9*9*9?9?9,28.7,26.5,88,100449,9999,9999,444,0,0,0,999900,999900,999900,99990,240,0.6,8,8,999.0,999,9,'999999999,0,0.0000,0,88,999.000,0.0,1.0
2056/8/25,04:00,?9?9?9?9E0?9?9?9?9*9?9*9?9?9?9?9?9?9*9*_?9*9*9?9?9,28.5,26.1,87,100349,9999,9999,442,0,0,0,999900,999900,999900,99990,240,0.7,8,8,999.0,999,9,'999999999,0,0.0000,0,88,999.000,0.0,1.0
2056/8/25,05:00,?9?9?9?9E0?9?9?9?9*9?9*9?9?9?9?9?9?9*9*_?9*9*9?9?9,28.2,26.0,88,100349,9999,9999,440,0,0,0,999900,999900,999900,99990,240,0.7,8,8,999.0,999,9,'999999999,0,0.0000,0,88,999.000,0.0,1.0
2056/8/25,06:00,?9?9?9?9E0?9?9?9?9*9?9*9?9?9?9?9?9?9*9*_?9*9*9?9?9,28.2,26.0,88,100349,9999,9999,440,0,0,0,999900,999900,999900,99990,230,0.6,8,8,999.0,999,9,'999999999,0,0.0000,0,88,999.000,0.0,1.0
2056/8/25,07:00,?9?9?9?9E0?9?9?9?9*9?9*9?9?9?9?9?9?9*9*_?9*9*9?9?9,28.2,26.0,88,100349,9999,9999,440,33,11,32,999900,999900,999900,99990,230,0.5,8,8,999.0,999,9,'999999999,0,0.0000,0,88,999.000,0.0,1.0
2056/8/25,08:00,?9?9?9?9E0?9?9?9?9*9?9*9?9?9?9?9?9?9*9*_?9*9*9?9?9,28.4,26.6,90,100449,9999,9999,451,130,21,122,999900,999900,999900,99990,230,0.3,9,9,999.0,999,9,'999999999,0,0.0000,0,88,999.000,0.0,1.0
2056/8/25,09:00,?9?9?9?9E0?9?9?9?9*9?9*9?9?9?9?9?9?9*9*_?9*9*9?9?9,29.6,28.2,92,100549,9999,9999,461,254,34,234,999900,999900,999900,99990,270,0.4,9,9,999.0,999,9,'999999999,0,0.0000,0,88,999.000,0.0,1.0
2056/8/25,10:00,?9?9?9?9E0?9?9?9?9*9?9*9?9?9?9?9?9?9*9*_?9*9*9?9?9,30.7,27.3,82,100649,9999,9999,479,335,34,309,999900,999900,999900,99990,240,0.7,10,10,999.0,999,9,'999999999,0,0.0000,0,88,999.000,0.0,1.0
2056/8/25,11:00,?9?9?9?9E0?9?9?9?9*9?9*9?9?9?9?9?9?9*9*_?9*9*9?9?9,31.3,25.2,70,100649,9999,9999,480,435,42,397,999900,999900,999900,99990,290,0.5,10,10,999.0,999,9,'999999999,0,0.0000,0,88,999.000,0.0,1.0
2056/8/25,12:00,?9?9?9?9E0?9?9?9?9*9?9*9?9?9?9?9?9?9*9*_?9*9*9?9?9,31.7,24.8,67,100549,9999,9999,482,485,43,443,999900,999900,999900,99990,270,0.8,10,10,999.0,999,9,'999999999,0,0.0000,0,88,999.000,0.0,1.0
2056/8/25,13:00,?9?9?9?9E0?9?9?9?9*9?9*9?9?9?9?9?9?9*9*_?9*9*9?9?9,32.6,25.4,66,100449,9999,9999,489,468,36,432,999900,999900,999900,99990,290,0.6,10,10,999.0,999,9,'999999999,0,0.0000,0,88,999.000,0.0,1.0
2056/8/25,14:00,?9?9?9?9E0?9?9?9?9*9?9*9?9?9?9?9?9?9*9*_?9*9*9?9?9,32.7,25.0,64,100349,9999,9999,489,444,39,407,999900,999900,999900,99990,270,0.8,10,10,999.0,999,9,'999999999,0,0.0000,0,88,999.000,0.0,1.0
2056/8/25,15:00,?9?9?9?9E0?9?9?9?9*9?9*9?9?9?9?9?9?9*9*_?9*9*9?9?9,32.7,25.0,64,100249,9999,9999,489,381,39,349,999900,999900,999900,99990,230,0.4,10,10,999.0,999,9,'999999999,0,0.0000,0,88,999.000,0.0,1.0
2056/8/25,16:00,?9?9?9?9E0?9?9?9?9*9?9*9?9?9?9?9?9?9*9*_?9*9*9?9?9,32.7,24.7,63,100149,9999,9999,489,269,29,250,999900,999900,999900,99990,240,1.2,10,10,999.0,999,9,'999999999,0,0.0000,0,88,999.000,0.0,1.0
2056/8/25,17:00,?9?9?9?9E0?9?9?9?9*9?9*9?9?9?9?9?9?9*9*_?9*9*9?9?9,32.7,24.7,63,100149,9999,9999,489,160,20,151,999900,999900,999900,99990,240,0.6,10,10,999.0,999,9,'999999999,0,0.0000,0,88,999.000,0.0,1.0
2056/8/25,18:00,?9?9?9?9E0?9?9?9?9*9?9*9?9?9?9?9?9?9*9*_?9*9*9?9?9,32.6,25.9,68,100149,9999,9999,490,45,6,44,999900,999900,999900,99990,230,0.4,10,10,999.0,999,9,'999999999,0,0.0000,0,88,999.000,0.0,1.0
2056/8/25,19:00,?9?9?9?9E0?9?9?9?9*9?9*9?9?9?9?9?9?9*9*_?9*9*9?9?9,31.3,26.4,75,100149,9999,9999,469,1,0,1,999900,999900,999900,99990,200,0.5,9,9,999.0,999,9,'999999999,0,0.0000,0,88,999.000,0.0,1.0
2056/8/25,20:00,?9?9?9?9E0?9?9?9?9*9?9*9?9?9?9?9?9?9*9*_?9*9*9?9?9,31.2,26.5,76,100349,9999,9999,468,0,0,0,999900,999900,999900,99990,190,0.5,9,9,999.0,999,9,'999999999,0,0.0000,0,88,999.000,0.0,1.0
2056/8/25,21:00,?9?9?9?9E0?9?9?9?9*9?9*9?9?9?9?9?9?9*9*_?9*9*9?9?9,30.7,26.7,79,100349,9999,9999,456,0,0,0,999900,999900,999900,99990,190,0.4,8,8,999.0,999,9,'999999999,0,0.0000,0,88,999.000,0.0,1.0
2056/8/25,22:00,?9?9?9?9E0?9?9?9?9*9?9*9?9?9?9?9?9?9*9*_?9*9*9?9?9,30.3,24.5,71,100449,9999,9999,450,0,0,0,999900,999900,999900,99990,190,0.7,8,8,999.0,999,9,'999999999,0,0.0000,0,88,999.000,0.0,1.0
2056/8/25,23:00,?9?9?9?9E0?9?9?9?9*9?9*9?9?9?9?9?9?9*9*_?9*9*9?9?9,30.3,24.7,72,100449,9999,9999,451,0,0,0,999900,999900,999900,99990,190,0.5,8,8,999.0,999,9,'999999999,0,0.0000,0,88,999.000,0.0,1.0
2056/8/25,24:00,?9?9?9?9E0?9?9?9?9*9?9*9?9?9?9?9?9?9*9*_?9*9*9?9?9,30.3,24.9,73,100449,9999,9999,451,0,0,0,999900,999900,999900,99990,250,1.0,8,8,999.0,999,9,'999999999,0,0.0000,0,88,999.000,0.0,1.0
2056/8/26,01:00,?9?9?9?9E0?9?9?9?9*9?9*9?9?9?9?9?9?9*9*_?9*9*9?9?9,30.3,24.5,71,100349,9999,9999,450,0,0,0,999900,999900,999900,99990,230,0.9,8,8,999.0,999,9,'999999999,0,0.0000,0,88,999.000,0.0,1.0
2056/8/26,02:00,?9?9?9?9E0?9?9?9?9*9?9*9?9?9?9?9?9?9*9*_?9*9*9?9?9,30.2,24.6,72,100349,9999,9999,450,0,0,0,999900,999900,999900,99990,240,0.6,8,8,999.0,999,9,'999999999,0,0.0000,0,88,999.000,0.0,1.0
2056/8/26,03:00,?9?9?9?9E0?9?9?9?9*9?9*9?9?9?9?9?9?9*9*_?9*9*9?9?9,29.8,23.8,70,100249,9999,9999,446,0,0,0,999900,999900,999900,99990,250,0.9,8,8,999.0,999,9,'999999999,0,0.0000,0,88,999.000,0.0,1.0
2056/8/26,04:00,?9?9?9?9E0?9?9?9?9*9?9*9?9?9?9?9?9?9*9*_?9*9*9?9?9,29.9,24.3,72,100249,9999,9999,448,0,0,0,999900,999900,999900,99990,230,1.1,8,8,999.0,999,9,'999999999,0,0.0000,0,88,999.000,0.0,1.0
2056/8/26,05:00,?9?9?9?9E0?9?9?9?9*9?9*9?9?9?9?9?9?9*9*_?9*9*9?9?9,29.3,24.2,74,100249,9999,9999,444,0,0,0,999900,999900,999900,99990,240,1.0,8,8,999.0,999,9,'999999999,0,0.0000,0,88,999.000,0.0,1.0
2056/8/26,06:00,?9?9?9?9E0?9?9?9?9*9?9*9?9?9?9?9?9?9*9*_?9*9*9?9?9,28.9,23.8,74,100249,9999,9999,441,0,0,0,999900,999900,999900,99990,230,0.5,8,8,999.0,999,9,'999999999,0,0.0000,0,88,999.000,0.0,1.0
2056/8/26,07:00,?9?9?9?9E0?9?9?9?9*9?9*9?9?9?9?9?9?9*9*_?9*9*9?9?9,28.8,24.2,76,100349,9999,9999,441,39,23,36,999900,999900,999900,99990,230,0.7,8,8,999.0,999,9,'999999999,0,0.0000,0,88,999.000,0.0,1.0
2056/8/26,08:00,?9?9?9?9E0?9?9?9?9*9?9*9?9?9?9?9?9?9*9*_?9*9*9?9?9,29.2,23.9,73,100349,9999,9999,443,185,77,157,999900,999900,999900,99990,240,0.9,8,8,999.0,999,9,'999999999,0,0.0000,0,88,999.000,0.0,1.0
2056/8/26,09:00,?9?9?9?9E0?9?9?9?9*9?9*9?9?9?9?9?9?9*9*_?9*9*9?9?9,30.2,21.9,61,100449,9999,9999,446,370,157,278,999900,999900,999900,99990,290,0.9,8,8,999.0,999,9,'999999999,0,0.0000,0,88,999.000,0.0,1.0
2056/8/26,10:00,?9?9?9?9E0?9?9?9?9*9?9*9?9?9?9?9?9?9*9*_?9*9*9?9?9,31.5,22.2,58,100549,9999,9999,464,479,145,367,999900,999900,999900,99990,290,2.1,9,9,999.0,999,9,'999999999,0,0.0000,0,88,999.000,0.0,1.0
2056/8/26,11:00,?9?9?9?9E0?9?9?9?9*9?9*9?9?9?9?9?9?9*9*_?9*9*9?9?9,32.1,22.8,58,100549,9999,9999,469,570,140,443,999900,999900,999900,99990,260,2.6,9,9,999.0,999,9,'999999999,0,0.0000,0,88,999.000,0.0,1.0
2056/8/26,12:00,?9?9?9?9E0?9?9?9?9*9?9*9?9?9?9?9?9?9*9*_?9*9*9?9?9,32.6,23.0,57,100449,9999,9999,472,617,129,490,999900,999900,999900,99990,290,1.7,9,9,999.0,999,9,'999999999,0,0.0000,0,88,999.000,0.0,1.0
2056/8/26,13:00,?9?9?9?9E0?9?9?9?9*9?9*9?9?9?9?9?9?9*9*_?9*9*9?9?9,33.0,23.1,56,100349,9999,9999,475,608,114,494,999900,999900,999900,99990,290,1.8,9,9,999.0,999,9,'999999999,0,0.0000,0,88,999.000,0.0,1.0
2056/8/26,14:00,?9?9?9?9E0?9?9?9?9*9?9*9?9?9?9?9?9?9*9*_?9*9*9?9?9,33.2,22.7,54,100249,9999,9999,475,572,120,459,999900,999900,999900,99990,280,1.4,9,9,999.0,999,9,'999999999,0,0.0000,0,88,999.000,0.0,1.0
2056/8/26,15:00,?9?9?9?9E0?9?9?9?9*9?9*9?9?9?9?9?9?9*9*_?9*9*9?9?9,33.6,23.0,54,100149,9999,9999,478,493,120,394,999900,999900,999900,99990,320,1.4,9,9,999.0,999,9,'999999999,0,0.0000,0,88,999.000,0.0,1.0
2056/8/26,16:00,?9?9?9?9E0?9?9?9?9*9?9*9?9?9?9?9?9?9*9*_?9*9*9?9?9,33.7,22.8,53,100049,9999,9999,478,355,91,295,999900,999900,999900,99990,280,1.8,9,9,999.0,999,9,'999999999,0,0.0000,0,88,999.000,0.0,1.0
2056/8/26,17:00,?9?9?9?9E0?9?9?9?9*9?9*9?9?9?9?9?9?9*9*_?9*9*9?9?9,33.3,23.0,55,100049,9999,9999,476,216,64,187,999900,999900,999900,99990,240,1.5,9,9,999.0,999,9,'999999999,0,0.0000,0,88,999.000,0.0,1.0
2056/8/26,18:00,?9?9?9?9E0?9?9?9?9*9?9*9?9?9?9?9?9?9*9*_?9*9*9?9?9,32.8,23.2,57,100049,9999,9999,473,73,24,68,999900,999900,999900,99990,230,0.9,9,9,999.0,999,9,'999999999,0,0.0000,0,88,999.000,0.0,1.0
2056/8/26,19:00,?9?9?9?9E0?9?9?9?9*9?9*9?9?9?9?9?9?9*9*_?9*9*9?9?9,32.1,23.1,59,100149,9999,9999,459,1,0,1,999900,999900,999900,99990,230,0.6,8,8,999.0,999,9,'999999999,0,0.0000,0,88,999.000,0.0,1.0
2056/8/26,20:00,?9?9?9?9E0?9?9?9?9*9?9*9?9?9?9?9?9?9*9*_?9*9*9?9?9,31.7,22.7,59,100249,9999,9999,449,0,0,0,999900,999900,999900,99990,230,0.6,7,7,999.0,999,9,'999999999,0,0.0000,0,88,999.000,0.0,1.0
2056/8/26,21:00,?9?9?9?9E0?9?9?9?9*9?9*9?9?9?9?9?9?9*9*_?9*9*9?9?9,31.1,23.8,65,100249,9999,9999,442,0,0,0,999900,999900,999900,99990,230,0.5,6,6,999.0,999,9,'999999999,0,0.0000,0,88,999.000,0.0,1.0
2056/8/26,22:00,?9?9?9?9E0?9?9?9?9*9?9*9?9?9?9?9?9?9*9*_?9*9*9?9?9,30.8,22.7,62,100249,9999,9999,439,0,0,0,999900,999900,999900,99990,180,1.3,6,6,999.0,999,9,'999999999,0,0.0000,0,88,999.000,0.0,1.0
2056/8/26,23:00,?9?9?9?9E0?9?9?9?9*9?9*9?9?9?9?9?9?9*9*_?9*9*9?9?9,31.2,23.1,62,100349,9999,9999,454,0,0,0,999900,999900,999900,99990,180,1.4,8,8,999.0,999,9,'999999999,0,0.0000,0,88,999.000,0.0,1.0
2056/8/26,24:00,?9?9?9?9E0?9?9?9?9*9?9*9?9?9?9?9?9?9*9*_?9*9*9?9?9,30.8,24.2,68,100349,9999,9999,463,0,0,0,999900,999900,999900,99990,200,0.8,9,9,999.0,999,9,'999999999,0,0.0000,0,88,999.000,0.0,1.0
2056/8/27,01:00,?9?9?9?9E0?9?9?9?9*9?9*9?9?9?9?9?9?9*9*_?9*9*9?9?9,30.3,23.0,65,100349,9999,9999,458,0,0,0,999900,999900,999900,99990,220,1.4,9,9,999.0,999,9,'999999999,0,0.0000,0,88,999.000,0.0,1.0
2056/8/27,02:00,?9?9?9?9E0?9?9?9?9*9?9*9?9?9?9?9?9?9*9*_?9*9*9?9?9,30.2,23.4,67,100249,9999,9999,458,0,0,0,999900,999900,999900,99990,230,1.1,9,9,999.0,999,9,'999999999,0,0.0000,0,88,999.000,0.0,1.0
2056/8/27,03:00,?9?9?9?9E0?9?9?9?9*9?9*9?9?9?9?9?9?9*9*_?9*9*9?9?9,29.7,23.2,68,100149,9999,9999,455,0,0,0,999900,999900,999900,99990,180,0.9,9,9,999.0,999,9,'999999999,0,0.0000,0,88,999.000,0.0,1.0
2056/8/27,04:00,?9?9?9?9E0?9?9?9?9*9?9*9?9?9?9?9?9?9*9*_?9*9*9?9?9,29.7,22.7,66,100149,9999,9999,444,0,0,0,999900,999900,999900,99990,180,0.8,8,8,999.0,999,9,'999999999,0,0.0000,0,88,999.000,0.0,1.0
2056/8/27,05:00,?9?9?9?9E0?9?9?9?9*9?9*9?9?9?9?9?9?9*9*_?9*9*9?9?9,29.6,22.8,67,100249,9999,9999,444,0,0,0,999900,999900,999900,99990,180,1.0,8,8,999.0,999,9,'999999999,0,0.0000,0,88,999.000,0.0,1.0
2056/8/27,06:00,?9?9?9?9E0?9?9?9?9*9?9*9?9?9?9?9?9?9*9*_?9*9*9?9?9,29.4,22.6,67,100249,9999,9999,442,0,0,0,999900,999900,999900,99990,270,0.9,8,8,999.0,999,9,'999999999,0,0.0000,0,88,999.000,0.0,1.0
2056/8/27,07:00,?9?9?9?9E0?9?9?9?9*9?9*9?9?9?9?9?9?9*9*_?9*9*9?9?9,29.2,22.9,69,100349,9999,9999,442,42,29,39,999900,999900,999900,99990,250,0.8,8,8,999.0,999,9,'999999999,0,0.0000,0,88,999.000,0.0,1.0
2056/8/27,08:00,?9?9?9?9E0?9?9?9?9*9?9*9?9?9?9?9?9?9*9*_?9*9*9?9?9,29.4,22.9,68,100349,9999,9999,443,191,88,159,999900,999900,999900,99990,220,1.0,8,8,999.0,999,9,'999999999,0,0.0000,0,88,999.000,0.0,1.0
2056/8/27,09:00,?9?9?9?9E0?9?9?9?9*9?9*9?9?9?9?9?9?9*9*_?9*9*9?9?9,31.4,23.5,63,100449,9999,9999,456,365,154,275,999900,999900,999900,99990,230,1.3,8,8,999.0,999,9,'999999999,0,0.0000,0,88,999.000,0.0,1.0
2056/8/27,10:00,?9?9?9?9E0?9?9?9?9*9?9*9?9?9?9?9?9?9*9*_?9*9*9?9?9,31.9,22.3,57,100449,9999,9999,467,481,151,364,999900,999900,999900,99990,250,1.9,9,9,999.0,999,9,'999999999,0,0.0000,0,88,999.000,0.0,1.0
2056/8/27,11:00,?9?9?9?9E0?9?9?9?9*9?9*9?9?9?9?9?9?9*9*_?9*9*9?9?9,32.9,21.8,52,100449,9999,9999,472,587,161,441,999900,999900,999900,99990,240,2.8,9,9,999.0,999,9,'999999999,0,0.0000,0,88,999.000,0.0,1.0
2056/8/27,12:00,?9?9?9?9E0?9?9?9?9*9?9*9?9?9?9?9?9?9*9*_?9*9*9?9?9,33.6,21.1,48,100449,9999,9999,475,651,162,491,999900,999900,999900,99990,270,2.3,9,9,999.0,999,9,'999999999,0,0.0000,0,88,999.000,0.0,1.0
2056/8/27,13:00,?9?9?9?9E0?9?9?9?9*9?9*9?9?9?9?9?9?9*9*_?9*9*9?9?9,34.9,20.8,44,100349,9999,9999,483,643,146,497,999900,999900,999900,99990,250,2.3,9,9,999.0,999,9,'999999999,0,0.0000,0,88,999.000,0.0,1.0
2056/8/27,14:00,?9?9?9?9E0?9?9?9?9*9?9*9?9?9?9?9?9?9*9*_?9*9*9?9?9,34.9,20.8,44,100249,9999,9999,483,602,151,459,999900,999900,999900,99990,250,1.8,9,9,999.0,999,9,'999999999,0,0.0000,0,88,999.000,0.0,1.0
2056/8/27,15:00,?9?9?9?9E0?9?9?9?9*9?9*9?9?9?9?9?9?9*9*_?9*9*9?9?9,34.8,20.8,44,100149,9999,9999,482,521,152,395,999900,999900,999900,99990,270,1.6,9,9,999.0,999,9,'999999999,0,0.0000,0,88,999.000,0.0,1.0
2056/8/27,16:00,?9?9?9?9E0?9?9?9?9*9?9*9?9?9?9?9?9?9*9*_?9*9*9?9?9,34.8,20.8,44,100049,9999,9999,482,376,117,299,999900,999900,999900,99990,270,1.5,9,9,999.0,999,9,'999999999,0,0.0000,0,88,999.000,0.0,1.0
2056/8/27,17:00,?9?9?9?9E0?9?9?9?9*9?9*9?9?9?9?9?9?9*9*_?9*9*9?9?9,34.6,20.2,43,100049,9999,9999,480,232,86,193,999900,999900,999900,99990,330,0.5,9,9,999.0,999,9,'999999999,0,0.0000,0,88,999.000,0.0,1.0
2056/8/27,18:00,?9?9?9?9E0?9?9?9?9*9?9*9?9?9?9?9?9?9*9*_?9*9*9?9?9,33.6,21.4,49,100049,9999,9999,476,78,30,72,999900,999900,999900,99990,320,0.3,9,9,999.0,999,9,'999999999,0,0.0000,0,88,999.000,0.0,1.0
2056/8/27,19:00,?9?9?9?9E0?9?9?9?9*9?9*9?9?9?9?9?9?9*9*_?9*9*9?9?9,32.6,21.5,52,100149,9999,9999,470,1,0,1,999900,999900,999900,99990,320,0.3,9,9,999.0,999,9,'999999999,0,0.0000,0,88,999.000,0.0,1.0
2056/8/27,20:00,?9?9?9?9E0?9?9?9?9*9?9*9?9?9?9?9?9?9*9*_?9*9*9?9?9,31.8,22.5,58,100149,9999,9999,466,0,0,0,999900,999900,999900,99990,320,0.3,9,9,999.0,999,9,'999999999,0,0.0000,0,88,999.000,0.0,1.0
2056/8/27,21:00,?9?9?9?9E0?9?9?9?9*9?9*9?9?9?9?9?9?9*9*_?9*9*9?9?9,31.4,23.8,64,100249,9999,9999,466,0,0,0,999900,999900,999900,99990,320,0.3,9,9,999.0,999,9,'999999999,0,0.0000,0,88,999.000,0.0,1.0
2056/8/27,22:00,?9?9?9?9E0?9?9?9?9*9?9*9?9?9?9?9?9?9*9*_?9*9*9?9?9,31.2,22.8,61,100349,9999,9999,463,0,0,0,999900,999900,999900,99990,320,0.7,9,9,999.0,999,9,'999999999,0,0.0000,0,88,999.000,0.0,1.0
2056/8/27,23:00,?9?9?9?9E0?9?9?9?9*9?9*9?9?9?9?9?9?9*9*_?9*9*9?9?9,30.9,23.8,66,100449,9999,9999,463,0,0,0,999900,999900,999900,99990,320,0.3,9,9,999.0,999,9,'999999999,0,0.0000,0,88,999.000,0.0,1.0
2056/8/27,24:00,?9?9?9?9E0?9?9?9?9*9?9*9?9?9?9?9?9?9*9*_?9*9*9?9?9,30.4,23.8,68,100449,9999,9999,460,0,0,0,999900,999900,999900,99990,320,0.3,9,9,999.0,999,9,'999999999,0,0.0000,0,88,999.000,0.0,1.0
2056/8/28,01:00,?9?9?9?9E0?9?9?9?9*9?9*9?9?9?9?9?9?9*9*_?9*9*9?9?9,30.3,24.9,73,100349,9999,9999,461,0,0,0,999900,999900,999900,99990,320,0.4,9,9,999.0,999,9,'999999999,0,0.0000,0,88,999.000,0.0,1.0
2056/8/28,02:00,?9?9?9?9E0?9?9?9?9*9?9*9?9?9?9?9?9?9*9*_?9*9*9?9?9,29.9,25.9,79,100349,9999,9999,459,0,0,0,999900,999900,999900,99990,320,0.3,9,9,999.0,999,9,'999999999,0,0.0000,0,88,999.000,0.0,1.0
2056/8/28,03:00,?9?9?9?9E0?9?9?9?9*9?9*9?9?9?9?9?9?9*9*_?9*9*9?9?9,29.4,23.6,71,100249,9999,9999,453,0,0,0,999900,999900,999900,99990,250,1.1,9,9,999.0,999,9,'999999999,0,0.0000,0,88,999.000,0.0,1.0
2056/8/28,04:00,?9?9?9?9E0?9?9?9?9*9?9*9?9?9?9?9?9?9*9*_?9*9*9?9?9,29.4,22.9,68,100249,9999,9999,452,0,0,0,999900,999900,999900,99990,260,1.5,9,9,999.0,999,9,'999999999,0,0.0000,0,88,999.000,0.0,1.0
2056/8/28,05:00,?9?9?9?9E0?9?9?9?9*9?9*9?9?9?9?9?9?9*9*_?9*9*9?9?9,29.0,22.7,69,100249,9999,9999,450,0,0,0,999900,999900,999900,99990,260,0.9,9,9,999.0,999,9,'999999999,0,0.0000,0,88,999.000,0.0,1.0
2056/8/28,06:00,?9?9?9?9E0?9?9?9?9*9?9*9?9?9?9?9?9?9*9*_?9*9*9?9?9,28.5,22.5,70,100349,9999,9999,446,0,0,0,999900,999900,999900,99990,272,1.0,9,9,999.0,999,9,'999999999,0,0.0000,0,88,999.000,0.0,1.0
2056/8/28,07:00,?9?9?9?9E0?9?9?9?9*9?9*9?9?9?9?9?9?9*9*_?9*9*9?9?9,28.5,23.0,72,100349,9999,9999,447,30,12,29,999900,999900,999900,99990,250,1.1,9,9,999.0,999,9,'999999999,0,0.0000,0,88,999.000,0.0,1.0
2056/8/28,08:00,?9?9?9?9E0?9?9?9?9*9?9*9?9?9?9?9?9?9*9*_?9*9*9?9?9,28.9,23.8,74,100449,9999,9999,451,152,39,138,999900,999900,999900,99990,260,0.8,9,9,999.0,999,9,'999999999,0,0.0000,0,88,999.000,0.0,1.0
2056/8/28,09:00,?9?9?9?9E0?9?9?9?9*9?9*9?9?9?9?9?9?9*9*_?9*9*9?9?9,31.0,24.2,67,100449,9999,9999,464,303,78,257,999900,999900,999900,99990,250,0.8,9,9,999.0,999,9,'999999999,0,0.0000,0,88,999.000,0.0,1.0
2056/8/28,10:00,?9?9?9?9E0?9?9?9?9*9?9*9?9?9?9?9?9?9*9*_?9*9*9?9?9,32.4,22.2,55,100549,9999,9999,470,480,140,372,999900,999900,999900,99990,250,1.9,9,9,999.0,999,9,'999999999,0,0.0000,0,88,999.000,0.0,1.0
2056/8/28,11:00,?9?9?9?9E0?9?9?9?9*9?9*9?9?9?9?9?9?9*9*_?9*9*9?9?9,33.8,21.9,50,100449,9999,9999,478,583,152,445,999900,999900,999900,99990,250,2.3,9,9,999.0,999,9,'999999999,0,0.0000,0,88,999.000,0.0,1.0
2056/8/28,12:00,?9?9?9?9E0?9?9?9?9*9?9*9?9?9?9?9?9?9*9*_?9*9*9?9?9,34.2,22.3,50,100449,9999,9999,481,635,145,493,999900,999900,999900,99990,250,1.6,9,9,999.0,999,9,'999999999,0,0.0000,0,88,999.000,0.0,1.0
2056/8/28,13:00,?9?9?9?9E0?9?9?9?9*9?9*9?9?9?9?9?9?9*9*_?9*9*9?9?9,34.2,22.0,49,100449,9999,9999,480,632,133,499,999900,999900,999900,99990,260,2.2,9,9,999.0,999,9,'999999999,0,0.0000,0,88,999.000,0.0,1.0
2056/8/28,14:00,?9?9?9?9E0?9?9?9?9*9?9*9?9?9?9?9?9?9*9*_?9*9*9?9?9,35.1,22.5,48,100349,9999,9999,487,591,138,461,999900,999900,999900,99990,270,1.6,9,9,999.0,999,9,'999999999,0,0.0000,0,88,999.000,0.0,1.0
2056/8/28,15:00,?9?9?9?9E0?9?9?9?9*9?9*9?9?9?9?9?9?9*9*_?9*9*9?9?9,35.2,22.2,47,100249,9999,9999,487,513,141,396,999900,999900,999900,99990,230,1.6,9,9,999.0,999,9,'999999999,0,0.0000,0,88,999.000,0.0,1.0
2056/8/28,16:00,?9?9?9?9E0?9?9?9?9*9?9*9?9?9?9?9?9?9*9*_?9*9*9?9?9,34.9,21.6,46,100149,9999,9999,484,368,107,298,999900,999900,999900,99990,230,1.5,9,9,999.0,999,9,'999999999,0,0.0000,0,88,999.000,0.0,1.0
2056/8/28,17:00,?9?9?9?9E0?9?9?9?9*9?9*9?9?9?9?9?9?9*9*_?9*9*9?9?9,34.6,21.7,47,100149,9999,9999,482,229,81,193,999900,999900,999900,99990,240,1.7,9,9,999.0,999,9,'999999999,0,0.0000,0,88,999.000,0.0,1.0
2056/8/28,18:00,?9?9?9?9E0?9?9?9?9*9?9*9?9?9?9?9?9?9*9*_?9*9*9?9?9,33.9,22.7,52,100149,9999,9999,480,75,27,69,999900,999900,999900,99990,230,0.7,9,9,999.0,999,9,'999999999,0,0.0000,0,88,999.000,0.0,1.0
2056/8/28,19:00,?9?9?9?9E0?9?9?9?9*9?9*9?9?9?9?9?9?9*9*_?9*9*9?9?9,32.4,24.5,63,100149,9999,9999,473,1,0,1,999900,999900,999900,99990,200,0.8,9,9,999.0,999,9,'999999999,0,0.0000,0,88,999.000,0.0,1.0
2056/8/28,20:00,?9?9?9?9E0?9?9?9?9*9?9*9?9?9?9?9?9?9*9*_?9*9*9?9?9,31.7,27.4,78,100249,9999,9999,473,0,0,0,999900,999900,999900,99990,180,0.7,9,9,999.0,999,9,'999999999,0,0.0000,0,88,999.000,0.0,1.0
2056/8/28,21:00,?9?9?9?9E0?9?9?9?9*9?9*9?9?9?9?9?9?9*9*_?9*9*9?9?9,30.9,27.9,84,100349,9999,9999,468,0,0,0,999900,999900,999900,99990,230,0.9,9,9,999.0,999,9,'999999999,0,0.0000,0,88,999.000,0.0,1.0
2056/8/28,22:00,?9?9?9?9E0?9?9?9?9*9?9*9?9?9?9?9?9?9*9*_?9*9*9?9?9,30.4,27.8,86,100449,9999,9999,465,0,0,0,999900,999900,999900,99990,180,0.7,9,9,999.0,999,9,'999999999,0,0.0000,0,88,999.000,0.0,1.0
2056/8/28,23:00,?9?9?9?9E0?9?9?9?9*9?9*9?9?9?9?9?9?9*9*_?9*9*9?9?9,30.4,28.0,87,100449,9999,9999,465,0,0,0,999900,999900,999900,99990,180,0.6,9,9,999.0,999,9,'999999999,0,0.0000,0,88,999.000,0.0,1.0
2056/8/28,24:00,?9?9?9?9E0?9?9?9?9*9?9*9?9?9?9?9?9?9*9*_?9*9*9?9?9,30.0,28.4,91,100449,9999,9999,463,0,0,0,999900,999900,999900,99990,180,0.6,9,9,999.0,999,9,'999999999,0,0.0000,0,88,999.000,0.0,1.0
2056/8/29,01:00,?9?9?9?9E0?9?9?9?9*9?9*9?9?9?9?9?9?9*9*_?9*9*9?9?9,29.9,28.3,91,100449,9999,9999,446,0,0,0,999900,999900,999900,99990,180,0.6,7,7,999.0,999,9,'999999999,0,0.0000,0,88,999.000,0.0,1.0
2056/8/29,02:00,?9?9?9?9E0?9?9?9?9*9?9*9?9?9?9?9?9?9*9*_?9*9*9?9?9,29.9,28.3,91,100349,9999,9999,437,0,0,0,999900,999900,999900,99990,220,0.6,5,5,999.0,999,9,'999999999,0,0.0000,0,88,999.000,0.0,1.0
2056/8/29,03:00,?9?9?9?9E0?9?9?9?9*9?9*9?9?9?9?9?9?9*9*_?9*9*9?9?9,29.7,25.9,80,100349,9999,9999,442,0,0,0,999900,999900,999900,99990,230,0.8,7,7,999.0,999,9,'999999999,0,0.0000,0,88,999.000,0.0,1.0
2056/8/29,04:00,?9?9?9?9E0?9?9?9?9*9?9*9?9?9?9?9?9?9*9*_?9*9*9?9?9,29.9,21.0,59,100249,9999,9999,431,0,0,0,999900,999900,999900,99990,260,2.1,6,6,999.0,999,9,'999999999,0,0.0000,0,88,999.000,0.0,1.0
2056/8/29,05:00,?9?9?9?9E0?9?9?9?9*9?9*9?9?9?9?9?9?9*9*_?9*9*9?9?9,29.5,20.7,59,100249,9999,9999,425,0,0,0,999900,999900,999900,99990,250,1.5,5,5,999.0,999,9,'999999999,0,0.0000,0,88,999.000,0.0,1.0
2056/8/29,06:00,?9?9?9?9E0?9?9?9?9*9?9*9?9?9?9?9?9?9*9*_?9*9*9?9?9,29.0,21.3,63,100349,9999,9999,423,0,0,0,999900,999900,999900,99990,270,1.2,5,5,999.0,999,9,'999999999,0,0.0000,0,88,999.000,0.0,1.0
2056/8/29,07:00,?9?9?9?9E0?9?9?9?9*9?9*9?9?9?9?9?9?9*9*_?9*9*9?9?9,28.8,21.6,65,100449,9999,9999,422,69,171,49,999900,999900,999900,99990,270,0.9,5,5,999.0,999,9,'999999999,0,0.0000,0,88,999.000,0.0,1.0
2056/8/29,08:00,?9?9?9?9E0?9?9?9?9*9?9*9?9?9?9?9?9?9*9*_?9*9*9?9?9,30.0,21.7,61,100449,9999,9999,429,269,350,142,999900,999900,999900,99990,270,1.2,5,5,999.0,999,9,'999999999,0,0.0000,0,88,999.000,0.0,1.0
2056/8/29,09:00,?9?9?9?9E0?9?9?9?9*9?9*9?9?9?9?9?9?9*9*_?9*9*9?9?9,32.2,22.0,55,100449,9999,9999,446,459,415,215,999900,999900,999900,99990,320,1.7,6,6,999.0,999,9,'999999999,0,0.0000,0,88,999.000,0.0,1.0
2056/8/29,10:00,?9?9?9?9E0?9?9?9?9*9?9*9?9?9?9?9?9?9*9*_?9*9*9?9?9,33.1,21.3,50,100549,9999,9999,455,615,436,279,999900,999900,999900,99990,320,1.6,7,7,999.0,999,9,'999999999,0,0.0000,0,88,999.000,0.0,1.0
2056/8/29,11:00,?9?9?9?9E0?9?9?9?9*9?9*9?9?9?9?9?9?9*9*_?9*9*9?9?9,34.2,21.6,48,100549,9999,9999,453,842,628,272,999900,999900,999900,99990,260,1.6,5,5,999.0,999,9,'999999999,0,0.0000,0,88,999.000,0.0,1.0
2056/8/29,12:00,?9?9?9?9E0?9?9?9?9*9?9*9?9?9?9?9?9?9*9*_?9*9*9?9?9,35.7,21.2,43,100449,9999,9999,465,878,567,321,999900,999900,999900,99990,270,1.4,6,6,999.0,999,9,'999999999,0,0.0000,0,88,999.000,0.0,1.0
2056/8/29,13:00,?9?9?9?9E0?9?9?9?9*9?9*9?9?9?9?9?9?9*9*_?9*9*9?9?9,36.2,21.3,42,100349,9999,9999,464,920,611,312,999900,999900,999900,99990,260,1.5,5,5,999.0,999,9,'999999999,0,0.0000,0,88,999.000,0.0,1.0
2056/8/29,14:00,?9?9?9?9E0?9?9?9?9*9?9*9?9?9?9?9?9?9*9*_?9*9*9?9?9,36.1,21.2,42,100349,9999,9999,464,865,615,286,999900,999900,999900,99990,230,1.2,5,5,999.0,999,9,'999999999,0,0.0000,0,88,999.000,0.0,1.0
2056/8/29,15:00,?9?9?9?9E0?9?9?9?9*9?9*9?9?9?9?9?9?9*9*_?9*9*9?9?9,36.0,21.5,43,100249,9999,9999,473,661,422,312,999900,999900,999900,99990,320,1.9,7,7,999.0,999,9,'999999999,0,0.0000,0,88,999.000,0.0,1.0
2056/8/29,16:00,?9?9?9?9E0?9?9?9?9*9?9*9?9?9?9?9?9?9*9*_?9*9*9?9?9,35.7,21.2,43,100149,9999,9999,489,379,156,277,999900,999900,999900,99990,320,1.6,9,9,999.0,999,9,'999999999,0,0.0000,0,88,999.000,0.0,1.0
2056/8/29,17:00,?9?9?9?9E0?9?9?9?9*9?9*9?9?9?9?9?9?9*9*_?9*9*9?9?9,35.3,23.6,51,100149,9999,9999,490,221,92,180,999900,999900,999900,99990,320,1.0,9,9,999.0,999,9,'999999999,0,0.0000,0,88,999.000,0.0,1.0
2056/8/29,18:00,?9?9?9?9E0?9?9?9?9*9?9*9?9?9?9?9?9?9*9*_?9*9*9?9?9,32.8,24.8,63,100149,9999,9999,476,69,29,63,999900,999900,999900,99990,110,1.0,9,9,999.0,999,9,'999999999,0,0.0000,0,88,999.000,0.0,1.0
2056/8/29,19:00,?9?9?9?9E0?9?9?9?9*9?9*9?9?9?9?9?9?9*9*_?9*9*9?9?9,32.1,24.7,65,100249,9999,9999,449,1,0,1,999900,999900,999900,99990,70,0.8,6,6,999.0,999,9,'999999999,0,0.0000,0,88,999.000,0.0,1.0
2056/8/29,20:00,?9?9?9?9E0?9?9?9?9*9?9*9?9?9?9?9?9?9*9*_?9*9*9?9?9,31.4,26.2,74,100249,9999,9999,447,0,0,0,999900,999900,999900,99990,70,0.8,6,6,999.0,999,9,'999999999,0,0.0000,0,88,999.000,0.0,1.0
2056/8/29,21:00,?9?9?9?9E0?9?9?9?9*9?9*9?9?9?9?9?9?9*9*_?9*9*9?9?9,30.4,29.9,97,100349,9999,9999,451,0,0,0,999900,999900,999900,99990,160,0.5,7,7,999.0,999,9,'999999999,0,0.0000,0,88,999.000,0.0,1.0
2056/8/29,22:00,?9?9?9?9E0?9?9?9?9*9?9*9?9?9?9?9?9?9*9*_?9*9*9?9?9,30.4,26.1,78,100449,9999,9999,453,0,0,0,999900,999900,999900,99990,160,0.8,8,8,999.0,999,9,'999999999,0,0.0000,0,88,999.000,0.0,1.0
2056/8/29,23:00,?9?9?9?9E0?9?9?9?9*9?9*9?9?9?9?9?9?9*9*_?9*9*9?9?9,30.4,26.8,81,100549,9999,9999,438,0,0,0,999900,999900,999900,99990,130,0.9,5,5,999.0,999,9,'999999999,0,0.0000,0,88,999.000,0.0,1.0
2056/8/29,24:00,?9?9?9?9E0?9?9?9?9*9?9*9?9?9?9?9?9?9*9*_?9*9*9?9?9,30.4,28.0,87,100449,9999,9999,443,0,0,0,999900,999900,999900,99990,160,1.2,6,6,999.0,999,9,'999999999,0,0.0000,0,88,999.000,0.0,1.0
2056/8/30,01:00,?9?9?9?9E0?9?9?9?9*9?9*9?9?9?9?9?9?9*9*_?9*9*9?9?9,30.4,28.8,91,100449,9999,9999,440,0,0,0,999900,999900,999900,99990,150,0.9,5,5,999.0,999,9,'999999999,0,0.0000,0,88,999.000,0.0,1.0
2056/8/30,02:00,?9?9?9?9E0?9?9?9?9*9?9*9?9?9?9?9?9?9*9*_?9*9*9?9?9,30.4,28.0,87,100449,9999,9999,439,0,0,0,999900,999900,999900,99990,160,0.5,5,5,999.0,999,9,'999999999,0,0.0000,0,88,999.000,0.0,1.0
2056/8/30,03:00,?9?9?9?9E0?9?9?9?9*9?9*9?9?9?9?9?9?9*9*_?9*9*9?9?9,29.9,28.1,90,100349,9999,9999,446,0,0,0,999900,999900,999900,99990,160,0.5,7,7,999.0,999,9,'999999999,0,0.0000,0,88,999.000,0.0,1.0
2056/8/30,04:00,?9?9?9?9E0?9?9?9?9*9?9*9?9?9?9?9?9?9*9*_?9*9*9?9?9,29.6,28.2,92,100349,9999,9999,439,0,0,0,999900,999900,999900,99990,160,0.0,6,6,999.0,999,9,'999999999,0,0.0000,0,88,999.000,0.0,1.0
2056/8/30,05:00,?9?9?9?9E0?9?9?9?9*9?9*9?9?9?9?9?9?9*9*_?9*9*9?9?9,29.4,28.5,95,100349,9999,9999,438,0,0,0,999900,999900,999900,99990,160,0.6,6,6,999.0,999,9,'999999999,0,0.0000,0,88,999.000,0.0,1.0
2056/8/30,06:00,?9?9?9?9E0?9?9?9?9*9?9*9?9?9?9?9?9?9*9*_?9*9*9?9?9,28.4,26.0,87,100349,9999,9999,434,0,0,0,999900,999900,999900,99990,230,0.7,7,7,999.0,999,9,'999999999,0,0.0000,0,88,999.000,0.0,1.0
2056/8/30,07:00,?9?9?9?9E0?9?9?9?9*9?9*9?9?9?9?9?9?9*9*_?9*9*9?9?9,28.7,26.7,89,100449,9999,9999,425,63,143,46,999900,999900,999900,99990,220,0.8,4,4,999.0,999,9,'999999999,0,0.0000,0,88,999.000,0.0,1.0
2056/8/30,08:00,?9?9?9?9E0?9?9?9?9*9?9*9?9?9?9?9?9?9*9*_?9*9*9?9?9,30.9,23.8,66,100449,9999,9999,430,288,441,127,999900,999900,999900,99990,200,1.9,3,3,999.0,999,9,'999999999,0,0.0000,0,88,999.000,0.0,1.0
2056/8/30,09:00,?9?9?9?9E0?9?9?9?9*9?9*9?9?9?9?9?9?9*9*_?9*9*9?9?9,32.8,22.6,55,100449,9999,9999,443,511,581,170,999900,999900,999900,99990,290,2.1,4,4,999.0,999,9,'999999999,0,0.0000,0,88,999.000,0.0,1.0
2056/8/30,10:00,?9?9?9?9E0?9?9?9?9*9?9*9?9?9?9?9?9?9*9*_?9*9*9?9?9,33.9,22.7,52,100649,9999,9999,453,696,624,214,999900,999900,999900,99990,220,1.7,5,5,999.0,999,9,'999999999,0,0.0000,0,88,999.000,0.0,1.0
2056/8/30,11:00,?9?9?9?9E0?9?9?9?9*9?9*9?9?9?9?9?9?9*9*_?9*9*9?9?9,34.8,21.8,47,100549,9999,9999,457,848,654,255,999900,999900,999900,99990,240,2.0,5,5,999.0,999,9,'999999999,0,0.0000,0,88,999.000,0.0,1.0
2056/8/30,12:00,?9?9?9?9E0?9?9?9?9*9?9*9?9?9?9?9?9?9*9*_?9*9*9?9?9,35.5,22.1,46,100549,9999,9999,471,809,460,357,999900,999900,999900,99990,340,1.4,7,7,999.0,999,9,'999999999,0,0.0000,0,88,999.000,0.0,1.0
2056/8/30,13:00,?9?9?9?9E0?9?9?9?9*9?9*9?9?9?9?9?9?9*9*_?9*9*9?9?9,36.4,22.2,44,100449,9999,9999,471,862,519,346,999900,999900,999900,99990,270,1.1,6,6,999.0,999,9,'999999999,0,0.0000,0,88,999.000,0.0,1.0
2056/8/30,14:00,?9?9?9?9E0?9?9?9?9*9?9*9?9?9?9?9?9?9*9*_?9*9*9?9?9,36.8,22.2,43,100349,9999,9999,469,859,615,280,999900,999900,999900,99990,250,1.1,5,5,999.0,999,9,'999999999,0,0.0000,0,88,999.000,0.0,1.0
2056/8/30,15:00,?9?9?9?9E0?9?9?9?9*9?9*9?9?9?9?9?9?9*9*_?9*9*9?9?9,35.5,23.5,50,100249,9999,9999,468,689,513,266,999900,999900,999900,99990,250,0.6,6,6,999.0,999,9,'999999999,0,0.0000,0,88,999.000,0.0,1.0
2056/8/30,16:00,?9?9?9?9E0?9?9?9?9*9?9*9?9?9?9?9?9?9*9*_?9*9*9?9?9,34.1,23.2,53,100249,9999,9999,455,542,506,210,999900,999900,999900,99990,120,1.1,5,5,999.0,999,9,'999999999,0,0.0000,0,88,999.000,0.0,1.0
2056/8/30,17:00,?9?9?9?9E0?9?9?9?9*9?9*9?9?9?9?9?9?9*9*_?9*9*9?9?9,33.0,25.6,65,100249,9999,9999,451,328,373,163,999900,999900,999900,99990,100,0.8,5,5,999.0,999,9,'999999999,0,0.0000,0,88,999.000,0.0,1.0
2056/8/30,18:00,?9?9?9?9E0?9?9?9?9*9?9*9?9?9?9?9?9?9*9*_?9*9*9?9?9,31.7,27.2,77,100349,9999,9999,450,103,108,81,999900,999900,999900,99990,140,0.9,6,6,999.0,999,9,'999999999,0,0.0000,0,88,999.000,0.0,1.0
2056/8/30,19:00,?9?9?9?9E0?9?9?9?9*9?9*9?9?9?9?9?9?9*9*_?9*9*9?9?9,31.4,27.5,80,100349,9999,9999,441,1,0,1,999900,999900,999900,99990,100,0.6,4,4,999.0,999,9,'999999999,0,0.0000,0,88,999.000,0.0,1.0
2056/8/30,20:00,?9?9?9?9E0?9?9?9?9*9?9*9?9?9?9?9?9?9*9*_?9*9*9?9?9,30.9,28.9,89,100449,9999,9999,437,0,0,0,999900,999900,999900,99990,110,0.9,3,3,999.0,999,9,'999999999,0,0.0000,0,88,999.000,0.0,1.0
2056/8/30,21:00,?9?9?9?9E0?9?9?9?9*9?9*9?9?9?9?9?9?9*9*_?9*9*9?9?9,30.7,28.3,87,100449,9999,9999,438,0,0,0,999900,999900,999900,99990,270,1.1,4,4,999.0,999,9,'999999999,0,0.0000,0,88,999.000,0.0,1.0
2056/8/30,22:00,?9?9?9?9E0?9?9?9?9*9?9*9?9?9?9?9?9?9*9*_?9*9*9?9?9,30.6,28.4,88,100549,9999,9999,434,0,0,0,999900,999900,999900,99990,140,0.7,3,3,999.0,999,9,'999999999,0,0.0000,0,88,999.000,0.0,1.0
2056/8/30,23:00,?9?9?9?9E0?9?9?9?9*9?9*9?9?9?9?9?9?9*9*_?9*9*9?9?9,30.5,28.5,89,100549,9999,9999,437,0,0,0,999900,999900,999900,99990,140,0.6,4,4,999.0,999,9,'999999999,0,0.0000,0,88,999.000,0.0,1.0
2056/8/30,24:00,?9?9?9?9E0?9?9?9?9*9?9*9?9?9?9?9?9?9*9*_?9*9*9?9?9,29.4,28.2,93,100649,9999,9999,434,0,0,0,999900,999900,999900,99990,180,0.5,5,5,999.0,999,9,'999999999,0,0.0000,0,88,999.000,0.0,1.0
2056/8/31,01:00,?9?9?9?9E0?9?9?9?9*9?9*9?9?9?9?9?9?9*9*_?9*9*9?9?9,29.2,28.3,95,100649,9999,9999,426,0,0,0,999900,999900,999900,99990,180,0.9,3,3,999.0,999,9,'999999999,0,0.0000,0,88,999.000,0.0,1.0
2056/8/31,02:00,?9?9?9?9E0?9?9?9?9*9?9*9?9?9?9?9?9?9*9*_?9*9*9?9?9,28.4,26.8,91,100549,9999,9999,420,0,0,0,999900,999900,999900,99990,230,1.3,3,3,999.0,999,9,'999999999,0,0.0000,0,88,999.000,0.0,1.0
2056/8/31,03:00,?9?9?9?9E0?9?9?9?9*9?9*9?9?9?9?9?9?9*9*_?9*9*9?9?9,27.7,26.7,94,100549,9999,9999,419,0,0,0,999900,999900,999900,99990,180,1.2,4,4,999.0,999,9,'999999999,0,0.0000,0,88,999.000,0.0,1.0
2056/8/31,04:00,?9?9?9?9E0?9?9?9?9*9?9*9?9?9?9?9?9?9*9*_?9*9*9?9?9,27.7,27.2,97,100549,9999,9999,427,0,0,0,999900,999900,999900,99990,180,1.4,6,6,999.0,999,9,'999999999,0,0.0000,0,88,999.000,0.0,1.0
2056/8/31,05:00,?9?9?9?9E0?9?9?9?9*9?9*9?9?9?9?9?9?9*9*_?9*9*9?9?9,27.2,26.7,97,100549,9999,9999,428,0,0,0,999900,999900,999900,99990,180,0.9,7,7,999.0,999,9,'999999999,0,0.0000,0,88,999.000,0.0,1.0
2056/8/31,06:00,?9?9?9?9E0?9?9?9?9*9?9*9?9?9?9?9?9?9*9*_?9*9*9?9?9,27.2,27.0,99,100549,9999,9999,429,0,0,0,999900,999900,999900,99990,270,1.0,7,7,999.0,999,9,'999999999,0,0.0000,0,88,999.000,0.0,1.0
2056/8/31,07:00,?9?9?9?9E0?9?9?9?9*9?9*9?9?9?9?9?9?9*9*_?9*9*9?9?9,27.7,27.2,97,100549,9999,9999,423,53,70,45,999900,999900,999900,99990,260,0.9,5,5,999.0,999,9,'999999999,0,0.0000,0,88,999.000,0.0,1.0
2056/8/31,08:00,?9?9?9?9E0?9?9?9?9*9?9*9?9?9?9?9?9?9*9*_?9*9*9?9?9,28.7,27.5,93,100649,9999,9999,429,227,192,157,999900,999900,999900,99990,260,1.0,5,5,999.0,999,9,'999999999,0,0.0000,0,88,999.000,0.0,1.0
2056/8/31,09:00,?9?9?9?9E0?9?9?9?9*9?9*9?9?9?9?9?9?9*9*_?9*9*9?9?9,32.2,25.8,69,100649,9999,9999,447,453,383,228,999900,999900,999900,99990,270,1.0,5,5,999.0,999,9,'999999999,0,0.0000,0,88,999.000,0.0,1.0
2056/8/31,10:00,?9?9?9?9E0?9?9?9?9*9?9*9?9?9?9?9?9?9*9*_?9*9*9?9?9,33.3,24.8,61,100649,9999,9999,452,668,526,261,999900,999900,999900,99990,260,1.4,5,5,999.0,999,9,'999999999,0,0.0000,0,88,999.000,0.0,1.0
2056/8/31,11:00,?9?9?9?9E0?9?9?9?9*9?9*9?9?9?9?9?9?9*9*_?9*9*9?9?9,34.0,24.6,58,100649,9999,9999,456,800,535,315,999900,999900,999900,99990,280,0.6,5,5,999.0,999,9,'999999999,0,0.0000,0,88,999.000,0.0,1.0
2056/8/31,12:00,?9?9?9?9E0?9?9?9?9*9?9*9?9?9?9?9?9?9*9*_?9*9*9?9?9,34.4,24.1,55,100549,9999,9999,467,778,380,405,999900,999900,999900,99990,280,0.4,7,7,999.0,999,9,'999999999,0,0.0000,0,88,999.000,0.0,1.0
2056/8/31,13:00,?9?9?9?9E0?9?9?9?9*9?9*9?9?9?9?9?9?9*9*_?9*9*9?9?9,34.4,24.4,56,100549,9999,9999,462,826,425,404,999900,999900,999900,99990,340,0.4,6,6,999.0,999,9,'999999999,0,0.0000,0,88,999.000,0.0,1.0
2056/8/31,14:00,?9?9?9?9E0?9?9?9?9*9?9*9?9?9?9?9?9?9*9*_?9*9*9?9?9,35.5,25.1,55,100349,9999,9999,470,770,413,382,999900,999900,999900,99990,340,0.4,6,6,999.0,999,9,'999999999,0,0.0000,0,88,999.000,0.0,1.0
2056/8/31,15:00,?9?9?9?9E0?9?9?9?9*9?9*9?9?9?9?9?9?9*9*_?9*9*9?9?9,33.2,27.7,73,100249,9999,9999,472,515,197,352,999900,999900,999900,99990,340,0.7,8,8,999.0,999,9,'999999999,0,0.0000,0,88,999.000,0.0,1.0
2056/8/31,16:00,?9?9?9?9E0?9?9?9?9*9?9*9?9?9?9?9?9?9*9*_?9*9*9?9?9,32.2,28.3,80,100149,9999,9999,447,505,366,266,999900,999900,999900,99990,100,0.8,4,4,999.0,999,9,'999999999,0,0.0000,0,88,999.000,0.0,1.0
2056/8/31,17:00,?9?9?9?9E0?9?9?9?9*9?9*9?9?9?9?9?9?9*9*_?9*9*9?9?9,30.3,25.4,75,100349,9999,9999,444,263,164,191,999900,999900,999900,99990,120,0.5,7,7,999.0,999,9,'999999999,0,0.0000,0,88,999.000,0.0,1.0
2056/8/31,18:00,?9?9?9?9E0?9?9?9?9*9?9*9?9?9?9?9?9?9*9*_?9*9*9?9?9,30.3,26.1,78,100349,9999,9999,462,53,17,50,999900,999900,999900,99990,320,0.0,9,9,999.0,999,9,'999999999,0,0.0000,0,88,999.000,0.0,1.0
2056/8/31,19:00,?9?9?9?9E0?9?9?9?9*9?9*9?9?9?9?9?9?9*9*_?9*9*9?9?9,29.8,27.4,87,100449,9999,9999,432,1,0,1,999900,999900,999900,99990,320,1.0,4,4,999.0,999,9,'999999999,0,0.0000,0,88,999.000,0.0,1.0
2056/8/31,20:00,?9?9?9?9E0?9?9?9?9*9?9*9?9?9?9?9?9?9*9*_?9*9*9?9?9,29.3,27.7,91,100549,9999,9999,426,0,0,0,999900,999900,999900,99990,320,0.0,3,3,999.0,999,9,'999999999,0,0.0000,0,88,999.000,0.0,1.0
2056/8/31,21:00,?9?9?9?9E0?9?9?9?9*9?9*9?9?9?9?9?9?9*9*_?9*9*9?9?9,28.7,27.5,93,100549,9999,9999,438,0,0,0,999900,999900,999900,99990,320,0.0,7,7,999.0,999,9,'999999999,0,0.0000,0,88,999.000,0.0,1.0
2056/8/31,22:00,?9?9?9?9E0?9?9?9?9*9?9*9?9?9?9?9?9?9*9*_?9*9*9?9?9,28.6,27.6,94,100549,9999,9999,437,0,0,0,999900,999900,999900,99990,320,1.2,7,7,999.0,999,9,'999999999,0,0.0000,0,88,999.000,0.0,1.0
2056/8/31,23:00,?9?9?9?9E0?9?9?9?9*9?9*9?9?9?9?9?9?9*9*_?9*9*9?9?9,28.5,27.3,93,100549,9999,9999,436,0,0,0,999900,999900,999900,99990,320,1.4,7,7,999.0,999,9,'999999999,0,0.0000,0,88,999.000,0.0,1.0
2056/8/31,24:00,?9?9?9?9E0?9?9?9?9*9?9*9?9?9?9?9?9?9*9*_?9*9*9?9?9,29.4,28.2,93,100549,9999,9999,443,0,0,0,999900,999900,999900,99990,320,0.9,7,7,999.0,999,9,'999999999,0,0.0000,0,88,999.000,0.0,1.0
2056/9/1,01:00,?9?9?9?9E0?9?9?9?9*9?9*9?9?9?9?9?9?9*9*_?9*9*9?9?9,29.3,27.9,92,100550,9999,9999,442,0,0,0,999900,999900,999900,99990,180,0.0,7,7,999.0,999,9,'999999999,0,0.0000,0,88,999.000,0.0,1.0
2056/9/1,02:00,?9?9?9?9E0?9?9?9?9*9?9*9?9?9?9?9?9?9*9*_?9*9*9?9?9,29.1,27.7,92,100450,9999,9999,440,0,0,0,999900,999900,999900,99990,180,0.0,7,7,999.0,999,9,'999999999,0,0.0000,0,88,999.000,0.0,1.0
2056/9/1,03:00,?9?9?9?9E0?9?9?9?9*9?9*9?9?9?9?9?9?9*9*_?9*9*9?9?9,28.9,27.3,91,100450,9999,9999,439,0,0,0,999900,999900,999900,99990,180,0.4,7,7,999.0,999,9,'999999999,0,0.0000,0,88,999.000,0.0,1.0
2056/9/1,04:00,?9?9?9?9E0?9?9?9?9*9?9*9?9?9?9?9?9?9*9*_?9*9*9?9?9,28.1,26.1,89,100450,9999,9999,433,0,0,0,999900,999900,999900,99990,220,1.0,7,7,999.0,999,9,'999999999,0,0.0000,0,88,999.000,0.0,1.0
2056/9/1,05:00,?9?9?9?9E0?9?9?9?9*9?9*9?9?9?9?9?9?9*9*_?9*9*9?9?9,27.4,25.1,87,100450,9999,9999,427,0,0,0,999900,999900,999900,99990,220,0.4,7,7,999.0,999,9,'999999999,0,0.0000,0,88,999.000,0.0,1.0
2056/9/1,06:00,?9?9?9?9E0?9?9?9?9*9?9*9?9?9?9?9?9?9*9*_?9*9*9?9?9,27.3,25.0,87,100450,9999,9999,422,0,0,0,999900,999900,999900,99990,180,0.7,6,6,999.0,999,9,'999999999,0,0.0000,0,88,999.000,0.0,1.0
2056/9/1,07:00,?9?9?9?9E0?9?9?9?9*9?9*9?9?9?9?9?9?9*9*_?9*9*9?9?9,28.1,24.8,82,100550,9999,9999,422,67,148,49,999900,999900,999900,99990,250,0.8,5,5,999.0,999,9,'999999999,0,0.0000,0,88,999.000,0.0,1.0
2056/9/1,08:00,?9?9?9?9E0?9?9?9?9*9?9*9?9?9?9?9?9?9*9*_?9*9*9?9?9,29.4,24.1,73,100550,9999,9999,444,204,162,145,999900,999900,999900,99990,240,1.0,8,8,999.0,999,9,'999999999,0,0.0000,0,88,999.000,0.0,1.0
2056/9/1,09:00,?9?9?9?9E0?9?9?9?9*9?9*9?9?9?9?9?9?9*9*_?9*9*9?9?9,31.7,24.1,64,100650,9999,9999,446,476,471,199,999900,999900,999900,99990,270,1.4,6,6,999.0,999,9,'999999999,0,0.0000,0,88,999.000,0.0,1.0
2056/9/1,10:00,?9?9?9?9E0?9?9?9?9*9?9*9?9?9?9?9?9?9*9*_?9*9*9?9?9,32.8,23.5,58,100650,9999,9999,447,713,661,202,999900,999900,999900,99990,270,1.4,5,5,999.0,999,9,'999999999,0,0.0000,0,88,999.000,0.0,1.0
2056/9/1,11:00,?9?9?9?9E0?9?9?9?9*9?9*9?9?9?9?9?9?9*9*_?9*9*9?9?9,33.8,23.8,56,100550,9999,9999,454,850,677,236,999900,999900,999900,99990,270,1.3,5,5,999.0,999,9,'999999999,0,0.0000,0,88,999.000,0.0,1.0
2056/9/1,12:00,?9?9?9?9E0?9?9?9?9*9?9*9?9?9?9?9?9?9*9*_?9*9*9?9?9,34.5,24.5,56,100550,9999,9999,459,917,657,271,999900,999900,999900,99990,270,0.7,5,5,999.0,999,9,'999999999,0,0.0000,0,88,999.000,0.0,1.0
2056/9/1,13:00,?9?9?9?9E0?9?9?9?9*9?9*9?9?9?9?9?9?9*9*_?9*9*9?9?9,35.3,23.6,51,100450,9999,9999,462,955,700,259,999900,999900,999900,99990,270,0.7,5,5,999.0,999,9,'999999999,0,0.0000,0,88,999.000,0.0,1.0
2056/9/1,14:00,?9?9?9?9E0?9?9?9?9*9?9*9?9?9?9?9?9?9*9*_?9*9*9?9?9,35.6,23.6,50,100350,9999,9999,464,896,703,236,999900,999900,999900,99990,280,1.0,5,5,999.0,999,9,'999999999,0,0.0000,0,88,999.000,0.0,1.0
2056/9/1,15:00,?9?9?9?9E0?9?9?9?9*9?9*9?9?9?9?9?9?9*9*_?9*9*9?9?9,36.1,23.4,48,100350,9999,9999,471,717,589,233,999900,999900,999900,99990,270,0.8,6,6,999.0,999,9,'999999999,0,0.0000,0,88,999.000,0.0,1.0
2056/9/1,16:00,?9?9?9?9E0?9?9?9?9*9?9*9?9?9?9?9?9?9*9*_?9*9*9?9?9,33.2,25.0,62,100250,9999,9999,448,580,623,174,999900,999900,999900,99990,280,2.1,4,4,999.0,999,9,'999999999,0,0.0000,0,88,999.000,0.0,1.0
2056/9/1,17:00,?9?9?9?9E0?9?9?9?9*9?9*9?9?9?9?9?9?9*9*_?9*9*9?9?9,31.2,25.6,72,100350,9999,9999,434,355,486,141,999900,999900,999900,99990,20,1.2,3,3,999.0,999,9,'999999999,0,0.0000,0,88,999.000,0.0,1.0
2056/9/1,18:00,?9?9?9?9E0?9?9?9?9*9?9*9?9?9?9?9?9?9*9*_?9*9*9?9?9,29.8,25.8,79,100450,9999,9999,442,101,122,77,999900,999900,999900,99990,50,1.0,7,7,999.0,999,9,'999999999,0,0.0000,0,88,999.000,0.1,1.0
2056/9/1,19:00,?9?9?9?9E0?9?9?9?9*9?9*9?9?9?9?9?9?9*9*_?9*9*9?9?9,29.4,25.6,80,100450,9999,9999,427,3,0,3,999900,999900,999900,99990,100,0.8,4,4,999.0,999,9,'999999999,0,0.0000,0,88,999.000,0.0,1.0
2056/9/1,20:00,?9?9?9?9E0?9?9?9?9*9?9*9?9?9?9?9?9?9*9*_?9*9*9?9?9,29.2,25.4,80,100550,9999,9999,429,0,0,0,999900,999900,999900,99990,100,0.5,5,5,999.0,999,9,'999999999,0,0.0000,0,88,999.000,0.0,1.0
2056/9/1,21:00,?9?9?9?9E0?9?9?9?9*9?9*9?9?9?9?9?9?9*9*_?9*9*9?9?9,28.6,24.8,80,100650,9999,9999,441,0,0,0,999900,999900,999900,99990,270,0.8,8,8,999.0,999,9,'999999999,0,0.0000,0,88,999.000,0.0,1.0
2056/9/1,22:00,?9?9?9?9E0?9?9?9?9*9?9*9?9?9?9?9?9?9*9*_?9*9*9?9?9,28.6,24.8,80,100650,9999,9999,434,0,0,0,999900,999900,999900,99990,270,0.7,7,7,999.0,999,9,'999999999,0,0.0000,0,88,999.000,0.0,1.0
2056/9/1,23:00,?9?9?9?9E0?9?9?9?9*9?9*9?9?9?9?9?9?9*9*_?9*9*9?9?9,28.6,24.6,79,100650,9999,9999,418,0,0,0,999900,999900,999900,99990,180,0.5,3,3,999.0,999,9,'999999999,0,0.0000,0,88,999.000,0.0,1.0
2056/9/1,24:00,?9?9?9?9E0?9?9?9?9*9?9*9?9?9?9?9?9?9*9*_?9*9*9?9?9,28.9,24.9,79,100650,9999,9999,431,0,0,0,999900,999900,999900,99990,180,1.0,6,6,999.0,999,9,'999999999,0,0.0000,0,88,999.000,0.0,1.0
2056/9/2,01:00,?9?9?9?9E0?9?9?9?9*9?9*9?9?9?9?9?9?9*9*_?9*9*9?9?9,28.9,25.3,81,100550,9999,9999,436,0,0,0,999900,999900,999900,99990,180,0.7,7,7,999.0,999,9,'999999999,0,0.0000,0,88,999.000,0.0,1.0
2056/9/2,02:00,?9?9?9?9E0?9?9?9?9*9?9*9?9?9?9?9?9?9*9*_?9*9*9?9?9,28.9,25.3,81,100550,9999,9999,421,0,0,0,999900,999900,999900,99990,190,1.0,3,3,999.0,999,9,'999999999,0,0.0000,0,88,999.000,0.0,1.0
2056/9/2,03:00,?9?9?9?9E0?9?9?9?9*9?9*9?9?9?9?9?9?9*9*_?9*9*9?9?9,28.5,24.5,79,100650,9999,9999,428,0,0,0,999900,999900,999900,99990,180,0.9,6,6,999.0,999,9,'999999999,0,0.0000,0,88,999.000,0.0,1.0
2056/9/2,04:00,?9?9?9?9E0?9?9?9?9*9?9*9?9?9?9?9?9?9*9*_?9*9*9?9?9,28.4,24.6,80,100450,9999,9999,439,0,0,0,999900,999900,999900,99990,180,0.6,8,8,999.0,999,9,'999999999,0,0.0000,0,88,999.000,0.0,1.0
2056/9/2,05:00,?9?9?9?9E0?9?9?9?9*9?9*9?9?9?9?9?9?9*9*_?9*9*9?9?9,28.1,24.3,80,100550,9999,9999,425,0,0,0,999900,999900,999900,99990,180,0.4,6,6,999.0,999,9,'999999999,0,0.0000,0,88,999.000,0.0,1.0
2056/9/2,06:00,?9?9?9?9E0?9?9?9?9*9?9*9?9?9?9?9?9?9*9*_?9*9*9?9?9,27.9,24.4,81,100650,9999,9999,421,0,0,0,999900,999900,999900,99990,240,0.2,5,5,999.0,999,9,'999999999,0,0.0000,0,88,999.000,0.0,1.0
2056/9/2,07:00,?9?9?9?9E0?9?9?9?9*9?9*9?9?9?9?9?9?9*9*_?9*9*9?9?9,28.3,24.7,81,100550,9999,9999,439,42,29,39,999900,999900,999900,99990,240,0.6,8,8,999.0,999,9,'999999999,0,0.0000,0,88,999.000,0.0,1.0
2056/9/2,08:00,?9?9?9?9E0?9?9?9?9*9?9*9?9?9?9?9?9?9*9*_?9*9*9?9?9,29.5,25.5,79,100650,9999,9999,447,198,97,163,999900,999900,999900,99990,240,0.8,8,8,999.0,999,9,'999999999,0,0.0000,0,88,999.000,0.0,1.0
2056/9/2,09:00,?9?9?9?9E0?9?9?9?9*9?9*9?9?9?9?9?9?9*9*_?9*9*9?9?9,30.6,24.8,71,100750,9999,9999,452,379,177,275,999900,999900,999900,99990,270,0.6,8,8,999.0,999,9,'999999999,0,0.0000,0,88,999.000,0.0,1.0
2056/9/2,10:00,?9?9?9?9E0?9?9?9?9*9?9*9?9?9?9?9?9?9*9*_?9*9*9?9?9,32.1,23.6,61,100750,9999,9999,460,550,233,370,999900,999900,999900,99990,280,0.8,8,8,999.0,999,9,'999999999,0,0.0000,0,88,999.000,0.0,1.0
2056/9/2,11:00,?9?9?9?9E0?9?9?9?9*9?9*9?9?9?9?9?9?9*9*_?9*9*9?9?9,32.8,23.7,59,100650,9999,9999,474,578,153,439,999900,999900,999900,99990,270,1.0,9,9,999.0,999,9,'999999999,0,0.0000,0,88,999.000,0.0,1.0
2056/9/2,12:00,?9?9?9?9E0?9?9?9?9*9?9*9?9?9?9?9?9?9*9*_?9*9*9?9?9,33.7,24.0,57,100650,9999,9999,480,623,137,488,999900,999900,999900,99990,270,0.8,9,9,999.0,999,9,'999999999,0,0.0000,0,88,999.000,0.0,1.0
2056/9/2,13:00,?9?9?9?9E0?9?9?9?9*9?9*9?9?9?9?9?9?9*9*_?9*9*9?9?9,34.3,24.0,55,100550,9999,9999,484,649,150,500,999900,999900,999900,99990,280,0.6,9,9,999.0,999,9,'999999999,0,0.0000,0,88,999.000,0.0,1.0
2056/9/2,14:00,?9?9?9?9E0?9?9?9?9*9?9*9?9?9?9?9?9?9*9*_?9*9*9?9?9,35.2,23.2,50,100450,9999,9999,489,616,165,461,999900,999900,999900,99990,280,1.0,9,9,999.0,999,9,'999999999,0,0.0000,0,88,999.000,0.0,1.0
2056/9/2,15:00,?9?9?9?9E0?9?9?9?9*9?9*9?9?9?9?9?9?9*9*_?9*9*9?9?9,35.2,22.9,49,100450,9999,9999,488,516,145,397,999900,999900,999900,99990,270,0.6,9,9,999.0,999,9,'999999999,0,0.0000,0,88,999.000,0.0,1.0
2056/9/2,16:00,?9?9?9?9E0?9?9?9?9*9?9*9?9?9?9?9?9?9*9*_?9*9*9?9?9,35.2,22.9,49,100350,9999,9999,502,304,57,267,999900,999900,999900,99990,270,0.3,10,10,999.0,999,9,'999999999,0,0.0000,0,88,999.000,0.0,1.0
2056/9/2,17:00,?9?9?9?9E0?9?9?9?9*9?9*9?9?9?9?9?9?9*9*_?9*9*9?9?9,33.1,25.9,66,100450,9999,9999,493,150,24,140,999900,999900,999900,99990,270,1.0,10,10,999.0,999,9,'999999999,0,0.0000,0,88,999.000,0.0,1.0
2056/9/2,18:00,?9?9?9?9E0?9?9?9?9*9?9*9?9?9?9?9?9?9*9*_?9*9*9?9?9,32.0,25.1,67,100450,9999,9999,485,49,12,47,999900,999900,999900,99990,140,1.0,10,10,999.0,999,9,'999999999,0,0.0000,0,88,999.000,0.0,1.0
2056/9/2,19:00,?9?9?9?9E0?9?9?9?9*9?9*9?9?9?9?9?9?9*9*_?9*9*9?9?9,29.9,22.6,65,100550,9999,9999,426,3,0,3,999900,999900,999900,99990,200,0.4,4,4,999.0,999,9,'999999999,0,0.0000,0,88,999.000,0.0,1.0
2056/9/2,20:00,?9?9?9?9E0?9?9?9?9*9?9*9?9?9?9?9?9?9*9*_?9*9*9?9?9,29.6,24.3,73,100550,9999,9999,423,0,0,0,999900,999900,999900,99990,200,0.8,3,3,999.0,999,9,'999999999,0,0.0000,0,88,999.000,0.0,1.0
2056/9/2,21:00,?9?9?9?9E0?9?9?9?9*9?9*9?9?9?9?9?9?9*9*_?9*9*9?9?9,29.6,25.8,80,100650,9999,9999,425,0,0,0,999900,999900,999900,99990,180,0.8,3,3,999.0,999,9,'999999999,0,0.0000,0,88,999.000,0.0,1.0
2056/9/2,22:00,?9?9?9?9E0?9?9?9?9*9?9*9?9?9?9?9?9?9*9*_?9*9*9?9?9,29.7,26.1,81,100650,9999,9999,430,0,0,0,999900,999900,999900,99990,180,0.5,4,4,999.0,999,9,'999999999,0,0.0000,0,88,999.000,0.0,1.0
2056/9/2,23:00,?9?9?9?9E0?9?9?9?9*9?9*9?9?9?9?9?9?9*9*_?9*9*9?9?9,29.7,26.1,81,100650,9999,9999,430,0,0,0,999900,999900,999900,99990,180,0.5,4,4,999.0,999,9,'999999999,0,0.0000,0,88,999.000,0.0,1.0
2056/9/2,24:00,?9?9?9?9E0?9?9?9?9*9?9*9?9?9?9?9?9?9*9*_?9*9*9?9?9,29.7,26.1,81,100650,9999,9999,430,0,0,0,999900,999900,999900,99990,180,0.6,4,4,999.0,999,9,'999999999,0,0.0000,0,88,999.000,0.0,1.0
2056/9/3,01:00,?9?9?9?9E0?9?9?9?9*9?9*9?9?9?9?9?9?9*9*_?9*9*9?9?9,29.6,26.0,81,100650,9999,9999,432,0,0,0,999900,999900,999900,99990,180,0.9,5,5,999.0,999,9,'999999999,0,0.0000,0,88,999.000,0.0,1.0
2056/9/3,02:00,?9?9?9?9E0?9?9?9?9*9?9*9?9?9?9?9?9?9*9*_?9*9*9?9?9,29.6,26.2,82,100550,9999,9999,433,0,0,0,999900,999900,999900,99990,230,0.6,5,5,999.0,999,9,'999999999,0,0.0000,0,88,999.000,0.0,1.0
2056/9/3,03:00,?9?9?9?9E0?9?9?9?9*9?9*9?9?9?9?9?9?9*9*_?9*9*9?9?9,29.5,26.1,82,100550,9999,9999,432,0,0,0,999900,999900,999900,99990,230,0.8,5,5,999.0,999,9,'999999999,0,0.0000,0,88,999.000,0.0,1.0
2056/9/3,04:00,?9?9?9?9E0?9?9?9?9*9?9*9?9?9?9?9?9?9*9*_?9*9*9?9?9,29.5,26.1,82,100550,9999,9999,432,0,0,0,999900,999900,999900,99990,220,0.5,5,5,999.0,999,9,'999999999,0,0.0000,0,88,999.000,0.0,1.0
2056/9/3,05:00,?9?9?9?9E0?9?9?9?9*9?9*9?9?9?9?9?9?9*9*_?9*9*9?9?9,29.2,26.0,83,100550,9999,9999,430,0,0,0,999900,999900,999900,99990,240,0.6,5,5,999.0,999,9,'999999999,0,0.0000,0,88,999.000,0.0,1.0
2056/9/3,06:00,?9?9?9?9E0?9?9?9?9*9?9*9?9?9?9?9?9?9*9*_?9*9*9?9?9,29.2,25.2,79,100550,9999,9999,429,0,0,0,999900,999900,999900,99990,270,0.7,5,5,999.0,999,9,'999999999,0,0.0000,0,88,999.000,0.0,1.0
2056/9/3,07:00,?9?9?9?9E0?9?9?9?9*9?9*9?9?9?9?9?9?9*9*_?9*9*9?9?9,29.4,23.1,69,100650,9999,9999,431,66,137,50,999900,999900,999900,99990,270,0.6,6,6,999.0,999,9,'999999999,0,0.0000,0,88,999.000,0.0,1.0
2056/9/3,08:00,?9?9?9?9E0?9?9?9?9*9?9*9?9?9?9?9?9?9*9*_?9*9*9?9?9,31.0,23.4,64,100750,9999,9999,453,217,171,155,999900,999900,999900,99990,270,1.0,8,8,999.0,999,9,'999999999,0,0.0000,0,88,999.000,0.0,1.0
2056/9/3,09:00,?9?9?9?9E0?9?9?9?9*9?9*9?9?9?9?9?9?9*9*_?9*9*9?9?9,31.3,22.3,59,100850,9999,9999,463,354,185,245,999900,999900,999900,99990,290,1.3,9,9,999.0,999,9,'999999999,0,0.0000,0,88,999.000,0.0,1.0
2056/9/3,10:00,?9?9?9?9E0?9?9?9?9*9?9*9?9?9?9?9?9?9*9*_?9*9*9?9?9,31.6,21.2,54,100750,9999,9999,446,642,477,273,999900,999900,999900,99990,290,1.7,7,7,999.0,999,9,'999999999,0,0.0000,0,88,999.000,0.0,1.0
2056/9/3,11:00,?9?9?9?9E0?9?9?9?9*9?9*9?9?9?9?9?9?9*9*_?9*9*9?9?9,32.2,21.4,53,100750,9999,9999,441,880,698,247,999900,999900,999900,99990,270,1.6,5,5,999.0,999,9,'999999999,0,0.0000,0,88,999.000,0.0,1.0
2056/9/3,12:00,?9?9?9?9E0?9?9?9?9*9?9*9?9?9?9?9?9?9*9*_?9*9*9?9?9,32.9,22.1,53,100650,9999,9999,455,818,451,376,999900,999900,999900,99990,290,1.6,7,7,999.0,999,9,'999999999,0,0.0000,0,88,999.000,0.0,1.0
2056/9/3,13:00,?9?9?9?9E0?9?9?9?9*9?9*9?9?9?9?9?9?9*9*_?9*9*9?9?9,34.2,22.0,49,100550,9999,9999,480,671,237,436,999900,999900,999900,99990,280,1.4,9,9,999.0,999,9,'999999999,0,0.0000,0,88,999.000,0.0,1.0
2056/9/3,14:00,?9?9?9?9E0?9?9?9?9*9?9*9?9?9?9?9?9?9*9*_?9*9*9?9?9,35.2,21.5,45,100450,9999,9999,468,789,481,338,999900,999900,999900,99990,280,1.0,7,7,999.0,999,9,'999999999,0,0.0000,0,88,999.000,0.0,1.0
2056/9/3,15:00,?9?9?9?9E0?9?9?9?9*9?9*9?9?9?9?9?9?9*9*_?9*9*9?9?9,35.9,20.2,40,100350,9999,9999,461,777,694,209,999900,999900,999900,99990,180,1.0,5,5,999.0,999,9,'999999999,0,0.0000,0,88,999.000,0.0,1.0
2056/9/3,16:00,?9?9?9?9E0?9?9?9?9*9?9*9?9?9?9?9?9?9*9*_?9*9*9?9?9,35.9,19.8,39,100350,9999,9999,457,612,710,152,999900,999900,999900,99990,180,1.1,4,4,999.0,999,9,'999999999,0,0.0000,0,88,999.000,0.0,1.0
2056/9/3,17:00,?9?9?9?9E0?9?9?9?9*9?9*9?9?9?9?9?9?9*9*_?9*9*9?9?9,35.8,19.7,39,100350,9999,9999,456,375,587,120,999900,999900,999900,99990,180,0.7,4,4,999.0,999,9,'999999999,0,0.0000,0,88,999.000,0.0,1.0
2056/9/3,18:00,?9?9?9?9E0?9?9?9?9*9?9*9?9?9?9?9?9?9*9*_?9*9*9?9?9,34.8,19.2,40,100450,9999,9999,450,150,413,70,999900,999900,999900,99990,180,0.3,4,4,999.0,999,9,'999999999,0,0.0000,0,88,999.000,0.0,1.0
2056/9/3,19:00,?9?9?9?9E0?9?9?9?9*9?9*9?9?9?9?9?9?9*9*_?9*9*9?9?9,32.2,24.0,62,100550,9999,9999,441,3,0,3,999900,999900,999900,99990,220,0.7,4,4,999.0,999,9,'999999999,0,0.0000,0,88,999.000,0.0,1.0
2056/9/3,20:00,?9?9?9?9E0?9?9?9?9*9?9*9?9?9?9?9?9?9*9*_?9*9*9?9?9,31.5,25.1,69,100650,9999,9999,442,0,0,0,999900,999900,999900,99990,220,0.5,5,5,999.0,999,9,'999999999,0,0.0000,0,88,999.000,0.0,1.0
2056/9/3,21:00,?9?9?9?9E0?9?9?9?9*9?9*9?9?9?9?9?9?9*9*_?9*9*9?9?9,30.7,26.0,76,100650,9999,9999,439,0,0,0,999900,999900,999900,99990,140,0.4,5,5,999.0,999,9,'999999999,0,0.0000,0,88,999.000,0.0,1.0
2056/9/3,22:00,?9?9?9?9E0?9?9?9?9*9?9*9?9?9?9?9?9?9*9*_?9*9*9?9?9,30.2,26.0,78,100650,9999,9999,436,0,0,0,999900,999900,999900,99990,180,0.3,5,5,999.0,999,9,'999999999,0,0.0000,0,88,999.000,0.0,1.0
2056/9/3,23:00,?9?9?9?9E0?9?9?9?9*9?9*9?9?9?9?9?9?9*9*_?9*9*9?9?9,29.8,26.6,83,100650,9999,9999,428,0,0,0,999900,999900,999900,99990,180,0.7,3,3,999.0,999,9,'999999999,0,0.0000,0,88,999.000,0.0,1.0
2056/9/3,24:00,?9?9?9?9E0?9?9?9?9*9?9*9?9?9?9?9?9?9*9*_?9*9*9?9?9,29.4,26.4,84,100650,9999,9999,425,0,0,0,999900,999900,999900,99990,180,0.9,3,3,999.0,999,9,'999999999,0,0.0000,0,88,999.000,0.0,1.0
2056/9/4,01:00,?9?9?9?9E0?9?9?9?9*9?9*9?9?9?9?9?9?9*9*_?9*9*9?9?9,29.3,26.3,84,100450,9999,9999,428,0,0,0,999900,999900,999900,99990,220,0.6,4,4,999.0,999,9,'999999999,0,0.0000,0,88,999.000,0.0,1.0
2056/9/4,02:00,?9?9?9?9E0?9?9?9?9*9?9*9?9?9?9?9?9?9*9*_?9*9*9?9?9,29.3,26.1,83,100550,9999,9999,431,0,0,0,999900,999900,999900,99990,240,0.3,5,5,999.0,999,9,'999999999,0,0.0000,0,88,999.000,0.0,1.0
2056/9/4,03:00,?9?9?9?9E0?9?9?9?9*9?9*9?9?9?9?9?9?9*9*_?9*9*9?9?9,28.8,25.8,84,100450,9999,9999,427,0,0,0,999900,999900,999900,99990,260,0.6,5,5,999.0,999,9,'999999999,0,0.0000,0,88,999.000,0.0,1.0
2056/9/4,04:00,?9?9?9?9E0?9?9?9?9*9?9*9?9?9?9?9?9?9*9*_?9*9*9?9?9,28.8,25.2,81,100450,9999,9999,423,0,0,0,999900,999900,999900,99990,260,1.0,4,4,999.0,999,9,'999999999,0,0.0000,0,88,999.000,0.0,1.0
2056/9/4,05:00,?9?9?9?9E0?9?9?9?9*9?9*9?9?9?9?9?9?9*9*_?9*9*9?9?9,28.8,23.9,75,100450,9999,9999,422,0,0,0,999900,999900,999900,99990,260,0.9,4,4,999.0,999,9,'999999999,0,0.0000,0,88,999.000,0.0,1.0
2056/9/4,06:00,?9?9?9?9E0?9?9?9?9*9?9*9?9?9?9?9?9?9*9*_?9*9*9?9?9,28.1,23.3,75,100550,9999,9999,417,0,0,0,999900,999900,999900,99990,260,0.3,4,4,999.0,999,9,'999999999,0,0.0000,0,88,999.000,0.0,1.0
2056/9/4,07:00,?9?9?9?9E0?9?9?9?9*9?9*9?9?9?9?9?9?9*9*_?9*9*9?9?9,28.4,23.6,75,100650,9999,9999,419,76,261,45,999900,999900,999900,99990,280,0.8,4,4,999.0,999,9,'999999999,0,0.0000,0,88,999.000,0.0,1.0
2056/9/4,08:00,?9?9?9?9E0?9?9?9?9*9?9*9?9?9?9?9?9?9*9*_?9*9*9?9?9,30.2,22.4,63,100750,9999,9999,428,309,561,104,999900,999900,999900,99990,280,1.0,4,4,999.0,999,9,'999999999,0,0.0000,0,88,999.000,0.0,1.0
2056/9/4,09:00,?9?9?9?9E0?9?9?9?9*9?9*9?9?9?9?9?9?9*9*_?9*9*9?9?9,31.8,20.1,50,100650,9999,9999,434,568,762,120,999900,999900,999900,99990,270,1.6,4,4,999.0,999,9,'999999999,0,0.0000,0,88,999.000,0.0,1.0
2056/9/4,10:00,?9?9?9?9E0?9?9?9?9*9?9*9?9?9?9?9?9?9*9*_?9*9*9?9?9,32.8,20.0,47,100650,9999,9999,439,780,823,144,999900,999900,999900,99990,310,1.4,4,4,999.0,999,9,'999999999,0,0.0000,0,88,999.000,0.0,1.0
2056/9/4,11:00,?9?9?9?9E0?9?9?9?9*9?9*9?9?9?9?9?9?9*9*_?9*9*9?9?9,34.0,20.4,45,100650,9999,9999,450,892,771,192,999900,999900,999900,99990,310,1.6,5,5,999.0,999,9,'999999999,0,0.0000,0,88,999.000,0.0,1.0
2056/9/4,12:00,?9?9?9?9E0?9?9?9?9*9?9*9?9?9?9?9?9?9*9*_?9*9*9?9?9,35.3,19.7,40,100550,9999,9999,457,971,765,220,999900,999900,999900,99990,270,1.1,5,5,999.0,999,9,'999999999,0,0.0000,0,88,999.000,0.0,1.0
2056/9/4,13:00,?9?9?9?9E0?9?9?9?9*9?9*9?9?9?9?9?9?9*9*_?9*9*9?9?9,35.9,20.2,40,100250,9999,9999,461,992,777,222,999900,999900,999900,99990,270,1.2,5,5,999.0,999,9,'999999999,0,0.0000,0,88,999.000,0.0,1.0
2056/9/4,14:00,?9?9?9?9E0?9?9?9?9*9?9*9?9?9?9?9?9?9*9*_?9*9*9?9?9,36.4,19.8,38,100350,9999,9999,468,878,685,238,999900,999900,999900,99990,270,1.0,6,6,999.0,999,9,'999999999,0,0.0000,0,88,999.000,0.0,1.0
2056/9/4,15:00,?9?9?9?9E0?9?9?9?9*9?9*9?9?9?9?9?9?9*9*_?9*9*9?9?9,37.1,20.0,37,100350,9999,9999,478,688,541,246,999900,999900,999900,99990,270,0.5,7,7,999.0,999,9,'999999999,0,0.0000,0,88,999.000,0.0,1.0
2056/9/4,16:00,?9?9?9?9E0?9?9?9?9*9?9*9?9?9?9?9?9?9*9*_?9*9*9?9?9,32.4,24.2,62,100350,9999,9999,446,549,546,196,999900,999900,999900,99990,270,1.0,5,5,999.0,999,9,'999999999,0,0.0000,0,88,999.000,0.0,1.0
2056/9/4,17:00,?9?9?9?9E0?9?9?9?9*9?9*9?9?9?9?9?9?9*9*_?9*9*9?9?9,28.2,26.4,90,100350,9999,9999,429,274,240,170,999900,999900,999900,99990,270,0.7,6,6,999.0,999,9,'999999999,0,0.0000,0,88,999.000,17.5,1.0
2056/9/4,18:00,?9?9?9?9E0?9?9?9?9*9?9*9?9?9?9?9?9?9*9*_?9*9*9?9?9,27.7,25.9,90,100350,9999,9999,437,75,56,64,999900,999900,999900,99990,230,0.0,8,8,999.0,999,9,'999999999,0,0.0000,0,88,999.000,0.3,1.0
2056/9/4,19:00,?9?9?9?9E0?9?9?9?9*9?9*9?9?9?9?9?9?9*9*_?9*9*9?9?9,27.6,25.8,90,100450,9999,9999,418,2,0,2,999900,999900,999900,99990,140,0.1,4,4,999.0,999,9,'999999999,0,0.0000,0,88,999.000,0.0,1.0
2056/9/4,20:00,?9?9?9?9E0?9?9?9?9*9?9*9?9?9?9?9?9?9*9*_?9*9*9?9?9,27.6,25.5,88,100450,9999,9999,414,0,0,0,999900,999900,999900,99990,140,0.1,3,3,999.0,999,9,'999999999,0,0.0000,0,88,999.000,0.0,1.0
2056/9/4,21:00,?9?9?9?9E0?9?9?9?9*9?9*9?9?9?9?9?9?9*9*_?9*9*9?9?9,27.6,25.5,88,100550,9999,9999,429,0,0,0,999900,999900,999900,99990,200,0.5,7,7,999.0,999,9,'999999999,0,0.0000,0,88,999.000,0.0,1.0
2056/9/4,22:00,?9?9?9?9E0?9?9?9?9*9?9*9?9?9?9?9?9?9*9*_?9*9*9?9?9,27.6,25.5,88,100550,9999,9999,417,0,0,0,999900,999900,999900,99990,200,0.4,4,4,999.0,999,9,'999999999,0,0.0000,0,88,999.000,0.0,1.0
2056/9/4,23:00,?9?9?9?9E0?9?9?9?9*9?9*9?9?9?9?9?9?9*9*_?9*9*9?9?9,27.7,25.5,88,100550,9999,9999,414,0,0,0,999900,999900,999900,99990,210,0.5,3,3,999.0,999,9,'999999999,0,0.0000,0,88,999.000,0.0,1.0
2056/9/4,24:00,?9?9?9?9E0?9?9?9?9*9?9*9?9?9?9?9?9?9*9*_?9*9*9?9?9,28.0,25.7,87,100550,9999,9999,423,0,0,0,999900,999900,999900,99990,160,0.6,5,5,999.0,999,9,'999999999,0,0.0000,0,88,999.000,0.0,1.0
2056/9/5,01:00,?9?9?9?9E0?9?9?9?9*9?9*9?9?9?9?9?9?9*9*_?9*9*9?9?9,28.0,25.8,88,100550,9999,9999,439,0,0,0,999900,999900,999900,99990,200,0.2,8,8,999.0,999,9,'999999999,0,0.0000,0,88,999.000,0.0,1.0
2056/9/5,02:00,?9?9?9?9E0?9?9?9?9*9?9*9?9?9?9?9?9?9*9*_?9*9*9?9?9,28.1,25.9,88,100550,9999,9999,449,0,0,0,999900,999900,999900,99990,200,0.0,9,9,999.0,999,9,'999999999,0,0.0000,0,88,999.000,0.0,1.0
2056/9/5,03:00,?9?9?9?9E0?9?9?9?9*9?9*9?9?9?9?9?9?9*9*_?9*9*9?9?9,28.1,25.9,88,100550,9999,9999,449,0,0,0,999900,999900,999900,99990,180,0.0,9,9,999.0,999,9,'999999999,0,0.0000,0,88,999.000,0.0,1.0
2056/9/5,04:00,?9?9?9?9E0?9?9?9?9*9?9*9?9?9?9?9?9?9*9*_?9*9*9?9?9,28.1,26.1,89,100550,9999,9999,449,0,0,0,999900,999900,999900,99990,180,0.0,9,9,999.0,999,9,'999999999,0,0.0000,0,88,999.000,0.0,1.0
2056/9/5,05:00,?9?9?9?9E0?9?9?9?9*9?9*9?9?9?9?9?9?9*9*_?9*9*9?9?9,28.0,26.0,89,100550,9999,9999,448,0,0,0,999900,999900,999900,99990,180,0.1,9,9,999.0,999,9,'999999999,0,0.0000,0,88,999.000,0.0,1.0
2056/9/5,06:00,?9?9?9?9E0?9?9?9?9*9?9*9?9?9?9?9?9?9*9*_?9*9*9?9?9,28.0,26.0,89,100550,9999,9999,448,0,0,0,999900,999900,999900,99990,180,0.2,9,9,999.0,999,9,'999999999,0,0.0000,0,88,999.000,0.1,1.0
2056/9/5,07:00,?9?9?9?9E0?9?9?9?9*9?9*9?9?9?9?9?9?9*9*_?9*9*9?9?9,28.0,24.2,80,100550,9999,9999,458,17,4,17,999900,999900,999900,99990,180,0.8,10,10,999.0,999,9,'999999999,0,0.0000,0,88,999.000,0.0,1.0
2056/9/5,08:00,?9?9?9?9E0?9?9?9?9*9?9*9?9?9?9?9?9?9*9*_?9*9*9?9?9,29.0,24.4,76,100650,9999,9999,465,130,23,122,999900,999900,999900,99990,180,0.5,10,10,999.0,999,9,'999999999,0,0.0000,0,88,999.000,0.0,1.0
2056/9/5,09:00,?9?9?9?9E0?9?9?9?9*9?9*9?9?9?9?9?9?9*9*_?9*9*9?9?9,30.1,23.8,69,100650,9999,9999,471,271,52,241,999900,999900,999900,99990,210,0.9,10,10,999.0,999,9,'999999999,0,0.0000,0,88,999.000,0.0,1.0
2056/9/5,10:00,?9?9?9?9E0?9?9?9?9*9?9*9?9?9?9?9?9?9*9*_?9*9*9?9?9,31.2,23.3,63,100650,9999,9999,464,477,129,377,999900,999900,999900,99990,210,1.0,9,9,999.0,999,9,'999999999,0,0.0000,0,88,999.000,0.0,1.0
2056/9/5,11:00,?9?9?9?9E0?9?9?9?9*9?9*9?9?9?9?9?9?9*9*_?9*9*9?9?9,32.6,24.1,61,100650,9999,9999,474,569,135,447,999900,999900,999900,99990,290,1.0,9,9,999.0,999,9,'999999999,0,0.0000,0,88,999.000,0.0,1.0
2056/9/5,12:00,?9?9?9?9E0?9?9?9?9*9?9*9?9?9?9?9?9?9*9*_?9*9*9?9?9,32.5,23.2,58,100550,9999,9999,472,625,135,492,999900,999900,999900,99990,320,1.2,9,9,999.0,999,9,'999999999,0,0.0000,0,88,999.000,0.0,1.0
2056/9/5,13:00,?9?9?9?9E0?9?9?9?9*9?9*9?9?9?9?9?9?9*9*_?9*9*9?9?9,32.5,21.4,52,100450,9999,9999,469,666,162,506,999900,999900,999900,99990,320,1.1,9,9,999.0,999,9,'999999999,0,0.0000,0,88,999.000,0.0,1.0
2056/9/5,14:00,?9?9?9?9E0?9?9?9?9*9?9*9?9?9?9?9?9?9*9*_?9*9*9?9?9,32.8,21.7,52,100350,9999,9999,471,620,167,464,999900,999900,999900,99990,320,1.1,9,9,999.0,999,9,'999999999,0,0.0000,0,88,999.000,0.0,1.0
2056/9/5,15:00,?9?9?9?9E0?9?9?9?9*9?9*9?9?9?9?9?9?9*9*_?9*9*9?9?9,33.8,21.3,48,100250,9999,9999,477,518,146,399,999900,999900,999900,99990,270,0.9,9,9,999.0,999,9,'999999999,0,0.0000,0,88,999.000,0.0,1.0
2056/9/5,16:00,?9?9?9?9E0?9?9?9?9*9?9*9?9?9?9?9?9?9*9*_?9*9*9?9?9,33.8,21.3,48,100250,9999,9999,490,303,57,266,999900,999900,999900,99990,270,0.5,10,10,999.0,999,9,'999999999,0,0.0000,0,88,999.000,0.0,1.0
2056/9/5,17:00,?9?9?9?9E0?9?9?9?9*9?9*9?9?9?9?9?9?9*9*_?9*9*9?9?9,33.4,22.2,52,100250,9999,9999,489,159,27,147,999900,999900,999900,99990,270,0.2,10,10,999.0,999,9,'999999999,0,0.0000,0,88,999.000,0.0,1.0
2056/9/5,18:00,?9?9?9?9E0?9?9?9?9*9?9*9?9?9?9?9?9?9*9*_?9*9*9?9?9,32.0,25.4,68,100250,9999,9999,485,43,9,41,999900,999900,999900,99990,180,0.3,10,10,999.0,999,9,'999999999,0,0.0000,0,88,999.000,0.0,1.0
2056/9/5,19:00,?9?9?9?9E0?9?9?9?9*9?9*9?9?9?9?9?9?9*9*_?9*9*9?9?9,30.8,25.4,73,100350,9999,9999,464,2,0,2,999900,999900,999900,99990,180,0.5,9,9,999.0,999,9,'999999999,0,0.0000,0,88,999.000,0.0,1.0
2056/9/5,20:00,?9?9?9?9E0?9?9?9?9*9?9*9?9?9?9?9?9?9*9*_?9*9*9?9?9,30.4,25.5,75,100450,9999,9999,445,0,0,0,999900,999900,999900,99990,180,0.0,7,7,999.0,999,9,'999999999,0,0.0000,0,88,999.000,0.0,1.0
2056/9/5,21:00,?9?9?9?9E0?9?9?9?9*9?9*9?9?9?9?9?9?9*9*_?9*9*9?9?9,30.1,26.1,79,100450,9999,9999,435,0,0,0,999900,999900,999900,99990,180,0.0,5,5,999.0,999,9,'999999999,0,0.0000,0,88,999.000,0.0,1.0
2056/9/5,22:00,?9?9?9?9E0?9?9?9?9*9?9*9?9?9?9?9?9?9*9*_?9*9*9?9?9,29.9,26.1,80,100550,9999,9999,431,0,0,0,999900,999900,999900,99990,180,0.4,4,4,999.0,999,9,'999999999,0,0.0000,0,88,999.000,0.0,1.0
2056/9/5,23:00,?9?9?9?9E0?9?9?9?9*9?9*9?9?9?9?9?9?9*9*_?9*9*9?9?9,29.8,27.0,85,100550,9999,9999,439,0,0,0,999900,999900,999900,99990,180,0.4,6,6,999.0,999,9,'999999999,0,0.0000,0,88,999.000,0.0,1.0
2056/9/5,24:00,?9?9?9?9E0?9?9?9?9*9?9*9?9?9?9?9?9?9*9*_?9*9*9?9?9,29.5,26.9,86,100450,9999,9999,442,0,0,0,999900,999900,999900,99990,180,0.5,7,7,999.0,999,9,'999999999,0,0.0000,0,88,999.000,0.0,1.0
2056/9/6,01:00,?9?9?9?9E0?9?9?9?9*9?9*9?9?9?9?9?9?9*9*_?9*9*9?9?9,29.5,26.9,86,100450,9999,9999,449,0,0,0,999900,999900,999900,99990,190,0.5,8,8,999.0,999,9,'999999999,0,0.0000,0,88,999.000,0.0,1.0
2056/9/6,02:00,?9?9?9?9E0?9?9?9?9*9?9*9?9?9?9?9?9?9*9*_?9*9*9?9?9,29.4,26.8,86,100450,9999,9999,458,0,0,0,999900,999900,999900,99990,210,0.2,9,9,999.0,999,9,'999999999,0,0.0000,0,88,999.000,0.0,1.0
2056/9/6,03:00,?9?9?9?9E0?9?9?9?9*9?9*9?9?9?9?9?9?9*9*_?9*9*9?9?9,29.2,26.6,86,100350,9999,9999,456,0,0,0,999900,999900,999900,99990,180,0.5,9,9,999.0,999,9,'999999999,0,0.0000,0,88,999.000,0.0,1.0
2056/9/6,04:00,?9?9?9?9E0?9?9?9?9*9?9*9?9?9?9?9?9?9*9*_?9*9*9?9?9,28.9,25.9,84,100350,9999,9999,454,0,0,0,999900,999900,999900,99990,180,0.2,9,9,999.0,999,9,'999999999,0,0.0000,0,88,999.000,0.0,1.0
2056/9/6,05:00,?9?9?9?9E0?9?9?9?9*9?9*9?9?9?9?9?9?9*9*_?9*9*9?9?9,28.9,24.5,77,100450,9999,9999,452,0,0,0,999900,999900,999900,99990,250,0.8,9,9,999.0,999,9,'999999999,0,0.0000,0,88,999.000,0.0,1.0
2056/9/6,06:00,?9?9?9?9E0?9?9?9?9*9?9*9?9?9?9?9?9?9*9*_?9*9*9?9?9,28.8,24.2,76,100450,9999,9999,451,0,0,0,999900,999900,999900,99990,270,0.4,9,9,999.0,999,9,'999999999,0,0.0000,0,88,999.000,0.0,1.0
2056/9/6,07:00,?9?9?9?9E0?9?9?9?9*9?9*9?9?9?9?9?9?9*9*_?9*9*9?9?9,29.2,23.6,72,100550,9999,9999,452,34,17,32,999900,999900,999900,99990,270,1.0,9,9,999.0,999,9,'999999999,0,0.0000,0,88,999.000,0.0,1.0
2056/9/6,08:00,?9?9?9?9E0?9?9?9?9*9?9*9?9?9?9?9?9?9*9*_?9*9*9?9?9,30.0,23.9,70,100550,9999,9999,457,176,64,153,999900,999900,999900,99990,270,0.6,9,9,999.0,999,9,'999999999,0,0.0000,0,88,999.000,0.0,1.0
2056/9/6,09:00,?9?9?9?9E0?9?9?9?9*9?9*9?9?9?9?9?9?9*9*_?9*9*9?9?9,31.0,23.7,65,100550,9999,9999,463,340,118,271,999900,999900,999900,99990,320,0.7,9,9,999.0,999,9,'999999999,0,0.0000,0,88,999.000,0.0,1.0
2056/9/6,10:00,?9?9?9?9E0?9?9?9?9*9?9*9?9?9?9?9?9?9*9*_?9*9*9?9?9,32.0,23.8,62,100550,9999,9999,469,481,147,367,999900,999900,999900,99990,280,1.0,9,9,999.0,999,9,'999999999,0,0.0000,0,88,999.000,0.0,1.0
2056/9/6,11:00,?9?9?9?9E0?9?9?9?9*9?9*9?9?9?9?9?9?9*9*_?9*9*9?9?9,33.8,23.2,54,100550,9999,9999,480,592,164,443,999900,999900,999900,99990,180,1.0,9,9,999.0,999,9,'999999999,0,0.0000,0,88,999.000,0.0,1.0
2056/9/6,12:00,?9?9?9?9E0?9?9?9?9*9?9*9?9?9?9?9?9?9*9*_?9*9*9?9?9,34.5,22.6,50,100450,9999,9999,483,648,163,488,999900,999900,999900,99990,270,1.6,9,9,999.0,999,9,'999999999,0,0.0000,0,88,999.000,0.0,1.0
2056/9/6,13:00,?9?9?9?9E0?9?9?9?9*9?9*9?9?9?9?9?9?9*9*_?9*9*9?9?9,35.6,22.9,48,100350,9999,9999,491,663,170,495,999900,999900,999900,99990,270,0.6,9,9,999.0,999,9,'999999999,0,0.0000,0,88,999.000,0.0,1.0
2056/9/6,14:00,?9?9?9?9E0?9?9?9?9*9?9*9?9?9?9?9?9?9*9*_?9*9*9?9?9,35.9,22.5,46,100250,9999,9999,492,628,185,455,999900,999900,999900,99990,270,1.0,9,9,999.0,999,9,'999999999,0,0.0000,0,88,999.000,0.0,1.0
2056/9/6,15:00,?9?9?9?9E0?9?9?9?9*9?9*9?9?9?9?9?9?9*9*_?9*9*9?9?9,36.4,21.4,42,100150,9999,9999,493,534,180,388,999900,999900,999900,99990,270,1.2,9,9,999.0,999,9,'999999999,0,0.0000,0,88,999.000,0.0,1.0
2056/9/6,16:00,?9?9?9?9E0?9?9?9?9*9?9*9?9?9?9?9?9?9*9*_?9*9*9?9?9,36.5,21.1,41,100050,9999,9999,494,387,142,296,999900,999900,999900,99990,300,1.0,9,9,999.0,999,9,'999999999,0,0.0000,0,88,999.000,0.0,1.0
2056/9/6,17:00,?9?9?9?9E0?9?9?9?9*9?9*9?9?9?9?9?9?9*9*_?9*9*9?9?9,36.2,21.3,42,100050,9999,9999,492,220,87,183,999900,999900,999900,99990,300,0.6,9,9,999.0,999,9,'999999999,0,0.0000,0,88,999.000,0.0,1.0
2056/9/6,18:00,?9?9?9?9E0?9?9?9?9*9?9*9?9?9?9?9?9?9*9*_?9*9*9?9?9,35.0,21.7,46,100150,9999,9999,485,75,42,67,999900,999900,999900,99990,320,0.0,9,9,999.0,999,9,'999999999,0,0.0000,0,88,999.000,0.0,1.0
2056/9/6,19:00,?9?9?9?9E0?9?9?9?9*9?9*9?9?9?9?9?9?9*9*_?9*9*9?9?9,33.2,24.4,60,100250,9999,9999,478,2,0,2,999900,999900,999900,99990,320,0.0,9,9,999.0,999,9,'999999999,0,0.0000,0,88,999.000,0.0,1.0
2056/9/6,20:00,?9?9?9?9E0?9?9?9?9*9?9*9?9?9?9?9?9?9*9*_?9*9*9?9?9,32.0,26.3,72,100350,9999,9999,443,0,0,0,999900,999900,999900,99990,320,0.7,4,4,999.0,999,9,'999999999,0,0.0000,0,88,999.000,0.0,1.0
2056/9/6,21:00,?9?9?9?9E0?9?9?9?9*9?9*9?9?9?9?9?9?9*9*_?9*9*9?9?9,31.4,26.7,76,100450,9999,9999,447,0,0,0,999900,999900,999900,99990,180,0.7,6,6,999.0,999,9,'999999999,0,0.0000,0,88,999.000,0.0,1.0
2056/9/6,22:00,?9?9?9?9E0?9?9?9?9*9?9*9?9?9?9?9?9?9*9*_?9*9*9?9?9,28.9,27.1,90,100450,9999,9999,430,0,0,0,999900,999900,999900,99990,220,0.5,5,5,999.0,999,9,'999999999,0,0.0000,0,88,999.000,4.1,1.0
2056/9/6,23:00,?9?9?9?9E0?9?9?9?9*9?9*9?9?9?9?9?9?9*9*_?9*9*9?9?9,29.0,27.4,91,100450,9999,9999,434,0,0,0,999900,999900,999900,99990,220,0.0,6,6,999.0,999,9,'999999999,0,0.0000,0,88,999.000,0.0,1.0
2056/9/6,24:00,?9?9?9?9E0?9?9?9?9*9?9*9?9?9?9?9?9?9*9*_?9*9*9?9?9,28.7,26.5,88,100450,9999,9999,444,0,0,0,999900,999900,999900,99990,160,1.0,8,8,999.0,999,9,'999999999,0,0.0000,0,88,999.000,0.0,1.0
2056/9/7,01:00,?9?9?9?9E0?9?9?9?9*9?9*9?9?9?9?9?9?9*9*_?9*9*9?9?9,28.0,26.2,90,100450,9999,9999,449,0,0,0,999900,999900,999900,99990,160,1.0,9,9,999.0,999,9,'999999999,0,0.0000,0,88,999.000,0.1,1.0
2056/9/7,02:00,?9?9?9?9E0?9?9?9?9*9?9*9?9?9?9?9?9?9*9*_?9*9*9?9?9,27.6,26.0,91,100350,9999,9999,446,0,0,0,999900,999900,999900,99990,160,1.0,9,9,999.0,999,9,'999999999,0,0.0000,0,88,999.000,0.0,1.0
2056/9/7,03:00,?9?9?9?9E0?9?9?9?9*9?9*9?9?9?9?9?9?9*9*_?9*9*9?9?9,27.1,25.5,91,100450,9999,9999,442,0,0,0,999900,999900,999900,99990,270,1.0,9,9,999.0,999,9,'999999999,0,0.0000,0,88,999.000,0.4,1.0
2056/9/7,04:00,?9?9?9?9E0?9?9?9?9*9?9*9?9?9?9?9?9?9*9*_?9*9*9?9?9,26.5,25.3,93,100450,9999,9999,422,0,0,0,999900,999900,999900,99990,270,0.7,7,7,999.0,999,9,'999999999,0,0.0000,0,88,999.000,2.0,1.0
2056/9/7,05:00,?9?9?9?9E0?9?9?9?9*9?9*9?9?9?9?9?9?9*9*_?9*9*9?9?9,26.1,25.1,94,100450,9999,9999,405,0,0,0,999900,999900,999900,99990,360,0.5,3,3,999.0,999,9,'999999999,0,0.0000,0,88,999.000,2.0,1.0
2056/9/7,06:00,?9?9?9?9E0?9?9?9?9*9?9*9?9?9?9?9?9?9*9*_?9*9*9?9?9,26.0,25.3,96,100550,9999,9999,420,0,0,0,999900,999900,999900,99990,270,0.1,7,7,999.0,999,9,'999999999,0,0.0000,0,88,999.000,2.8,1.0
2056/9/7,07:00,?9?9?9?9E0?9?9?9?9*9?9*9?9?9?9?9?9?9*9*_?9*9*9?9?9,26.0,25.5,97,100550,9999,9999,408,66,106,53,999900,999900,999900,99990,270,0.4,4,4,999.0,999,9,'999999999,0,0.0000,0,88,999.000,3.0,1.0
2056/9/7,08:00,?9?9?9?9E0?9?9?9?9*9?9*9?9?9?9?9?9?9*9*_?9*9*9?9?9,25.9,25.4,97,100550,9999,9999,404,279,284,175,999900,999900,999900,99990,270,0.7,3,3,999.0,999,9,'999999999,0,0.0000,0,88,999.000,1.9,1.0
2056/9/7,09:00,?9?9?9?9E0?9?9?9?9*9?9*9?9?9?9?9?9?9*9*_?9*9*9?9?9,26.1,24.7,92,100650,9999,9999,419,391,165,294,999900,999900,999900,99990,360,0.9,7,7,999.0,999,9,'999999999,0,0.0000,0,88,999.000,0.0,1.0
2056/9/7,10:00,?9?9?9?9E0?9?9?9?9*9?9*9?9?9?9?9?9?9*9*_?9*9*9?9?9,27.2,25.8,92,100550,9999,9999,456,323,33,298,999900,999900,999900,99990,360,0.6,10,10,999.0,999,9,'999999999,0,0.0000,0,88,999.000,0.0,1.0
2056/9/7,11:00,?9?9?9?9E0?9?9?9?9*9?9*9?9?9?9?9?9?9*9*_?9*9*9?9?9,28.2,26.2,89,100550,9999,9999,462,389,29,363,999900,999900,999900,99990,360,0.8,10,10,999.0,999,9,'999999999,0,0.0000,0,88,999.000,0.0,1.0
2056/9/7,12:00,?9?9?9?9E0?9?9?9?9*9?9*9?9?9?9?9?9?9*9*_?9*9*9?9?9,29.2,26.2,84,100550,9999,9999,469,422,27,395,999900,999900,999900,99990,320,0.8,10,10,999.0,999,9,'999999999,0,0.0000,0,88,999.000,0.0,1.0
2056/9/7,13:00,?9?9?9?9E0?9?9?9?9*9?9*9?9?9?9?9?9?9*9*_?9*9*9?9?9,30.1,26.7,82,100450,9999,9999,475,443,31,413,999900,999900,999900,99990,320,0.8,10,10,999.0,999,9,'999999999,0,0.0000,0,88,999.000,0.1,1.0
2056/9/7,14:00,?9?9?9?9E0?9?9?9?9*9?9*9?9?9?9?9?9?9*9*_?9*9*9?9?9,30.6,25.5,74,100350,9999,9999,476,431,37,397,999900,999900,999900,99990,320,0.6,10,10,999.0,999,9,'999999999,0,0.0000,0,88,999.000,0.0,1.0
2056/9/7,15:00,?9?9?9?9E0?9?9?9?9*9?9*9?9?9?9?9?9?9*9*_?9*9*9?9?9,31.0,25.6,73,100250,9999,9999,479,352,33,325,999900,999900,999900,99990,270,0.3,10,10,999.0,999,9,'999999999,0,0.0000,0,88,999.000,0.0,1.0
2056/9/7,16:00,?9?9?9?9E0?9?9?9?9*9?9*9?9?9?9?9?9?9*9*_?9*9*9?9?9,31.2,25.6,72,100150,9999,9999,480,246,24,230,999900,999900,999900,99990,270,0.8,10,10,999.0,999,9,'999999999,0,0.0000,0,88,999.000,0.0,1.0
2056/9/7,17:00,?9?9?9?9E0?9?9?9?9*9?9*9?9?9?9?9?9?9*9*_?9*9*9?9?9,30.6,24.3,69,100150,9999,9999,475,133,15,127,999900,999900,999900,99990,250,0.8,10,10,999.0,999,9,'999999999,0,0.0000,0,88,999.000,0.0,1.0
2056/9/7,18:00,?9?9?9?9E0?9?9?9?9*9?9*9?9?9?9?9?9?9*9*_?9*9*9?9?9,30.3,24.2,70,100150,9999,9999,473,37,6,36,999900,999900,999900,99990,270,0.1,10,10,999.0,999,9,'999999999,0,0.0000,0,88,999.000,0.0,1.0
2056/9/7,19:00,?9?9?9?9E0?9?9?9?9*9?9*9?9?9?9?9?9?9*9*_?9*9*9?9?9,30.1,24.5,72,100250,9999,9999,472,1,0,1,999900,999900,999900,99990,270,0.5,10,10,999.0,999,9,'999999999,0,0.0000,0,88,999.000,0.0,1.0
2056/9/7,20:00,?9?9?9?9E0?9?9?9?9*9?9*9?9?9?9?9?9?9*9*_?9*9*9?9?9,29.6,26.4,83,100350,9999,9999,471,0,0,0,999900,999900,999900,99990,270,0.0,10,10,999.0,999,9,'999999999,0,0.0000,0,88,999.000,0.0,1.0
2056/9/7,21:00,?9?9?9?9E0?9?9?9?9*9?9*9?9?9?9?9?9?9*9*_?9*9*9?9?9,29.0,26.4,86,100450,9999,9999,468,0,0,0,999900,999900,999900,99990,270,0.0,10,10,999.0,999,9,'999999999,0,0.0000,0,88,999.000,0.0,1.0
2056/9/7,22:00,?9?9?9?9E0?9?9?9?9*9?9*9?9?9?9?9?9?9*9*_?9*9*9?9?9,28.8,26.2,86,100450,9999,9999,466,0,0,0,999900,999900,999900,99990,270,0.0,10,10,999.0,999,9,'999999999,0,0.0000,0,88,999.000,0.0,1.0
2056/9/7,23:00,?9?9?9?9E0?9?9?9?9*9?9*9?9?9?9?9?9?9*9*_?9*9*9?9?9,28.7,26.3,87,100450,9999,9999,466,0,0,0,999900,999900,999900,99990,270,0.0,10,10,999.0,999,9,'999999999,0,0.0000,0,88,999.000,0.1,1.0
2056/9/7,24:00,?9?9?9?9E0?9?9?9?9*9?9*9?9?9?9?9?9?9*9*_?9*9*9?9?9,28.7,26.5,88,100550,9999,9999,466,0,0,0,999900,999900,999900,99990,270,0.3,10,10,999.0,999,9,'999999999,0,0.0000,0,88,999.000,0.1,1.0
2056/9/8,01:00,?9?9?9?9E0?9?9?9?9*9?9*9?9?9?9?9?9?9*9*_?9*9*9?9?9,27.7,25.5,88,100450,9999,9999,430,0,0,0,999900,999900,999900,99990,270,0.1,7,7,999.0,999,9,'999999999,0,0.0000,0,88,999.000,1.0,1.0
2056/9/8,02:00,?9?9?9?9E0?9?9?9?9*9?9*9?9?9?9?9?9?9*9*_?9*9*9?9?9,27.7,25.5,88,100450,9999,9999,414,0,0,0,999900,999900,999900,99990,270,0.5,3,3,999.0,999,9,'999999999,0,0.0000,0,88,999.000,0.1,1.0
2056/9/8,03:00,?9?9?9?9E0?9?9?9?9*9?9*9?9?9?9?9?9?9*9*_?9*9*9?9?9,27.7,25.5,88,100350,9999,9999,430,0,0,0,999900,999900,999900,99990,270,0.0,7,7,999.0,999,9,'999999999,0,0.0000,0,88,999.000,0.0,1.0
2056/9/8,04:00,?9?9?9?9E0?9?9?9?9*9?9*9?9?9?9?9?9?9*9*_?9*9*9?9?9,27.7,25.7,89,100350,9999,9999,418,0,0,0,999900,999900,999900,99990,270,0.0,4,4,999.0,999,9,'999999999,0,0.0000,0,88,999.000,0.0,1.0
2056/9/8,05:00,?9?9?9?9E0?9?9?9?9*9?9*9?9?9?9?9?9?9*9*_?9*9*9?9?9,27.7,25.7,89,100450,9999,9999,415,0,0,0,999900,999900,999900,99990,270,0.0,3,3,999.0,999,9,'999999999,0,0.0000,0,88,999.000,0.3,1.0
2056/9/8,06:00,?9?9?9?9E0?9?9?9?9*9?9*9?9?9?9?9?9?9*9*_?9*9*9?9?9,27.6,25.8,90,100350,9999,9999,429,0,0,0,999900,999900,999900,99990,270,0.0,7,7,999.0,999,9,'999999999,0,0.0000,0,88,999.000,0.0,1.0
2056/9/8,07:00,?9?9?9?9E0?9?9?9?9*9?9*9?9?9?9?9?9?9*9*_?9*9*9?9?9,27.6,25.5,88,100450,9999,9999,458,16,3,16,999900,999900,999900,99990,270,0.6,10,10,999.0,999,9,'999999999,0,0.0000,0,88,999.000,0.0,1.0
2056/9/8,08:00,?9?9?9?9E0?9?9?9?9*9?9*9?9?9?9?9?9?9*9*_?9*9*9?9?9,28.5,25.7,85,100550,9999,9999,464,119,16,113,999900,999900,999900,99990,270,0.7,10,10,999.0,999,9,'999999999,0,0.0000,0,88,999.000,0.0,1.0
2056/9/8,09:00,?9?9?9?9E0?9?9?9?9*9?9*9?9?9?9?9?9?9*9*_?9*9*9?9?9,29.0,24.4,76,100550,9999,9999,465,258,37,236,999900,999900,999900,99990,270,0.5,10,10,999.0,999,9,'999999999,0,0.0000,0,88,999.000,0.0,1.0
2056/9/8,10:00,?9?9?9?9E0?9?9?9?9*9?9*9?9?9?9?9?9?9*9*_?9*9*9?9?9,29.7,24.1,72,100550,9999,9999,469,376,50,338,999900,999900,999900,99990,270,0.6,10,10,999.0,999,9,'999999999,0,0.0000,0,88,999.000,0.0,1.0
2056/9/8,11:00,?9?9?9?9E0?9?9?9?9*9?9*9?9?9?9?9?9?9*9*_?9*9*9?9?9,30.6,23.8,67,100450,9999,9999,474,464,55,414,999900,999900,999900,99990,270,1.0,10,10,999.0,999,9,'999999999,0,0.0000,0,88,999.000,0.0,1.0
2056/9/8,12:00,?9?9?9?9E0?9?9?9?9*9?9*9?9?9?9?9?9?9*9*_?9*9*9?9?9,31.3,23.9,65,100550,9999,9999,478,495,49,447,999900,999900,999900,99990,270,0.8,10,10,999.0,999,9,'999999999,0,0.0000,0,88,999.000,0.0,1.0
2056/9/8,13:00,?9?9?9?9E0?9?9?9?9*9?9*9?9?9?9?9?9?9*9*_?9*9*9?9?9,31.5,24.1,65,100350,9999,9999,480,509,52,458,999900,999900,999900,99990,290,0.7,10,10,999.0,999,9,'999999999,0,0.0000,0,88,999.000,0.0,1.0
2056/9/8,14:00,?9?9?9?9E0?9?9?9?9*9?9*9?9?9?9?9?9?9*9*_?9*9*9?9?9,32.1,24.2,63,100350,9999,9999,484,474,54,424,999900,999900,999900,99990,290,0.7,10,10,999.0,999,9,'999999999,0,0.0000,0,88,999.000,0.0,1.0
2056/9/8,15:00,?9?9?9?9E0?9?9?9?9*9?9*9?9?9?9?9?9?9*9*_?9*9*9?9?9,32.6,24.1,61,100250,9999,9999,487,391,51,350,999900,999900,999900,99990,290,0.6,10,10,999.0,999,9,'999999999,0,0.0000,0,88,999.000,0.0,1.0
2056/9/8,16:00,?9?9?9?9E0?9?9?9?9*9?9*9?9?9?9?9?9?9*9*_?9*9*9?9?9,32.6,23.8,60,100250,9999,9999,473,337,71,292,999900,999900,999900,99990,290,0.2,9,9,999.0,999,9,'999999999,0,0.0000,0,88,999.000,0.0,1.0
2056/9/8,17:00,?9?9?9?9E0?9?9?9?9*9?9*9?9?9?9?9?9?9*9*_?9*9*9?9?9,32.4,24.2,62,100150,9999,9999,472,184,41,167,999900,999900,999900,99990,290,0.0,9,9,999.0,999,9,'999999999,0,0.0000,0,88,999.000,0.0,1.0
2056/9/8,18:00,?9?9?9?9E0?9?9?9?9*9?9*9?9?9?9?9?9?9*9*_?9*9*9?9?9,31.3,25.2,70,100150,9999,9999,467,55,16,52,999900,999900,999900,99990,320,0.0,9,9,999.0,999,9,'999999999,0,0.0000,0,88,999.000,0.0,1.0
2056/9/8,19:00,?9?9?9?9E0?9?9?9?9*9?9*9?9?9?9?9?9?9*9*_?9*9*9?9?9,30.2,25.3,75,100150,9999,9999,460,1,0,1,999900,999900,999900,99990,320,0.0,9,9,999.0,999,9,'999999999,0,0.0000,0,88,999.000,0.0,1.0
2056/9/8,20:00,?9?9?9?9E0?9?9?9?9*9?9*9?9?9?9?9?9?9*9*_?9*9*9?9?9,29.5,25.7,80,100250,9999,9999,457,0,0,0,999900,999900,999900,99990,320,0.0,9,9,999.0,999,9,'999999999,0,0.0000,0,88,999.000,0.0,1.0
2056/9/8,21:00,?9?9?9?9E0?9?9?9?9*9?9*9?9?9?9?9?9?9*9*_?9*9*9?9?9,29.1,25.9,83,100350,9999,9999,445,0,0,0,999900,999900,999900,99990,320,0.0,8,8,999.0,999,9,'999999999,0,0.0000,0,88,999.000,0.0,1.0
2056/9/8,22:00,?9?9?9?9E0?9?9?9?9*9?9*9?9?9?9?9?9?9*9*_?9*9*9?9?9,29.0,25.8,83,100350,9999,9999,444,0,0,0,999900,999900,999900,99990,320,0.0,8,8,999.0,999,9,'999999999,0,0.0000,0,88,999.000,0.0,1.0
2056/9/8,23:00,?9?9?9?9E0?9?9?9?9*9?9*9?9?9?9?9?9?9*9*_?9*9*9?9?9,29.0,26.0,84,100350,9999,9999,429,0,0,0,999900,999900,999900,99990,320,0.0,5,5,999.0,999,9,'999999999,0,0.0000,0,88,999.000,0.0,1.0
2056/9/8,24:00,?9?9?9?9E0?9?9?9?9*9?9*9?9?9?9?9?9?9*9*_?9*9*9?9?9,28.9,25.9,84,100350,9999,9999,428,0,0,0,999900,999900,999900,99990,320,0.0,5,5,999.0,999,9,'999999999,0,0.0000,0,88,999.000,0.0,1.0
2056/9/9,01:00,?9?9?9?9E0?9?9?9?9*9?9*9?9?9?9?9?9?9*9*_?9*9*9?9?9,28.5,25.6,84,100350,9999,9999,425,0,0,0,999900,999900,999900,99990,320,0.0,5,5,999.0,999,9,'999999999,0,0.0000,0,88,999.000,0.0,1.0
2056/9/9,02:00,?9?9?9?9E0?9?9?9?9*9?9*9?9?9?9?9?9?9*9*_?9*9*9?9?9,28.6,25.6,84,100350,9999,9999,426,0,0,0,999900,999900,999900,99990,320,0.3,5,5,999.0,999,9,'999999999,0,0.0000,0,88,999.000,0.1,1.0
2056/9/9,03:00,?9?9?9?9E0?9?9?9?9*9?9*9?9?9?9?9?9?9*9*_?9*9*9?9?9,28.5,25.6,84,100250,9999,9999,429,0,0,0,999900,999900,999900,99990,320,0.3,6,6,999.0,999,9,'999999999,0,0.0000,0,88,999.000,0.1,1.0
2056/9/9,04:00,?9?9?9?9E0?9?9?9?9*9?9*9?9?9?9?9?9?9*9*_?9*9*9?9?9,28.5,25.6,84,100250,9999,9999,425,0,0,0,999900,999900,999900,99990,320,0.3,5,5,999.0,999,9,'999999999,0,0.0000,0,88,999.000,0.0,1.0
2056/9/9,05:00,?9?9?9?9E0?9?9?9?9*9?9*9?9?9?9?9?9?9*9*_?9*9*9?9?9,28.5,25.6,84,100250,9999,9999,425,0,0,0,999900,999900,999900,99990,320,0.1,5,5,999.0,999,9,'999999999,0,0.0000,0,88,999.000,0.0,1.0
2056/9/9,06:00,?9?9?9?9E0?9?9?9?9*9?9*9?9?9?9?9?9?9*9*_?9*9*9?9?9,28.1,25.9,88,100350,9999,9999,424,0,0,0,999900,999900,999900,99990,320,0.0,5,5,999.0,999,9,'999999999,0,0.0000,0,88,999.000,0.0,1.0
2056/9/9,07:00,?9?9?9?9E0?9?9?9?9*9?9*9?9?9?9?9?9?9*9*_?9*9*9?9?9,28.4,26.2,88,100350,9999,9999,429,57,68,49,999900,999900,999900,99990,320,0.2,6,6,999.0,999,9,'999999999,0,0.0000,0,88,999.000,0.0,1.0
2056/9/9,08:00,?9?9?9?9E0?9?9?9?9*9?9*9?9?9?9?9?9?9*9*_?9*9*9?9?9,29.0,26.2,85,100450,9999,9999,445,191,89,158,999900,999900,999900,99990,320,0.2,8,8,999.0,999,9,'999999999,0,0.0000,0,88,999.000,0.0,1.0
2056/9/9,09:00,?9?9?9?9E0?9?9?9?9*9?9*9?9?9?9?9?9?9*9*_?9*9*9?9?9,30.6,25.5,74,100450,9999,9999,463,319,98,261,999900,999900,999900,99990,320,0.6,9,9,999.0,999,9,'999999999,0,0.0000,0,88,999.000,0.0,1.0
2056/9/9,10:00,?9?9?9?9E0?9?9?9?9*9?9*9?9?9?9?9?9?9*9*_?9*9*9?9?9,31.2,23.3,63,100450,9999,9999,464,478,142,368,999900,999900,999900,99990,320,1.0,9,9,999.0,999,9,'999999999,0,0.0000,0,88,999.000,0.0,1.0
2056/9/9,11:00,?9?9?9?9E0?9?9?9?9*9?9*9?9?9?9?9?9?9*9*_?9*9*9?9?9,31.9,24.0,63,100450,9999,9999,469,567,148,433,999900,999900,999900,99990,270,1.0,9,9,999.0,999,9,'999999999,0,0.0000,0,88,999.000,0.0,1.0
2056/9/9,12:00,?9?9?9?9E0?9?9?9?9*9?9*9?9?9?9?9?9?9*9*_?9*9*9?9?9,33.7,22.8,53,100350,9999,9999,468,725,250,480,999900,999900,999900,99990,250,1.0,8,8,999.0,999,9,'999999999,0,0.0000,0,88,999.000,0.0,1.0
2056/9/9,13:00,?9?9?9?9E0?9?9?9?9*9?9*9?9?9?9?9?9?9*9*_?9*9*9?9?9,34.2,22.3,50,100250,9999,9999,471,755,280,479,999900,999900,999900,99990,280,2.1,8,8,999.0,999,9,'999999999,0,0.0000,0,88,999.000,0.0,1.0
2056/9/9,14:00,?9?9?9?9E0?9?9?9?9*9?9*9?9?9?9?9?9?9*9*_?9*9*9?9?9,34.2,21.6,48,100150,9999,9999,480,620,187,446,999900,999900,999900,99990,280,1.6,9,9,999.0,999,9,'999999999,0,0.0000,0,88,999.000,0.0,1.0
2056/9/9,15:00,?9?9?9?9E0?9?9?9?9*9?9*9?9?9?9?9?9?9*9*_?9*9*9?9?9,34.8,21.8,47,100050,9999,9999,484,519,169,383,999900,999900,999900,99990,320,1.1,9,9,999.0,999,9,'999999999,0,0.0000,0,88,999.000,0.0,1.0
2056/9/9,16:00,?9?9?9?9E0?9?9?9?9*9?9*9?9?9?9?9?9?9*9*_?9*9*9?9?9,35.3,20.8,43,100050,9999,9999,486,378,136,292,999900,999900,999900,99990,290,0.8,9,9,999.0,999,9,'999999999,0,0.0000,0,88,999.000,0.0,1.0
2056/9/9,17:00,?9?9?9?9E0?9?9?9?9*9?9*9?9?9?9?9?9?9*9*_?9*9*9?9?9,34.2,21.3,47,100050,9999,9999,479,206,75,175,999900,999900,999900,99990,310,0.1,9,9,999.0,999,9,'999999999,0,0.0000,0,88,999.000,0.0,1.0
2056/9/9,18:00,?9?9?9?9E0?9?9?9?9*9?9*9?9?9?9?9?9?9*9*_?9*9*9?9?9,32.3,22.1,55,100050,9999,9999,469,65,31,59,999900,999900,999900,99990,310,0.4,9,9,999.0,999,9,'999999999,0,0.0000,0,88,999.000,0.0,1.0
2056/9/9,19:00,?9?9?9?9E0?9?9?9?9*9?9*9?9?9?9?9?9?9*9*_?9*9*9?9?9,31.2,24.6,68,100050,9999,9999,466,1,0,1,999900,999900,999900,99990,70,0.1,9,9,999.0,999,9,'999999999,0,0.0000,0,88,999.000,0.0,1.0
2056/9/9,20:00,?9?9?9?9E0?9?9?9?9*9?9*9?9?9?9?9?9?9*9*_?9*9*9?9?9,30.8,25.2,72,100150,9999,9999,454,0,0,0,999900,999900,999900,99990,70,0.1,8,8,999.0,999,9,'999999999,0,0.0000,0,88,999.000,0.0,1.0
2056/9/9,21:00,?9?9?9?9E0?9?9?9?9*9?9*9?9?9?9?9?9?9*9*_?9*9*9?9?9,30.7,25.8,75,100250,9999,9999,454,0,0,0,999900,999900,999900,99990,70,0.0,8,8,999.0,999,9,'999999999,0,0.0000,0,88,999.000,0.0,1.0
2056/9/9,22:00,?9?9?9?9E0?9?9?9?9*9?9*9?9?9?9?9?9?9*9*_?9*9*9?9?9,30.5,26.9,81,100250,9999,9999,455,0,0,0,999900,999900,999900,99990,80,0.5,8,8,999.0,999,9,'999999999,0,0.0000,0,88,999.000,0.0,1.0
2056/9/9,23:00,?9?9?9?9E0?9?9?9?9*9?9*9?9?9?9?9?9?9*9*_?9*9*9?9?9,30.2,26.4,80,100250,9999,9999,462,0,0,0,999900,999900,999900,99990,80,0.6,9,9,999.0,999,9,'999999999,0,0.0000,0,88,999.000,0.0,1.0
2056/9/9,24:00,?9?9?9?9E0?9?9?9?9*9?9*9?9?9?9?9?9?9*9*_?9*9*9?9?9,29.8,24.9,75,100150,9999,9999,458,0,0,0,999900,999900,999900,99990,180,0.6,9,9,999.0,999,9,'999999999,0,0.0000,0,88,999.000,0.0,1.0
2056/9/10,01:00,?9?9?9?9E0?9?9?9?9*9?9*9?9?9?9?9?9?9*9*_?9*9*9?9?9,29.7,23.7,70,100150,9999,9999,455,0,0,0,999900,999900,999900,99990,180,0.9,9,9,999.0,999,9,'999999999,0,0.0000,0,88,999.000,0.0,1.0
2056/9/10,02:00,?9?9?9?9E0?9?9?9?9*9?9*9?9?9?9?9?9?9*9*_?9*9*9?9?9,29.7,24.4,73,100150,9999,9999,456,0,0,0,999900,999900,999900,99990,200,0.5,9,9,999.0,999,9,'999999999,0,0.0000,0,88,999.000,0.0,1.0
2056/9/10,03:00,?9?9?9?9E0?9?9?9?9*9?9*9?9?9?9?9?9?9*9*_?9*9*9?9?9,29.7,25.9,80,100150,9999,9999,458,0,0,0,999900,999900,999900,99990,220,0.5,9,9,999.0,999,9,'999999999,0,0.0000,0,88,999.000,0.0,1.0
2056/9/10,04:00,?9?9?9?9E0?9?9?9?9*9?9*9?9?9?9?9?9?9*9*_?9*9*9?9?9,29.5,26.3,83,100150,9999,9999,458,0,0,0,999900,999900,999900,99990,220,0.0,9,9,999.0,999,9,'999999999,0,0.0000,0,88,999.000,0.0,1.0
2056/9/10,05:00,?9?9?9?9E0?9?9?9?9*9?9*9?9?9?9?9?9?9*9*_?9*9*9?9?9,29.3,26.9,87,100150,9999,9999,457,0,0,0,999900,999900,999900,99990,190,0.0,9,9,999.0,999,9,'999999999,0,0.0000,0,88,999.000,0.0,1.0
2056/9/10,06:00,?9?9?9?9E0?9?9?9?9*9?9*9?9?9?9?9?9?9*9*_?9*9*9?9?9,28.9,26.5,87,100150,9999,9999,445,0,0,0,999900,999900,999900,99990,190,0.0,8,8,999.0,999,9,'999999999,0,0.0000,0,88,999.000,0.0,1.0
2056/9/10,07:00,?9?9?9?9E0?9?9?9?9*9?9*9?9?9?9?9?9?9*9*_?9*9*9?9?9,28.9,26.5,87,100350,9999,9999,445,39,21,36,999900,999900,999900,99990,190,0.0,8,8,999.0,999,9,'999999999,0,0.0000,0,88,999.000,0.0,1.0
2056/9/10,08:00,?9?9?9?9E0?9?9?9?9*9?9*9?9?9?9?9?9?9*9*_?9*9*9?9?9,29.2,27.0,88,100350,9999,9999,457,154,41,139,999900,999900,999900,99990,190,0.0,9,9,999.0,999,9,'999999999,0,0.0000,0,88,999.000,0.0,1.0
2056/9/10,09:00,?9?9?9?9E0?9?9?9?9*9?9*9?9?9?9?9?9?9*9*_?9*9*9?9?9,30.2,27.2,84,100450,9999,9999,463,302,75,258,999900,999900,999900,99990,270,0.6,9,9,999.0,999,9,'999999999,0,0.0000,0,88,999.000,0.0,1.0
2056/9/10,10:00,?9?9?9?9E0?9?9?9?9*9?9*9?9?9?9?9?9?9*9*_?9*9*9?9?9,32.1,25.0,66,100550,9999,9999,472,468,125,371,999900,999900,999900,99990,270,0.9,9,9,999.0,999,9,'999999999,0,0.0000,0,88,999.000,0.0,1.0
2056/9/10,11:00,?9?9?9?9E0?9?9?9?9*9?9*9?9?9?9?9?9?9*9*_?9*9*9?9?9,33.2,24.4,60,100450,9999,9999,478,569,138,444,999900,999900,999900,99990,240,1.0,9,9,999.0,999,9,'999999999,0,0.0000,0,88,999.000,0.0,1.0
2056/9/10,12:00,?9?9?9?9E0?9?9?9?9*9?9*9?9?9?9?9?9?9*9*_?9*9*9?9?9,34.4,23.1,52,100450,9999,9999,483,631,144,490,999900,999900,999900,99990,320,1.0,9,9,999.0,999,9,'999999999,0,0.0000,0,88,999.000,0.0,1.0
2056/9/10,13:00,?9?9?9?9E0?9?9?9?9*9?9*9?9?9?9?9?9?9*9*_?9*9*9?9?9,34.8,23.5,52,100350,9999,9999,486,654,158,498,999900,999900,999900,99990,250,1.0,9,9,999.0,999,9,'999999999,0,0.0000,0,88,999.000,0.0,1.0
2056/9/10,14:00,?9?9?9?9E0?9?9?9?9*9?9*9?9?9?9?9?9?9*9*_?9*9*9?9?9,34.8,23.5,52,100250,9999,9999,486,607,162,457,999900,999900,999900,99990,260,1.0,9,9,999.0,999,9,'999999999,0,0.0000,0,88,999.000,0.0,1.0
2056/9/10,15:00,?9?9?9?9E0?9?9?9?9*9?9*9?9?9?9?9?9?9*9*_?9*9*9?9?9,35.3,23.0,49,100150,9999,9999,489,512,154,387,999900,999900,999900,99990,270,1.0,9,9,999.0,999,9,'999999999,0,0.0000,0,88,999.000,0.0,1.0
2056/9/10,16:00,?9?9?9?9E0?9?9?9?9*9?9*9?9?9?9?9?9?9*9*_?9*9*9?9?9,35.4,22.7,48,100050,9999,9999,489,367,119,292,999900,999900,999900,99990,260,1.0,9,9,999.0,999,9,'999999999,0,0.0000,0,88,999.000,0.0,1.0
2056/9/10,17:00,?9?9?9?9E0?9?9?9?9*9?9*9?9?9?9?9?9?9*9*_?9*9*9?9?9,35.1,22.5,48,100050,9999,9999,487,204,69,175,999900,999900,999900,99990,260,1.0,9,9,999.0,999,9,'999999999,0,0.0000,0,88,999.000,0.0,1.0
2056/9/10,18:00,?9?9?9?9E0?9?9?9?9*9?9*9?9?9?9?9?9?9*9*_?9*9*9?9?9,33.1,24.9,62,100150,9999,9999,478,58,23,54,999900,999900,999900,99990,200,0.5,9,9,999.0,999,9,'999999999,0,0.0000,0,88,999.000,0.0,1.0
2056/9/10,19:00,?9?9?9?9E0?9?9?9?9*9?9*9?9?9?9?9?9?9*9*_?9*9*9?9?9,32.1,24.4,64,100250,9999,9999,471,1,0,1,999900,999900,999900,99990,200,0.4,9,9,999.0,999,9,'999999999,0,0.0000,0,88,999.000,0.0,1.0
2056/9/10,20:00,?9?9?9?9E0?9?9?9?9*9?9*9?9?9?9?9?9?9*9*_?9*9*9?9?9,31.6,25.2,69,100350,9999,9999,469,0,0,0,999900,999900,999900,99990,180,0.4,9,9,999.0,999,9,'999999999,0,0.0000,0,88,999.000,0.0,1.0
2056/9/10,21:00,?9?9?9?9E0?9?9?9?9*9?9*9?9?9?9?9?9?9*9*_?9*9*9?9?9,31.4,26.9,77,100350,9999,9999,460,0,0,0,999900,999900,999900,99990,200,1.0,8,8,999.0,999,9,'999999999,0,0.0000,0,88,999.000,0.0,1.0
2056/9/10,22:00,?9?9?9?9E0?9?9?9?9*9?9*9?9?9?9?9?9?9*9*_?9*9*9?9?9,31.4,26.7,76,100450,9999,9999,460,0,0,0,999900,999900,999900,99990,200,1.0,8,8,999.0,999,9,'999999999,0,0.0000,0,88,999.000,0.0,1.0
2056/9/10,23:00,?9?9?9?9E0?9?9?9?9*9?9*9?9?9?9?9?9?9*9*_?9*9*9?9?9,31.1,26.4,76,100450,9999,9999,458,0,0,0,999900,999900,999900,99990,170,0.9,8,8,999.0,999,9,'999999999,0,0.0000,0,88,999.000,0.0,1.0
2056/9/10,24:00,?9?9?9?9E0?9?9?9?9*9?9*9?9?9?9?9?9?9*9*_?9*9*9?9?9,30.7,26.2,77,100350,9999,9999,455,0,0,0,999900,999900,999900,99990,180,0.3,8,8,999.0,999,9,'999999999,0,0.0000,0,88,999.000,0.0,1.0
2056/9/11,01:00,?9?9?9?9E0?9?9?9?9*9?9*9?9?9?9?9?9?9*9*_?9*9*9?9?9,30.6,26.8,80,100350,9999,9999,448,0,0,0,999900,999900,999900,99990,180,0.4,7,7,999.0,999,9,'999999999,0,0.0000,0,88,999.000,0.0,1.0
2056/9/11,02:00,?9?9?9?9E0?9?9?9?9*9?9*9?9?9?9?9?9?9*9*_?9*9*9?9?9,29.7,27.1,86,100250,9999,9999,443,0,0,0,999900,999900,999900,99990,180,0.5,7,7,999.0,999,9,'999999999,0,0.0000,0,88,999.000,0.8,1.0
2056/9/11,03:00,?9?9?9?9E0?9?9?9?9*9?9*9?9?9?9?9?9?9*9*_?9*9*9?9?9,29.7,26.9,85,100350,9999,9999,438,0,0,0,999900,999900,999900,99990,180,0.6,6,6,999.0,999,9,'999999999,0,0.0000,0,88,999.000,0.0,1.0
2056/9/11,04:00,?9?9?9?9E0?9?9?9?9*9?9*9?9?9?9?9?9?9*9*_?9*9*9?9?9,29.6,26.6,84,100350,9999,9999,449,0,0,0,999900,999900,999900,99990,260,0.7,8,8,999.0,999,9,'999999999,0,0.0000,0,88,999.000,0.0,1.0
2056/9/11,05:00,?9?9?9?9E0?9?9?9?9*9?9*9?9?9?9?9?9?9*9*_?9*9*9?9?9,29.3,26.5,85,100350,9999,9999,457,0,0,0,999900,999900,999900,99990,260,0.5,9,9,999.0,999,9,'999999999,0,0.0000,0,88,999.000,0.0,1.0
2056/9/11,06:00,?9?9?9?9E0?9?9?9?9*9?9*9?9?9?9?9?9?9*9*_?9*9*9?9?9,29.3,26.5,85,100350,9999,9999,457,0,0,0,999900,999900,999900,99990,260,0.4,9,9,999.0,999,9,'999999999,0,0.0000,0,88,999.000,0.0,1.0
2056/9/11,07:00,?9?9?9?9E0?9?9?9?9*9?9*9?9?9?9?9?9?9*9*_?9*9*9?9?9,29.4,26.8,86,100450,9999,9999,458,28,13,26,999900,999900,999900,99990,220,0.5,9,9,999.0,999,9,'999999999,0,0.0000,0,88,999.000,0.0,1.0
2056/9/11,08:00,?9?9?9?9E0?9?9?9?9*9?9*9?9?9?9?9?9?9*9*_?9*9*9?9?9,30.1,27.5,86,100550,9999,9999,463,155,50,137,999900,999900,999900,99990,220,0.2,9,9,999.0,999,9,'999999999,0,0.0000,0,88,999.000,0.0,1.0
2056/9/11,09:00,?9?9?9?9E0?9?9?9?9*9?9*9?9?9?9?9?9?9*9*_?9*9*9?9?9,31.4,25.8,72,100550,9999,9999,468,325,115,257,999900,999900,999900,99990,180,0.9,9,9,999.0,999,9,'999999999,0,0.0000,0,88,999.000,0.0,1.0
2056/9/11,10:00,?9?9?9?9E0?9?9?9?9*9?9*9?9?9?9?9?9?9*9*_?9*9*9?9?9,32.4,23.9,61,100550,9999,9999,472,485,172,352,999900,999900,999900,99990,280,1.4,9,9,999.0,999,9,'999999999,0,0.0000,0,88,999.000,0.0,1.0
2056/9/11,11:00,?9?9?9?9E0?9?9?9?9*9?9*9?9?9?9?9?9?9*9*_?9*9*9?9?9,33.4,23.4,56,100550,9999,9999,478,588,196,410,999900,999900,999900,99990,270,1.0,9,9,999.0,999,9,'999999999,0,0.0000,0,88,999.000,0.0,1.0
2056/9/11,12:00,?9?9?9?9E0?9?9?9?9*9?9*9?9?9?9?9?9?9*9*_?9*9*9?9?9,34.9,22.9,50,100550,9999,9999,469,812,421,400,999900,999900,999900,99990,270,1.1,7,7,999.0,999,9,'999999999,0,0.0000,0,88,999.000,0.0,1.0
2056/9/11,13:00,?9?9?9?9E0?9?9?9?9*9?9*9?9?9?9?9?9?9*9*_?9*9*9?9?9,35.3,23.3,50,100450,9999,9999,466,895,566,338,999900,999900,999900,99990,270,1.0,6,6,999.0,999,9,'999999999,0,0.0000,0,88,999.000,0.0,1.0
2056/9/11,14:00,?9?9?9?9E0?9?9?9?9*9?9*9?9?9?9?9?9?9*9*_?9*9*9?9?9,36.0,22.6,46,100250,9999,9999,469,842,592,294,999900,999900,999900,99990,270,1.0,6,6,999.0,999,9,'999999999,0,0.0000,0,88,999.000,0.0,1.0
2056/9/11,15:00,?9?9?9?9E0?9?9?9?9*9?9*9?9?9?9?9?9?9*9*_?9*9*9?9?9,36.4,22.6,45,100250,9999,9999,472,712,579,246,999900,999900,999900,99990,270,1.0,6,6,999.0,999,9,'999999999,0,0.0000,0,88,999.000,0.0,1.0
2056/9/11,16:00,?9?9?9?9E0?9?9?9?9*9?9*9?9?9?9?9?9?9*9*_?9*9*9?9?9,36.3,22.5,45,100150,9999,9999,460,601,698,161,999900,999900,999900,99990,240,0.5,3,3,999.0,999,9,'999999999,0,0.0000,0,88,999.000,0.0,1.0
2056/9/11,17:00,?9?9?9?9E0?9?9?9?9*9?9*9?9?9?9?9?9?9*9*_?9*9*9?9?9,33.6,25.9,64,100150,9999,9999,448,337,479,138,999900,999900,999900,99990,220,0.6,3,3,999.0,999,9,'999999999,0,0.0000,0,88,999.000,0.0,1.0
2056/9/11,18:00,?9?9?9?9E0?9?9?9?9*9?9*9?9?9?9?9?9?9*9*_?9*9*9?9?9,32.1,25.5,68,100150,9999,9999,446,107,240,66,999900,999900,999900,99990,180,1.0,5,5,999.0,999,9,'999999999,0,0.0000,0,88,999.000,0.0,1.0
2056/9/11,19:00,?9?9?9?9E0?9?9?9?9*9?9*9?9?9?9?9?9?9*9*_?9*9*9?9?9,31.4,25.8,72,100150,9999,9999,459,0,0,0,999900,999900,999900,99990,130,1.0,8,8,999.0,999,9,'999999999,0,0.0000,0,88,999.000,0.0,1.0
2056/9/11,20:00,?9?9?9?9E0?9?9?9?9*9?9*9?9?9?9?9?9?9*9*_?9*9*9?9?9,31.1,26.8,78,100250,9999,9999,468,0,0,0,999900,999900,999900,99990,190,0.0,9,9,999.0,999,9,'999999999,0,0.0000,0,88,999.000,0.0,1.0
2056/9/11,21:00,?9?9?9?9E0?9?9?9?9*9?9*9?9?9?9?9?9?9*9*_?9*9*9?9?9,30.9,26.6,78,100350,9999,9999,457,0,0,0,999900,999900,999900,99990,180,0.6,8,8,999.0,999,9,'999999999,0,0.0000,0,88,999.000,0.0,1.0
2056/9/11,22:00,?9?9?9?9E0?9?9?9?9*9?9*9?9?9?9?9?9?9*9*_?9*9*9?9?9,30.9,26.6,78,100350,9999,9999,457,0,0,0,999900,999900,999900,99990,180,0.5,8,8,999.0,999,9,'999999999,0,0.0000,0,88,999.000,0.0,1.0
2056/9/11,23:00,?9?9?9?9E0?9?9?9?9*9?9*9?9?9?9?9?9?9*9*_?9*9*9?9?9,30.8,26.3,77,100350,9999,9999,456,0,0,0,999900,999900,999900,99990,180,0.4,8,8,999.0,999,9,'999999999,0,0.0000,0,88,999.000,0.0,1.0
2056/9/11,24:00,?9?9?9?9E0?9?9?9?9*9?9*9?9?9?9?9?9?9*9*_?9*9*9?9?9,30.5,26.7,80,100450,9999,9999,454,0,0,0,999900,999900,999900,99990,180,0.5,8,8,999.0,999,9,'999999999,0,0.0000,0,88,999.000,0.0,1.0
2056/9/12,01:00,?9?9?9?9E0?9?9?9?9*9?9*9?9?9?9?9?9?9*9*_?9*9*9?9?9,30.5,26.7,80,100350,9999,9999,438,0,0,0,999900,999900,999900,99990,210,0.7,5,5,999.0,999,9,'999999999,0,0.0000,0,88,999.000,0.0,1.0
2056/9/12,02:00,?9?9?9?9E0?9?9?9?9*9?9*9?9?9?9?9?9?9*9*_?9*9*9?9?9,30.0,25.8,78,100350,9999,9999,434,0,0,0,999900,999900,999900,99990,220,0.8,5,5,999.0,999,9,'999999999,0,0.0000,0,88,999.000,0.0,1.0
2056/9/12,03:00,?9?9?9?9E0?9?9?9?9*9?9*9?9?9?9?9?9?9*9*_?9*9*9?9?9,29.7,24.6,74,100250,9999,9999,431,0,0,0,999900,999900,999900,99990,180,0.5,5,5,999.0,999,9,'999999999,0,0.0000,0,88,999.000,0.0,1.0
2056/9/12,04:00,?9?9?9?9E0?9?9?9?9*9?9*9?9?9?9?9?9?9*9*_?9*9*9?9?9,29.7,25.7,79,100350,9999,9999,436,0,0,0,999900,999900,999900,99990,180,0.8,6,6,999.0,999,9,'999999999,0,0.0000,0,88,999.000,0.0,1.0
2056/9/12,05:00,?9?9?9?9E0?9?9?9?9*9?9*9?9?9?9?9?9?9*9*_?9*9*9?9?9,29.2,25.4,80,100350,9999,9999,438,0,0,0,999900,999900,999900,99990,180,0.1,7,7,999.0,999,9,'999999999,0,0.0000,0,88,999.000,0.0,1.0
2056/9/12,06:00,?9?9?9?9E0?9?9?9?9*9?9*9?9?9?9?9?9?9*9*_?9*9*9?9?9,29.2,26.2,84,100350,9999,9999,446,0,0,0,999900,999900,999900,99990,180,0.3,8,8,999.0,999,9,'999999999,0,0.0000,0,88,999.000,0.0,1.0
2056/9/12,07:00,?9?9?9?9E0?9?9?9?9*9?9*9?9?9?9?9?9?9*9*_?9*9*9?9?9,29.0,26.6,87,100450,9999,9999,455,27,9,26,999900,999900,999900,99990,180,0.0,9,9,999.0,999,9,'999999999,0,0.0000,0,88,999.000,0.0,1.0
2056/9/12,08:00,?9?9?9?9E0?9?9?9?9*9?9*9?9?9?9?9?9?9*9*_?9*9*9?9?9,29.0,26.6,87,100650,9999,9999,455,156,41,141,999900,999900,999900,99990,180,0.0,9,9,999.0,999,9,'999999999,0,0.0000,0,88,999.000,0.0,1.0
2056/9/12,09:00,?9?9?9?9E0?9?9?9?9*9?9*9?9?9?9?9?9?9*9*_?9*9*9?9?9,29.5,26.1,82,100650,9999,9999,457,310,81,262,999900,999900,999900,99990,230,0.5,9,9,999.0,999,9,'999999999,0,0.0000,0,88,999.000,0.0,1.0
2056/9/12,10:00,?9?9?9?9E0?9?9?9?9*9?9*9?9?9?9?9?9?9*9*_?9*9*9?9?9,30.7,25.3,73,100650,9999,9999,464,453,112,367,999900,999900,999900,99990,260,0.3,9,9,999.0,999,9,'999999999,0,0.0000,0,88,999.000,0.0,1.0
2056/9/12,11:00,?9?9?9?9E0?9?9?9?9*9?9*9?9?9?9?9?9?9*9*_?9*9*9?9?9,32.1,25.5,68,100650,9999,9999,472,545,117,439,999900,999900,999900,99990,260,0.3,9,9,999.0,999,9,'999999999,0,0.0000,0,88,999.000,0.0,1.0
2056/9/12,12:00,?9?9?9?9E0?9?9?9?9*9?9*9?9?9?9?9?9?9*9*_?9*9*9?9?9,33.6,24.2,58,100550,9999,9999,480,606,123,486,999900,999900,999900,99990,290,0.4,9,9,999.0,999,9,'999999999,0,0.0000,0,88,999.000,0.0,1.0
2056/9/12,13:00,?9?9?9?9E0?9?9?9?9*9?9*9?9?9?9?9?9?9*9*_?9*9*9?9?9,34.2,24.2,56,100450,9999,9999,484,633,140,496,999900,999900,999900,99990,280,1.0,9,9,999.0,999,9,'999999999,0,0.0000,0,88,999.000,0.0,1.0
2056/9/12,14:00,?9?9?9?9E0?9?9?9?9*9?9*9?9?9?9?9?9?9*9*_?9*9*9?9?9,34.6,24.3,55,100350,9999,9999,486,588,149,450,999900,999900,999900,99990,280,0.6,9,9,999.0,999,9,'999999999,0,0.0000,0,88,999.000,0.0,1.0
2056/9/12,15:00,?9?9?9?9E0?9?9?9?9*9?9*9?9?9?9?9?9?9*9*_?9*9*9?9?9,35.3,24.0,52,100250,9999,9999,480,568,227,386,999900,999900,999900,99990,290,0.3,8,8,999.0,999,9,'999999999,0,0.0000,0,88,999.000,0.0,1.0
2056/9/12,16:00,?9?9?9?9E0?9?9?9?9*9?9*9?9?9?9?9?9?9*9*_?9*9*9?9?9,35.3,23.3,50,100250,9999,9999,479,412,178,300,999900,999900,999900,99990,290,0.1,8,8,999.0,999,9,'999999999,0,0.0000,0,88,999.000,0.0,1.0
2056/9/12,17:00,?9?9?9?9E0?9?9?9?9*9?9*9?9?9?9?9?9?9*9*_?9*9*9?9?9,32.4,27.2,74,100250,9999,9999,477,168,42,151,999900,999900,999900,99990,290,0.6,9,9,999.0,999,9,'999999999,0,0.0000,0,88,999.000,0.0,1.0
2056/9/12,18:00,?9?9?9?9E0?9?9?9?9*9?9*9?9?9?9?9?9?9*9*_?9*9*9?9?9,31.6,27.3,78,100250,9999,9999,462,62,32,57,999900,999900,999900,99990,160,0.3,8,8,999.0,999,9,'999999999,0,0.0000,0,88,999.000,0.0,1.0
2056/9/12,19:00,?9?9?9?9E0?9?9?9?9*9?9*9?9?9?9?9?9?9*9*_?9*9*9?9?9,30.8,26.5,78,100250,9999,9999,444,0,0,0,999900,999900,999900,99990,160,0.5,6,6,999.0,999,9,'999999999,0,0.0000,0,88,999.000,0.0,1.0
2056/9/12,20:00,?9?9?9?9E0?9?9?9?9*9?9*9?9?9?9?9?9?9*9*_?9*9*9?9?9,30.3,26.1,78,100350,9999,9999,436,0,0,0,999900,999900,999900,99990,160,0.1,5,5,999.0,999,9,'999999999,0,0.0000,0,88,999.000,0.0,1.0
2056/9/12,21:00,?9?9?9?9E0?9?9?9?9*9?9*9?9?9?9?9?9?9*9*_?9*9*9?9?9,30.2,26.6,81,100350,9999,9999,433,0,0,0,999900,999900,999900,99990,160,0.5,4,4,999.0,999,9,'999999999,0,0.0000,0,88,999.000,0.0,1.0
2056/9/12,22:00,?9?9?9?9E0?9?9?9?9*9?9*9?9?9?9?9?9?9*9*_?9*9*9?9?9,30.1,27.3,85,100450,9999,9999,446,0,0,0,999900,999900,999900,99990,190,0.5,7,7,999.0,999,9,'999999999,0,0.0000,0,88,999.000,0.0,1.0
2056/9/12,23:00,?9?9?9?9E0?9?9?9?9*9?9*9?9?9?9?9?9?9*9*_?9*9*9?9?9,29.9,27.3,86,100450,9999,9999,461,0,0,0,999900,999900,999900,99990,190,0.4,9,9,999.0,999,9,'999999999,0,0.0000,0,88,999.000,0.0,1.0
2056/9/12,24:00,?9?9?9?9E0?9?9?9?9*9?9*9?9?9?9?9?9?9*9*_?9*9*9?9?9,29.5,27.1,87,100450,9999,9999,459,0,0,0,999900,999900,999900,99990,160,0.2,9,9,999.0,999,9,'999999999,0,0.0000,0,88,999.000,0.0,1.0
2056/9/13,01:00,?9?9?9?9E0?9?9?9?9*9?9*9?9?9?9?9?9?9*9*_?9*9*9?9?9,29.5,27.1,87,100450,9999,9999,459,0,0,0,999900,999900,999900,99990,200,0.3,9,9,999.0,999,9,'999999999,0,0.0000,0,88,999.000,0.0,1.0
2056/9/13,02:00,?9?9?9?9E0?9?9?9?9*9?9*9?9?9?9?9?9?9*9*_?9*9*9?9?9,29.5,27.1,87,100450,9999,9999,433,0,0,0,999900,999900,999900,99990,210,0.3,5,5,999.0,999,9,'999999999,0,0.0000,0,88,999.000,0.0,1.0
2056/9/13,03:00,?9?9?9?9E0?9?9?9?9*9?9*9?9?9?9?9?9?9*9*_?9*9*9?9?9,29.4,27.0,87,100450,9999,9999,432,0,0,0,999900,999900,999900,99990,210,0.3,5,5,999.0,999,9,'999999999,0,0.0000,0,88,999.000,0.0,1.0
2056/9/13,04:00,?9?9?9?9E0?9?9?9?9*9?9*9?9?9?9?9?9?9*9*_?9*9*9?9?9,29.4,27.4,89,100450,9999,9999,433,0,0,0,999900,999900,999900,99990,210,0.0,5,5,999.0,999,9,'999999999,0,0.0000,0,88,999.000,0.0,1.0
2056/9/13,05:00,?9?9?9?9E0?9?9?9?9*9?9*9?9?9?9?9?9?9*9*_?9*9*9?9?9,29.3,27.3,89,100450,9999,9999,436,0,0,0,999900,999900,999900,99990,210,0.2,6,6,999.0,999,9,'999999999,0,0.0000,0,88,999.000,0.0,1.0
2056/9/13,06:00,?9?9?9?9E0?9?9?9?9*9?9*9?9?9?9?9?9?9*9*_?9*9*9?9?9,28.5,26.5,89,100550,9999,9999,435,0,0,0,999900,999900,999900,99990,210,0.0,7,7,999.0,999,9,'999999999,0,0.0000,0,88,999.000,0.0,1.0
2056/9/13,07:00,?9?9?9?9E0?9?9?9?9*9?9*9?9?9?9?9?9?9*9*_?9*9*9?9?9,28.7,26.9,90,100550,9999,9999,444,38,22,35,999900,999900,999900,99990,210,0.0,8,8,999.0,999,9,'999999999,0,0.0000,0,88,999.000,0.0,1.0
2056/9/13,08:00,?9?9?9?9E0?9?9?9?9*9?9*9?9?9?9?9?9?9*9*_?9*9*9?9?9,29.9,27.3,86,100650,9999,9999,452,189,81,159,999900,999900,999900,99990,210,0.1,8,8,999.0,999,9,'999999999,0,0.0000,0,88,999.000,0.0,1.0
2056/9/13,09:00,?9?9?9?9E0?9?9?9?9*9?9*9?9?9?9?9?9?9*9*_?9*9*9?9?9,31.2,24.9,69,100650,9999,9999,456,384,174,281,999900,999900,999900,99990,250,0.8,8,8,999.0,999,9,'999999999,0,0.0000,0,88,999.000,0.0,1.0
2056/9/13,10:00,?9?9?9?9E0?9?9?9?9*9?9*9?9?9?9?9?9?9*9*_?9*9*9?9?9,32.6,23.8,60,100650,9999,9999,473,480,145,368,999900,999900,999900,99990,250,0.6,9,9,999.0,999,9,'999999999,0,0.0000,0,88,999.000,0.0,1.0
2056/9/13,11:00,?9?9?9?9E0?9?9?9?9*9?9*9?9?9?9?9?9?9*9*_?9*9*9?9?9,33.7,25.1,61,100650,9999,9999,482,565,138,440,999900,999900,999900,99990,250,0.6,9,9,999.0,999,9,'999999999,0,0.0000,0,88,999.000,0.0,1.0
2056/9/13,12:00,?9?9?9?9E0?9?9?9?9*9?9*9?9?9?9?9?9?9*9*_?9*9*9?9?9,34.8,23.2,51,100650,9999,9999,486,636,150,489,999900,999900,999900,99990,250,0.7,9,9,999.0,999,9,'999999999,0,0.0000,0,88,999.000,0.0,1.0
2056/9/13,13:00,?9?9?9?9E0?9?9?9?9*9?9*9?9?9?9?9?9?9*9*_?9*9*9?9?9,35.3,23.3,50,100550,9999,9999,489,657,166,494,999900,999900,999900,99990,250,0.5,9,9,999.0,999,9,'999999999,0,0.0000,0,88,999.000,0.0,1.0
2056/9/13,14:00,?9?9?9?9E0?9?9?9?9*9?9*9?9?9?9?9?9?9*9*_?9*9*9?9?9,36.1,23.0,47,100450,9999,9999,494,615,174,455,999900,999900,999900,99990,250,0.7,9,9,999.0,999,9,'999999999,0,0.0000,0,88,999.000,0.0,1.0
2056/9/13,15:00,?9?9?9?9E0?9?9?9?9*9?9*9?9?9?9?9?9?9*9*_?9*9*9?9?9,35.6,24.6,53,100350,9999,9999,493,495,140,383,999900,999900,999900,99990,250,0.5,9,9,999.0,999,9,'999999999,0,0.0000,0,88,999.000,0.0,1.0
2056/9/13,16:00,?9?9?9?9E0?9?9?9?9*9?9*9?9?9?9?9?9?9*9*_?9*9*9?9?9,32.8,26.4,69,100350,9999,9999,478,325,82,274,999900,999900,999900,99990,300,0.7,9,9,999.0,999,9,'999999999,0,0.0000,0,88,999.000,0.0,1.0
2056/9/13,17:00,?9?9?9?9E0?9?9?9?9*9?9*9?9?9?9?9?9?9*9*_?9*9*9?9?9,32.1,25.0,66,100350,9999,9999,472,183,54,161,999900,999900,999900,99990,130,0.7,9,9,999.0,999,9,'999999999,0,0.0000,0,88,999.000,0.0,1.0
2056/9/13,18:00,?9?9?9?9E0?9?9?9?9*9?9*9?9?9?9?9?9?9*9*_?9*9*9?9?9,31.3,25.4,71,100350,9999,9999,458,65,40,58,999900,999900,999900,99990,130,0.5,8,8,999.0,999,9,'999999999,0,0.0000,0,88,999.000,0.0,1.0
2056/9/13,19:00,?9?9?9?9E0?9?9?9?9*9?9*9?9?9?9?9?9?9*9*_?9*9*9?9?9,30.5,24.9,72,100350,9999,9999,440,0,0,0,999900,999900,999900,99990,130,0.6,6,6,999.0,999,9,'999999999,0,0.0000,0,88,999.000,0.0,1.0
2056/9/13,20:00,?9?9?9?9E0?9?9?9?9*9?9*9?9?9?9?9?9?9*9*_?9*9*9?9?9,30.1,26.3,80,100450,9999,9999,435,0,0,0,999900,999900,999900,99990,130,0.5,5,5,999.0,999,9,'999999999,0,0.0000,0,88,999.000,0.0,1.0
2056/9/13,21:00,?9?9?9?9E0?9?9?9?9*9?9*9?9?9?9?9?9?9*9*_?9*9*9?9?9,29.9,26.7,83,100550,9999,9999,432,0,0,0,999900,999900,999900,99990,180,0.5,4,4,999.0,999,9,'999999999,0,0.0000,0,88,999.000,0.0,1.0
2056/9/13,22:00,?9?9?9?9E0?9?9?9?9*9?9*9?9?9?9?9?9?9*9*_?9*9*9?9?9,29.9,26.9,84,100550,9999,9999,432,0,0,0,999900,999900,999900,99990,160,0.5,4,4,999.0,999,9,'999999999,0,0.0000,0,88,999.000,0.0,1.0
2056/9/13,23:00,?9?9?9?9E0?9?9?9?9*9?9*9?9?9?9?9?9?9*9*_?9*9*9?9?9,29.9,26.9,84,100550,9999,9999,439,0,0,0,999900,999900,999900,99990,160,0.7,6,6,999.0,999,9,'999999999,0,0.0000,0,88,999.000,0.0,1.0
2056/9/13,24:00,?9?9?9?9E0?9?9?9?9*9?9*9?9?9?9?9?9?9*9*_?9*9*9?9?9,29.9,26.7,83,100550,9999,9999,444,0,0,0,999900,999900,999900,99990,180,0.2,7,7,999.0,999,9,'999999999,0,0.0000,0,88,999.000,0.0,1.0
2056/9/14,01:00,?9?9?9?9E0?9?9?9?9*9?9*9?9?9?9?9?9?9*9*_?9*9*9?9?9,29.9,26.7,83,100550,9999,9999,435,0,0,0,999900,999900,999900,99990,160,0.1,5,5,999.0,999,9,'999999999,0,0.0000,0,88,999.000,0.0,1.0
2056/9/14,02:00,?9?9?9?9E0?9?9?9?9*9?9*9?9?9?9?9?9?9*9*_?9*9*9?9?9,29.8,26.6,83,100450,9999,9999,434,0,0,0,999900,999900,999900,99990,190,0.0,5,5,999.0,999,9,'999999999,0,0.0000,0,88,999.000,0.0,1.0
2056/9/14,03:00,?9?9?9?9E0?9?9?9?9*9?9*9?9?9?9?9?9?9*9*_?9*9*9?9?9,29.4,26.0,82,100450,9999,9999,431,0,0,0,999900,999900,999900,99990,160,0.0,5,5,999.0,999,9,'999999999,0,0.0000,0,88,999.000,0.0,1.0
2056/9/14,04:00,?9?9?9?9E0?9?9?9?9*9?9*9?9?9?9?9?9?9*9*_?9*9*9?9?9,28.7,25.5,83,100450,9999,9999,427,0,0,0,999900,999900,999900,99990,160,0.0,5,5,999.0,999,9,'999999999,0,0.0000,0,88,999.000,0.0,1.0
2056/9/14,05:00,?9?9?9?9E0?9?9?9?9*9?9*9?9?9?9?9?9?9*9*_?9*9*9?9?9,28.2,25.5,85,100550,9999,9999,420,0,0,0,999900,999900,999900,99990,160,0.0,4,4,999.0,999,9,'999999999,0,0.0000,0,88,999.000,0.0,1.0
2056/9/14,06:00,?9?9?9?9E0?9?9?9?9*9?9*9?9?9?9?9?9?9*9*_?9*9*9?9?9,27.7,25.7,89,100550,9999,9999,418,0,0,0,999900,999900,999900,99990,160,0.0,4,4,999.0,999,9,'999999999,0,0.0000,0,88,999.000,0.0,1.0
2056/9/14,07:00,?9?9?9?9E0?9?9?9?9*9?9*9?9?9?9?9?9?9*9*_?9*9*9?9?9,28.2,26.4,90,100550,9999,9999,422,69,167,49,999900,999900,999900,99990,160,0.0,4,4,999.0,999,9,'999999999,0,0.0000,0,88,999.000,0.0,1.0
2056/9/14,08:00,?9?9?9?9E0?9?9?9?9*9?9*9?9?9?9?9?9?9*9*_?9*9*9?9?9,30.1,25.9,78,100650,9999,9999,435,272,360,140,999900,999900,999900,99990,160,0.6,5,5,999.0,999,9,'999999999,0,0.0000,0,88,999.000,0.0,1.0
2056/9/14,09:00,?9?9?9?9E0?9?9?9?9*9?9*9?9?9?9?9?9?9*9*_?9*9*9?9?9,32.3,23.6,60,100650,9999,9999,445,515,564,182,999900,999900,999900,99990,270,0.7,5,5,999.0,999,9,'999999999,0,0.0000,0,88,999.000,0.0,1.0
2056/9/14,10:00,?9?9?9?9E0?9?9?9?9*9?9*9?9?9?9?9?9?9*9*_?9*9*9?9?9,33.4,22.8,54,100650,9999,9999,454,676,564,240,999900,999900,999900,99990,270,0.8,6,6,999.0,999,9,'999999999,0,0.0000,0,88,999.000,0.0,1.0
2056/9/14,11:00,?9?9?9?9E0?9?9?9?9*9?9*9?9?9?9?9?9?9*9*_?9*9*9?9?9,34.4,21.8,48,100550,9999,9999,459,821,601,277,999900,999900,999900,99990,270,0.6,6,6,999.0,999,9,'999999999,0,0.0000,0,88,999.000,0.0,1.0
2056/9/14,12:00,?9?9?9?9E0?9?9?9?9*9?9*9?9?9?9?9?9?9*9*_?9*9*9?9?9,35.8,21.7,44,100450,9999,9999,467,896,607,304,999900,999900,999900,99990,270,0.9,6,6,999.0,999,9,'999999999,0,0.0000,0,88,999.000,0.0,1.0
2056/9/14,13:00,?9?9?9?9E0?9?9?9?9*9?9*9?9?9?9?9?9?9*9*_?9*9*9?9?9,36.3,21.7,43,100350,9999,9999,470,915,616,310,999900,999900,999900,99990,270,0.8,6,6,999.0,999,9,'999999999,0,0.0000,0,88,999.000,0.0,1.0
2056/9/14,14:00,?9?9?9?9E0?9?9?9?9*9?9*9?9?9?9?9?9?9*9*_?9*9*9?9?9,37.0,20.3,38,100350,9999,9999,485,729,394,366,999900,999900,999900,99990,240,1.2,8,8,999.0,999,9,'999999999,0,0.0000,0,88,999.000,0.0,1.0
2056/9/14,15:00,?9?9?9?9E0?9?9?9?9*9?9*9?9?9?9?9?9?9*9*_?9*9*9?9?9,36.1,23.4,48,100250,9999,9999,494,511,216,339,999900,999900,999900,99990,230,0.6,9,9,999.0,999,9,'999999999,0,0.0000,0,88,999.000,0.0,1.0
2056/9/14,16:00,?9?9?9?9E0?9?9?9?9*9?9*9?9?9?9?9?9?9*9*_?9*9*9?9?9,34.3,24.3,56,100150,9999,9999,467,460,342,247,999900,999900,999900,99990,230,1.2,7,7,999.0,999,9,'999999999,0,0.0000,0,88,999.000,0.0,1.0
2056/9/14,17:00,?9?9?9?9E0?9?9?9?9*9?9*9?9?9?9?9?9?9*9*_?9*9*9?9?9,32.8,25.1,64,100250,9999,9999,450,305,370,155,999900,999900,999900,99990,160,1.0,5,5,999.0,999,9,'999999999,0,0.0000,0,88,999.000,0.0,1.0
2056/9/14,18:00,?9?9?9?9E0?9?9?9?9*9?9*9?9?9?9?9?9?9*9*_?9*9*9?9?9,32.0,25.4,68,100250,9999,9999,449,89,164,62,999900,999900,999900,99990,160,0.4,6,6,999.0,999,9,'999999999,0,0.0000,0,88,999.000,0.0,1.0
2056/9/14,19:00,?9?9?9?9E0?9?9?9?9*9?9*9?9?9?9?9?9?9*9*_?9*9*9?9?9,31.3,25.4,71,100450,9999,9999,458,0,0,0,999900,999900,999900,99990,170,0.7,8,8,999.0,999,9,'999999999,0,0.0000,0,88,999.000,0.0,1.0
2056/9/14,20:00,?9?9?9?9E0?9?9?9?9*9?9*9?9?9?9?9?9?9*9*_?9*9*9?9?9,31.0,26.7,78,100450,9999,9999,467,0,0,0,999900,999900,999900,99990,180,1.0,9,9,999.0,999,9,'999999999,0,0.0000,0,88,999.000,0.0,1.0
2056/9/14,21:00,?9?9?9?9E0?9?9?9?9*9?9*9?9?9?9?9?9?9*9*_?9*9*9?9?9,30.9,27.5,82,100550,9999,9999,446,0,0,0,999900,999900,999900,99990,160,1.1,6,6,999.0,999,9,'999999999,0,0.0000,0,88,999.000,0.0,1.0
2056/9/14,22:00,?9?9?9?9E0?9?9?9?9*9?9*9?9?9?9?9?9?9*9*_?9*9*9?9?9,30.8,27.2,81,100550,9999,9999,445,0,0,0,999900,999900,999900,99990,160,0.8,6,6,999.0,999,9,'999999999,0,0.0000,0,88,999.000,0.0,1.0
2056/9/14,23:00,?9?9?9?9E0?9?9?9?9*9?9*9?9?9?9?9?9?9*9*_?9*9*9?9?9,30.8,27.2,81,100550,9999,9999,457,0,0,0,999900,999900,999900,99990,160,0.4,8,8,999.0,999,9,'999999999,0,0.0000,0,88,999.000,0.0,1.0
2056/9/14,24:00,?9?9?9?9E0?9?9?9?9*9?9*9?9?9?9?9?9?9*9*_?9*9*9?9?9,30.4,27.0,82,100550,9999,9999,454,0,0,0,999900,999900,999900,99990,180,0.3,8,8,999.0,999,9,'999999999,0,0.0000,0,88,999.000,0.0,1.0
2056/9/15,01:00,?9?9?9?9E0?9?9?9?9*9?9*9?9?9?9?9?9?9*9*_?9*9*9?9?9,30.4,27.0,82,100450,9999,9999,447,0,0,0,999900,999900,999900,99990,180,0.0,7,7,999.0,999,9,'999999999,0,0.0000,0,88,999.000,0.0,1.0
2056/9/15,02:00,?9?9?9?9E0?9?9?9?9*9?9*9?9?9?9?9?9?9*9*_?9*9*9?9?9,29.9,26.5,82,100450,9999,9999,444,0,0,0,999900,999900,999900,99990,180,0.0,7,7,999.0,999,9,'999999999,0,0.0000,0,88,999.000,0.0,1.0
2056/9/15,03:00,?9?9?9?9E0?9?9?9?9*9?9*9?9?9?9?9?9?9*9*_?9*9*9?9?9,29.7,26.3,82,100450,9999,9999,437,0,0,0,999900,999900,999900,99990,180,0.3,6,6,999.0,999,9,'999999999,0,0.0000,0,88,999.000,0.0,1.0
2056/9/15,04:00,?9?9?9?9E0?9?9?9?9*9?9*9?9?9?9?9?9?9*9*_?9*9*9?9?9,29.6,26.4,83,100450,9999,9999,433,0,0,0,999900,999900,999900,99990,180,0.5,5,5,999.0,999,9,'999999999,0,0.0000,0,88,999.000,0.0,1.0
2056/9/15,05:00,?9?9?9?9E0?9?9?9?9*9?9*9?9?9?9?9?9?9*9*_?9*9*9?9?9,29.3,26.3,84,100450,9999,9999,431,0,0,0,999900,999900,999900,99990,180,0.3,5,5,999.0,999,9,'999999999,0,0.0000,0,88,999.000,0.0,1.0
2056/9/15,06:00,?9?9?9?9E0?9?9?9?9*9?9*9?9?9?9?9?9?9*9*_?9*9*9?9?9,29.0,26.4,86,100550,9999,9999,426,0,0,0,999900,999900,999900,99990,250,0.1,4,4,999.0,999,9,'999999999,0,0.0000,0,88,999.000,0.0,1.0
2056/9/15,07:00,?9?9?9?9E0?9?9?9?9*9?9*9?9?9?9?9?9?9*9*_?9*9*9?9?9,29.3,26.5,85,100550,9999,9999,425,75,255,44,999900,999900,999900,99990,250,0.2,3,3,999.0,999,9,'999999999,0,0.0000,0,88,999.000,0.0,1.0
2056/9/15,08:00,?9?9?9?9E0?9?9?9?9*9?9*9?9?9?9?9?9?9*9*_?9*9*9?9?9,31.1,25.2,71,100550,9999,9999,433,310,563,103,999900,999900,999900,99990,250,1.0,3,3,999.0,999,9,'999999999,0,0.0000,0,88,999.000,0.0,1.0
2056/9/15,09:00,?9?9?9?9E0?9?9?9?9*9?9*9?9?9?9?9?9?9*9*_?9*9*9?9?9,32.6,25.9,68,100550,9999,9999,443,546,705,130,999900,999900,999900,99990,270,1.0,3,3,999.0,999,9,'999999999,0,0.0000,0,88,999.000,0.0,1.0
2056/9/15,10:00,?9?9?9?9E0?9?9?9?9*9?9*9?9?9?9?9?9?9*9*_?9*9*9?9?9,34.0,24.0,56,100550,9999,9999,448,776,823,140,999900,999900,999900,99990,270,1.7,3,3,999.0,999,9,'999999999,0,0.0000,0,88,999.000,0.0,1.0
2056/9/15,11:00,?9?9?9?9E0?9?9?9?9*9?9*9?9?9?9?9?9?9*9*_?9*9*9?9?9,34.9,22.9,50,100550,9999,9999,452,938,867,155,999900,999900,999900,99990,270,1.1,3,3,999.0,999,9,'999999999,0,0.0000,0,88,999.000,0.0,1.0
2056/9/15,12:00,?9?9?9?9E0?9?9?9?9*9?9*9?9?9?9?9?9?9*9*_?9*9*9?9?9,36.2,22.4,45,100550,9999,9999,459,1018,869,171,999900,999900,999900,99990,250,1.0,3,3,999.0,999,9,'999999999,0,0.0000,0,88,999.000,0.0,1.0
2056/9/15,13:00,?9?9?9?9E0?9?9?9?9*9?9*9?9?9?9?9?9?9*9*_?9*9*9?9?9,37.0,22.7,44,100450,9999,9999,464,1036,886,168,999900,999900,999900,99990,250,0.5,3,3,999.0,999,9,'999999999,0,0.0000,0,88,999.000,0.0,1.0
2056/9/15,14:00,?9?9?9?9E0?9?9?9?9*9?9*9?9?9?9?9?9?9*9*_?9*9*9?9?9,37.5,22.4,42,100350,9999,9999,470,938,839,167,999900,999900,999900,99990,290,0.5,4,4,999.0,999,9,'999999999,0,0.0000,0,88,999.000,0.0,1.0
2056/9/15,15:00,?9?9?9?9E0?9?9?9?9*9?9*9?9?9?9?9?9?9*9*_?9*9*9?9?9,35.0,20.2,42,100250,9999,9999,456,770,758,166,999900,999900,999900,99990,290,0.7,5,5,999.0,999,9,'999999999,0,0.0000,0,88,999.000,0.0,1.0
2056/9/15,16:00,?9?9?9?9E0?9?9?9?9*9?9*9?9?9?9?9?9?9*9*_?9*9*9?9?9,33.3,25.6,64,100250,9999,9999,453,522,563,172,999900,999900,999900,99990,100,1.0,5,5,999.0,999,9,'999999999,0,0.0000,0,88,999.000,0.0,1.0
2056/9/15,17:00,?9?9?9?9E0?9?9?9?9*9?9*9?9?9?9?9?9?9*9*_?9*9*9?9?9,32.8,24.8,63,100250,9999,9999,449,305,424,134,999900,999900,999900,99990,100,1.0,5,5,999.0,999,9,'999999999,0,0.0000,0,88,999.000,0.0,1.0
2056/9/15,18:00,?9?9?9?9E0?9?9?9?9*9?9*9?9?9?9?9?9?9*9*_?9*9*9?9?9,31.8,25.9,71,100250,9999,9999,445,93,222,58,999900,999900,999900,99990,230,1.0,5,5,999.0,999,9,'999999999,0,0.0000,0,88,999.000,0.0,1.0
2056/9/15,19:00,?9?9?9?9E0?9?9?9?9*9?9*9?9?9?9?9?9?9*9*_?9*9*9?9?9,31.4,25.8,72,100350,9999,9999,435,0,0,0,999900,999900,999900,99990,150,0.8,3,3,999.0,999,9,'999999999,0,0.0000,0,88,999.000,0.0,1.0
2056/9/15,20:00,?9?9?9?9E0?9?9?9?9*9?9*9?9?9?9?9?9?9*9*_?9*9*9?9?9,30.4,28.0,87,100450,9999,9999,433,0,0,0,999900,999900,999900,99990,170,0.0,3,3,999.0,999,9,'999999999,0,0.0000,0,88,999.000,0.8,1.0
2056/9/15,21:00,?9?9?9?9E0?9?9?9?9*9?9*9?9?9?9?9?9?9*9*_?9*9*9?9?9,30.0,27.0,84,100450,9999,9999,445,0,0,0,999900,999900,999900,99990,140,0.8,7,7,999.0,999,9,'999999999,0,0.0000,0,88,999.000,0.1,1.0
2056/9/15,22:00,?9?9?9?9E0?9?9?9?9*9?9*9?9?9?9?9?9?9*9*_?9*9*9?9?9,30.1,26.3,80,100550,9999,9999,432,0,0,0,999900,999900,999900,99990,180,0.5,4,4,999.0,999,9,'999999999,0,0.0000,0,88,999.000,0.0,1.0
2056/9/15,23:00,?9?9?9?9E0?9?9?9?9*9?9*9?9?9?9?9?9?9*9*_?9*9*9?9?9,30.2,25.7,77,100550,9999,9999,432,0,0,0,999900,999900,999900,99990,180,0.7,4,4,999.0,999,9,'999999999,0,0.0000,0,88,999.000,0.0,1.0
2056/9/15,24:00,?9?9?9?9E0?9?9?9?9*9?9*9?9?9?9?9?9?9*9*_?9*9*9?9?9,30.0,25.3,76,100550,9999,9999,437,0,0,0,999900,999900,999900,99990,180,0.4,6,6,999.0,999,9,'999999999,0,0.0000,0,88,999.000,0.0,1.0
2056/9/16,01:00,?9?9?9?9E0?9?9?9?9*9?9*9?9?9?9?9?9?9*9*_?9*9*9?9?9,29.7,25.3,77,100450,9999,9999,432,0,0,0,999900,999900,999900,99990,210,1.4,5,5,999.0,999,9,'999999999,0,0.0000,0,88,999.000,0.0,1.0
2056/9/16,02:00,?9?9?9?9E0?9?9?9?9*9?9*9?9?9?9?9?9?9*9*_?9*9*9?9?9,29.5,25.5,79,100450,9999,9999,431,0,0,0,999900,999900,999900,99990,200,1.1,5,5,999.0,999,9,'999999999,0,0.0000,0,88,999.000,0.0,1.0
2056/9/16,03:00,?9?9?9?9E0?9?9?9?9*9?9*9?9?9?9?9?9?9*9*_?9*9*9?9?9,29.5,26.3,83,100350,9999,9999,432,0,0,0,999900,999900,999900,99990,200,0.5,5,5,999.0,999,9,'999999999,0,0.0000,0,88,999.000,0.0,1.0
2056/9/16,04:00,?9?9?9?9E0?9?9?9?9*9?9*9?9?9?9?9?9?9*9*_?9*9*9?9?9,29.0,26.2,85,100350,9999,9999,429,0,0,0,999900,999900,999900,99990,210,0.2,5,5,999.0,999,9,'999999999,0,0.0000,0,88,999.000,0.0,1.0
2056/9/16,05:00,?9?9?9?9E0?9?9?9?9*9?9*9?9?9?9?9?9?9*9*_?9*9*9?9?9,29.0,26.4,86,100450,9999,9999,423,0,0,0,999900,999900,999900,99990,210,0.5,3,3,999.0,999,9,'999999999,0,0.0000,0,88,999.000,0.0,1.0
2056/9/16,06:00,?9?9?9?9E0?9?9?9?9*9?9*9?9?9?9?9?9?9*9*_?9*9*9?9?9,28.8,26.0,85,100550,9999,9999,425,0,0,0,999900,999900,999900,99990,230,0.5,4,4,999.0,999,9,'999999999,0,0.0000,0,88,999.000,0.0,1.0
2056/9/16,07:00,?9?9?9?9E0?9?9?9?9*9?9*9?9?9?9?9?9?9*9*_?9*9*9?9?9,29.3,26.3,84,100450,9999,9999,431,65,161,46,999900,999900,999900,99990,230,0.0,5,5,999.0,999,9,'999999999,0,0.0000,0,88,999.000,0.0,1.0
2056/9/16,08:00,?9?9?9?9E0?9?9?9?9*9?9*9?9?9?9?9?9?9*9*_?9*9*9?9?9,30.9,26.8,79,100550,9999,9999,441,270,387,128,999900,999900,999900,99990,230,0.6,5,5,999.0,999,9,'999999999,0,0.0000,0,88,999.000,0.0,1.0
2056/9/16,09:00,?9?9?9?9E0?9?9?9?9*9?9*9?9?9?9?9?9?9*9*_?9*9*9?9?9,32.3,25.4,67,100550,9999,9999,444,531,657,144,999900,999900,999900,99990,230,1.2,4,4,999.0,999,9,'999999999,0,0.0000,0,88,999.000,0.0,1.0
2056/9/16,10:00,?9?9?9?9E0?9?9?9?9*9?9*9?9?9?9?9?9?9*9*_?9*9*9?9?9,33.6,23.9,57,100550,9999,9999,446,773,816,142,999900,999900,999900,99990,230,1.0,3,3,999.0,999,9,'999999999,0,0.0000,0,88,999.000,0.0,1.0
2056/9/16,11:00,?9?9?9?9E0?9?9?9?9*9?9*9?9?9?9?9?9?9*9*_?9*9*9?9?9,34.8,23.5,52,100450,9999,9999,452,929,854,158,999900,999900,999900,99990,230,1.0,3,3,999.0,999,9,'999999999,0,0.0000,0,88,999.000,0.0,1.0
2056/9/16,12:00,?9?9?9?9E0?9?9?9?9*9?9*9?9?9?9?9?9?9*9*_?9*9*9?9?9,35.8,21.7,44,100450,9999,9999,456,1021,878,166,999900,999900,999900,99990,270,1.0,3,3,999.0,999,9,'999999999,0,0.0000,0,88,999.000,0.0,1.0
2056/9/16,13:00,?9?9?9?9E0?9?9?9?9*9?9*9?9?9?9?9?9?9*9*_?9*9*9?9?9,36.6,20.8,40,100350,9999,9999,459,1052,919,153,999900,999900,999900,99990,270,1.0,3,3,999.0,999,9,'999999999,0,0.0000,0,88,999.000,0.0,1.0
2056/9/16,14:00,?9?9?9?9E0?9?9?9?9*9?9*9?9?9?9?9?9?9*9*_?9*9*9?9?9,37.7,20.1,36,100250,9999,9999,465,982,922,136,999900,999900,999900,99990,270,0.4,3,3,999.0,999,9,'999999999,0,0.0000,0,88,999.000,0.0,1.0
2056/9/16,15:00,?9?9?9?9E0?9?9?9?9*9?9*9?9?9?9?9?9?9*9*_?9*9*9?9?9,35.7,23.0,48,100250,9999,9999,457,806,843,137,999900,999900,999900,99990,290,1.2,3,3,999.0,999,9,'999999999,0,0.0000,0,88,999.000,0.0,1.0
2056/9/16,16:00,?9?9?9?9E0?9?9?9?9*9?9*9?9?9?9?9?9?9*9*_?9*9*9?9?9,34.4,25.0,58,100150,9999,9999,455,555,662,146,999900,999900,999900,99990,120,1.0,4,4,999.0,999,9,'999999999,0,0.0000,0,88,999.000,0.0,1.0
2056/9/16,17:00,?9?9?9?9E0?9?9?9?9*9?9*9?9?9?9?9?9?9*9*_?9*9*9?9?9,33.3,23.9,58,100250,9999,9999,451,308,459,124,999900,999900,999900,99990,130,0.7,5,5,999.0,999,9,'999999999,0,0.0000,0,88,999.000,0.0,1.0
2056/9/16,18:00,?9?9?9?9E0?9?9?9?9*9?9*9?9?9?9?9?9?9*9*_?9*9*9?9?9,32.2,25.1,66,100250,9999,9999,439,106,338,53,999900,999900,999900,99990,160,0.6,3,3,999.0,999,9,'999999999,0,0.0000,0,88,999.000,0.0,1.0
2056/9/16,19:00,?9?9?9?9E0?9?9?9?9*9?9*9?9?9?9?9?9?9*9*_?9*9*9?9?9,31.3,26.6,76,100350,9999,9999,436,0,0,0,999900,999900,999900,99990,160,0.5,3,3,999.0,999,9,'999999999,0,0.0000,0,88,999.000,0.0,1.0
2056/9/16,20:00,?9?9?9?9E0?9?9?9?9*9?9*9?9?9?9?9?9?9*9*_?9*9*9?9?9,31.0,26.7,78,100350,9999,9999,434,0,0,0,999900,999900,999900,99990,160,0.6,3,3,999.0,999,9,'999999999,0,0.0000,0,88,999.000,0.0,1.0
2056/9/16,21:00,?9?9?9?9E0?9?9?9?9*9?9*9?9?9?9?9?9?9*9*_?9*9*9?9?9,30.6,27.2,82,100450,9999,9999,436,0,0,0,999900,999900,999900,99990,160,0.5,4,4,999.0,999,9,'999999999,0,0.0000,0,88,999.000,0.0,1.0
2056/9/16,22:00,?9?9?9?9E0?9?9?9?9*9?9*9?9?9?9?9?9?9*9*_?9*9*9?9?9,30.5,27.1,82,100550,9999,9999,432,0,0,0,999900,999900,999900,99990,180,0.4,3,3,999.0,999,9,'999999999,0,0.0000,0,88,999.000,0.0,1.0
2056/9/16,23:00,?9?9?9?9E0?9?9?9?9*9?9*9?9?9?9?9?9?9*9*_?9*9*9?9?9,30.5,27.1,82,100550,9999,9999,436,0,0,0,999900,999900,999900,99990,200,0.3,4,4,999.0,999,9,'999999999,0,0.0000,0,88,999.000,0.0,1.0
2056/9/16,24:00,?9?9?9?9E0?9?9?9?9*9?9*9?9?9?9?9?9?9*9*_?9*9*9?9?9,30.2,26.8,82,100550,9999,9999,437,0,0,0,999900,999900,999900,99990,160,0.5,5,5,999.0,999,9,'999999999,0,0.0000,0,88,999.000,0.0,1.0
2056/9/17,01:00,?9?9?9?9E0?9?9?9?9*9?9*9?9?9?9?9?9?9*9*_?9*9*9?9?9,30.1,26.9,83,100450,9999,9999,436,0,0,0,999900,999900,999900,99990,160,0.1,5,5,999.0,999,9,'999999999,0,0.0000,0,88,999.000,0.0,1.0
2056/9/17,02:00,?9?9?9?9E0?9?9?9?9*9?9*9?9?9?9?9?9?9*9*_?9*9*9?9?9,29.9,26.9,84,100450,9999,9999,428,0,0,0,999900,999900,999900,99990,160,0.1,3,3,999.0,999,9,'999999999,0,0.0000,0,88,999.000,0.0,1.0
2056/9/17,03:00,?9?9?9?9E0?9?9?9?9*9?9*9?9?9?9?9?9?9*9*_?9*9*9?9?9,29.5,27.1,87,100350,9999,9999,426,0,0,0,999900,999900,999900,99990,130,0.1,3,3,999.0,999,9,'999999999,0,0.0000,0,88,999.000,0.0,1.0
2056/9/17,04:00,?9?9?9?9E0?9?9?9?9*9?9*9?9?9?9?9?9?9*9*_?9*9*9?9?9,29.4,26.8,86,100350,9999,9999,426,0,0,0,999900,999900,999900,99990,210,0.3,3,3,999.0,999,9,'999999999,0,0.0000,0,88,999.000,0.0,1.0
2056/9/17,05:00,?9?9?9?9E0?9?9?9?9*9?9*9?9?9?9?9?9?9*9*_?9*9*9?9?9,29.4,25.2,78,100350,9999,9999,423,0,0,0,999900,999900,999900,99990,240,1.0,3,3,999.0,999,9,'999999999,0,0.0000,0,88,999.000,0.0,1.0
2056/9/17,06:00,?9?9?9?9E0?9?9?9?9*9?9*9?9?9?9?9?9?9*9*_?9*9*9?9?9,28.9,24.3,76,100450,9999,9999,423,0,0,0,999900,999900,999900,99990,200,0.4,4,4,999.0,999,9,'999999999,0,0.0000,0,88,999.000,0.0,1.0
2056/9/17,07:00,?9?9?9?9E0?9?9?9?9*9?9*9?9?9?9?9?9?9*9*_?9*9*9?9?9,29.1,24.7,77,100450,9999,9999,428,70,202,46,999900,999900,999900,99990,200,0.7,5,5,999.0,999,9,'999999999,0,0.0000,0,88,999.000,0.0,1.0
2056/9/17,08:00,?9?9?9?9E0?9?9?9?9*9?9*9?9?9?9?9?9?9*9*_?9*9*9?9?9,30.4,25.7,76,100550,9999,9999,433,292,476,117,999900,999900,999900,99990,200,0.7,4,4,999.0,999,9,'999999999,0,0.0000,0,88,999.000,0.0,1.0
2056/9/17,09:00,?9?9?9?9E0?9?9?9?9*9?9*9?9?9?9?9?9?9*9*_?9*9*9?9?9,32.0,25.9,70,100550,9999,9999,439,543,689,137,999900,999900,999900,99990,250,0.8,3,3,999.0,999,9,'999999999,0,0.0000,0,88,999.000,0.0,1.0
2056/9/17,10:00,?9?9?9?9E0?9?9?9?9*9?9*9?9?9?9?9?9?9*9*_?9*9*9?9?9,33.8,25.0,60,100550,9999,9999,448,763,793,150,999900,999900,999900,99990,250,1.3,3,3,999.0,999,9,'999999999,0,0.0000,0,88,999.000,0.0,1.0
2056/9/17,11:00,?9?9?9?9E0?9?9?9?9*9?9*9?9?9?9?9?9?9*9*_?9*9*9?9?9,35.2,23.2,50,100550,9999,9999,454,931,852,162,999900,999900,999900,99990,250,1.2,3,3,999.0,999,9,'999999999,0,0.0000,0,88,999.000,0.0,1.0
2056/9/17,12:00,?9?9?9?9E0?9?9?9?9*9?9*9?9?9?9?9?9?9*9*_?9*9*9?9?9,36.3,22.8,46,100450,9999,9999,460,1008,852,179,999900,999900,999900,99990,290,1.0,3,3,999.0,999,9,'999999999,0,0.0000,0,88,999.000,0.0,1.0
2056/9/17,13:00,?9?9?9?9E0?9?9?9?9*9?9*9?9?9?9?9?9?9*9*_?9*9*9?9?9,36.8,23.3,46,100150,9999,9999,464,1025,870,175,999900,999900,999900,99990,290,0.3,3,3,999.0,999,9,'999999999,0,0.0000,0,88,999.000,0.0,1.0
2056/9/17,14:00,?9?9?9?9E0?9?9?9?9*9?9*9?9?9?9?9?9?9*9*_?9*9*9?9?9,38.0,22.9,42,100150,9999,9999,474,933,829,174,999900,999900,999900,99990,290,0.5,4,4,999.0,999,9,'999999999,0,0.0000,0,88,999.000,0.0,1.0
2056/9/17,15:00,?9?9?9?9E0?9?9?9?9*9?9*9?9?9?9?9?9?9*9*_?9*9*9?9?9,34.8,25.3,58,100150,9999,9999,462,723,668,194,999900,999900,999900,99990,80,1.0,5,5,999.0,999,9,'999999999,0,0.0000,0,88,999.000,0.0,1.0
2056/9/17,16:00,?9?9?9?9E0?9?9?9?9*9?9*9?9?9?9?9?9?9*9*_?9*9*9?9?9,34.0,25.4,61,100150,9999,9999,457,520,567,171,999900,999900,999900,99990,80,0.7,5,5,999.0,999,9,'999999999,0,0.0000,0,88,999.000,0.0,1.0
2056/9/17,17:00,?9?9?9?9E0?9?9?9?9*9?9*9?9?9?9?9?9?9*9*_?9*9*9?9?9,33.0,25.3,64,100150,9999,9999,444,328,518,122,999900,999900,999900,99990,110,0.7,3,3,999.0,999,9,'999999999,0,0.0000,0,88,999.000,0.0,1.0
2056/9/17,18:00,?9?9?9?9E0?9?9?9?9*9?9*9?9?9?9?9?9?9*9*_?9*9*9?9?9,31.9,27.4,77,100150,9999,9999,451,76,145,54,999900,999900,999900,99990,90,0.8,6,6,999.0,999,9,'999999999,0,0.0000,0,88,999.000,0.0,1.0
2056/9/17,19:00,?9?9?9?9E0?9?9?9?9*9?9*9?9?9?9?9?9?9*9*_?9*9*9?9?9,31.4,27.1,78,100250,9999,9999,453,0,0,0,999900,999900,999900,99990,90,0.6,7,7,999.0,999,9,'999999999,0,0.0000,0,88,999.000,0.0,1.0
2056/9/17,20:00,?9?9?9?9E0?9?9?9?9*9?9*9?9?9?9?9?9?9*9*_?9*9*9?9?9,29.9,26.9,84,100450,9999,9999,435,0,0,0,999900,999900,999900,99990,90,1.8,5,5,999.0,999,9,'999999999,0,0.0000,0,88,999.000,0.9,1.0
2056/9/17,21:00,?9?9?9?9E0?9?9?9?9*9?9*9?9?9?9?9?9?9*9*_?9*9*9?9?9,27.0,25.4,91,100450,9999,9999,410,0,0,0,999900,999900,999900,99990,190,0.6,3,3,999.0,999,9,'999999999,0,0.0000,0,88,999.000,1.3,1.0
2056/9/17,22:00,?9?9?9?9E0?9?9?9?9*9?9*9?9?9?9?9?9?9*9*_?9*9*9?9?9,27.4,25.8,91,100450,9999,9999,457,0,0,0,999900,999900,999900,99990,90,0.5,10,10,999.0,999,9,'999999999,0,0.0000,0,88,999.000,0.0,1.0
2056/9/17,23:00,?9?9?9?9E0?9?9?9?9*9?9*9?9?9?9?9?9?9*9*_?9*9*9?9?9,27.8,26.4,92,100450,9999,9999,460,0,0,0,999900,999900,999900,99990,90,0.0,10,10,999.0,999,9,'999999999,0,0.0000,0,88,999.000,1.3,1.0
2056/9/17,24:00,?9?9?9?9E0?9?9?9?9*9?9*9?9?9?9?9?9?9*9*_?9*9*9?9?9,27.4,26.4,94,100550,9999,9999,458,0,0,0,999900,999900,999900,99990,90,0.4,10,10,999.0,999,9,'999999999,0,0.0000,0,88,999.000,1.9,1.0
2056/9/18,01:00,?9?9?9?9E0?9?9?9?9*9?9*9?9?9?9?9?9?9*9*_?9*9*9?9?9,27.6,26.6,94,100450,9999,9999,418,0,0,0,999900,999900,999900,99990,160,0.4,4,4,999.0,999,9,'999999999,0,0.0000,0,88,999.000,0.0,1.0
2056/9/18,02:00,?9?9?9?9E0?9?9?9?9*9?9*9?9?9?9?9?9?9*9*_?9*9*9?9?9,27.4,26.2,93,100350,9999,9999,420,0,0,0,999900,999900,999900,99990,160,1.2,5,5,999.0,999,9,'999999999,0,0.0000,0,88,999.000,0.0,1.0
2056/9/18,03:00,?9?9?9?9E0?9?9?9?9*9?9*9?9?9?9?9?9?9*9*_?9*9*9?9?9,26.4,25.2,93,100450,9999,9999,422,0,0,0,999900,999900,999900,99990,180,2.0,7,7,999.0,999,9,'999999999,0,0.0000,0,88,999.000,0.0,1.0
2056/9/18,04:00,?9?9?9?9E0?9?9?9?9*9?9*9?9?9?9?9?9?9*9*_?9*9*9?9?9,25.9,24.7,93,100450,9999,9999,425,0,0,0,999900,999900,999900,99990,180,1.0,8,8,999.0,999,9,'999999999,0,0.0000,0,88,999.000,0.0,1.0
2056/9/18,05:00,?9?9?9?9E0?9?9?9?9*9?9*9?9?9?9?9?9?9*9*_?9*9*9?9?9,26.1,24.9,93,100450,9999,9999,426,0,0,0,999900,999900,999900,99990,180,1.2,8,8,999.0,999,9,'999999999,0,0.0000,0,88,999.000,0.0,1.0
2056/9/18,06:00,?9?9?9?9E0?9?9?9?9*9?9*9?9?9?9?9?9?9*9*_?9*9*9?9?9,26.1,24.9,93,100550,9999,9999,426,0,0,0,999900,999900,999900,99990,180,0.2,8,8,999.0,999,9,'999999999,0,0.0000,0,88,999.000,0.0,1.0
2056/9/18,07:00,?9?9?9?9E0?9?9?9?9*9?9*9?9?9?9?9?9?9*9*_?9*9*9?9?9,26.6,25.4,93,100550,9999,9999,415,61,124,46,999900,999900,999900,99990,250,0.2,5,5,999.0,999,9,'999999999,0,0.0000,0,88,999.000,0.0,1.0
2056/9/18,08:00,?9?9?9?9E0?9?9?9?9*9?9*9?9?9?9?9?9?9*9*_?9*9*9?9?9,28.3,26.3,89,100650,9999,9999,419,284,402,136,999900,999900,999900,99990,240,0.5,3,3,999.0,999,9,'999999999,0,0.0000,0,88,999.000,0.0,1.0
2056/9/18,09:00,?9?9?9?9E0?9?9?9?9*9?9*9?9?9?9?9?9?9*9*_?9*9*9?9?9,29.5,25.5,79,100650,9999,9999,431,479,465,205,999900,999900,999900,99990,230,1.0,5,5,999.0,999,9,'999999999,0,0.0000,0,88,999.000,0.0,1.0
2056/9/18,10:00,?9?9?9?9E0?9?9?9?9*9?9*9?9?9?9?9?9?9*9*_?9*9*9?9?9,31.3,25.9,73,100650,9999,9999,451,572,358,296,999900,999900,999900,99990,230,1.0,7,7,999.0,999,9,'999999999,0,0.0000,0,88,999.000,0.0,1.0
2056/9/18,11:00,?9?9?9?9E0?9?9?9?9*9?9*9?9?9?9?9?9?9*9*_?9*9*9?9?9,32.8,26.6,70,100650,9999,9999,452,797,553,298,999900,999900,999900,99990,260,1.0,5,5,999.0,999,9,'999999999,0,0.0000,0,88,999.000,0.0,1.0
2056/9/18,12:00,?9?9?9?9E0?9?9?9?9*9?9*9?9?9?9?9?9?9*9*_?9*9*9?9?9,34.2,25.1,59,100550,9999,9999,458,884,598,303,999900,999900,999900,99990,270,0.8,5,5,999.0,999,9,'999999999,0,0.0000,0,88,999.000,0.0,1.0
2056/9/18,13:00,?9?9?9?9E0?9?9?9?9*9?9*9?9?9?9?9?9?9*9*_?9*9*9?9?9,34.2,24.8,58,100450,9999,9999,457,909,639,285,999900,999900,999900,99990,240,0.5,5,5,999.0,999,9,'999999999,0,0.0000,0,88,999.000,0.0,1.0
2056/9/18,14:00,?9?9?9?9E0?9?9?9?9*9?9*9?9?9?9?9?9?9*9*_?9*9*9?9?9,35.3,23.0,49,100350,9999,9999,461,870,690,240,999900,999900,999900,99990,240,0.4,5,5,999.0,999,9,'999999999,0,0.0000,0,88,999.000,0.0,1.0
2056/9/18,15:00,?9?9?9?9E0?9?9?9?9*9?9*9?9?9?9?9?9?9*9*_?9*9*9?9?9,36.4,22.9,46,100250,9999,9999,468,732,661,210,999900,999900,999900,99990,160,0.0,5,5,999.0,999,9,'999999999,0,0.0000,0,88,999.000,0.0,1.0
2056/9/18,16:00,?9?9?9?9E0?9?9?9?9*9?9*9?9?9?9?9?9?9*9*_?9*9*9?9?9,36.1,25.3,54,100250,9999,9999,470,513,522,193,999900,999900,999900,99990,160,0.1,5,5,999.0,999,9,'999999999,0,0.0000,0,88,999.000,0.0,1.0
2056/9/18,17:00,?9?9?9?9E0?9?9?9?9*9?9*9?9?9?9?9?9?9*9*_?9*9*9?9?9,34.4,27.1,66,100250,9999,9999,462,282,344,146,999900,999900,999900,99990,160,0.3,5,5,999.0,999,9,'999999999,0,0.0000,0,88,999.000,0.0,1.0
2056/9/18,18:00,?9?9?9?9E0?9?9?9?9*9?9*9?9?9?9?9?9?9*9*_?9*9*9?9?9,32.3,26.1,70,100250,9999,9999,441,99,277,57,999900,999900,999900,99990,160,0.9,3,3,999.0,999,9,'999999999,0,0.0000,0,88,999.000,0.0,1.0
2056/9/18,19:00,?9?9?9?9E0?9?9?9?9*9?9*9?9?9?9?9?9?9*9*_?9*9*9?9?9,31.3,26.6,76,100350,9999,9999,439,0,0,0,999900,999900,999900,99990,160,0.5,4,4,999.0,999,9,'999999999,0,0.0000,0,88,999.000,0.0,1.0
2056/9/18,20:00,?9?9?9?9E0?9?9?9?9*9?9*9?9?9?9?9?9?9*9*_?9*9*9?9?9,30.6,26.3,78,100350,9999,9999,438,0,0,0,999900,999900,999900,99990,180,0.5,5,5,999.0,999,9,'999999999,0,0.0000,0,88,999.000,0.0,1.0
2056/9/18,21:00,?9?9?9?9E0?9?9?9?9*9?9*9?9?9?9?9?9?9*9*_?9*9*9?9?9,30.3,26.9,82,100450,9999,9999,431,0,0,0,999900,999900,999900,99990,230,0.6,3,3,999.0,999,9,'999999999,0,0.0000,0,88,999.000,0.0,1.0
2056/9/18,22:00,?9?9?9?9E0?9?9?9?9*9?9*9?9?9?9?9?9?9*9*_?9*9*9?9?9,30.0,27.0,84,100550,9999,9999,429,0,0,0,999900,999900,999900,99990,200,0.0,3,3,999.0,999,9,'999999999,0,0.0000,0,88,999.000,0.0,1.0
2056/9/18,23:00,?9?9?9?9E0?9?9?9?9*9?9*9?9?9?9?9?9?9*9*_?9*9*9?9?9,29.8,27.0,85,100550,9999,9999,428,0,0,0,999900,999900,999900,99990,200,0.3,3,3,999.0,999,9,'999999999,0,0.0000,0,88,999.000,0.0,1.0
2056/9/18,24:00,?9?9?9?9E0?9?9?9?9*9?9*9?9?9?9?9?9?9*9*_?9*9*9?9?9,29.5,26.9,86,100450,9999,9999,426,0,0,0,999900,999900,999900,99990,180,0.6,3,3,999.0,999,9,'999999999,0,0.0000,0,88,999.000,0.0,1.0
2056/9/19,01:00,?9?9?9?9E0?9?9?9?9*9?9*9?9?9?9?9?9?9*9*_?9*9*9?9?9,29.5,26.9,86,100450,9999,9999,426,0,0,0,999900,999900,999900,99990,180,1.0,3,3,999.0,999,9,'999999999,0,0.0000,0,88,999.000,0.0,1.0
2056/9/19,02:00,?9?9?9?9E0?9?9?9?9*9?9*9?9?9?9?9?9?9*9*_?9*9*9?9?9,29.4,26.8,86,100450,9999,9999,426,0,0,0,999900,999900,999900,99990,180,0.7,3,3,999.0,999,9,'999999999,0,0.0000,0,88,999.000,0.0,1.0
2056/9/19,03:00,?9?9?9?9E0?9?9?9?9*9?9*9?9?9?9?9?9?9*9*_?9*9*9?9?9,29.4,27.0,87,100450,9999,9999,426,0,0,0,999900,999900,999900,99990,180,0.0,3,3,999.0,999,9,'999999999,0,0.0000,0,88,999.000,0.0,1.0
2056/9/19,04:00,?9?9?9?9E0?9?9?9?9*9?9*9?9?9?9?9?9?9*9*_?9*9*9?9?9,28.9,26.5,87,100550,9999,9999,422,0,0,0,999900,999900,999900,99990,180,0.2,3,3,999.0,999,9,'999999999,0,0.0000,0,88,999.000,0.0,1.0
2056/9/19,05:00,?9?9?9?9E0?9?9?9?9*9?9*9?9?9?9?9?9?9*9*_?9*9*9?9?9,28.6,26.2,87,100550,9999,9999,420,0,0,0,999900,999900,999900,99990,180,0.3,3,3,999.0,999,9,'999999999,0,0.0000,0,88,999.000,0.0,1.0
2056/9/19,06:00,?9?9?9?9E0?9?9?9?9*9?9*9?9?9?9?9?9?9*9*_?9*9*9?9?9,28.4,26.0,87,100550,9999,9999,419,0,0,0,999900,999900,999900,99990,200,0.0,3,3,999.0,999,9,'999999999,0,0.0000,0,88,999.000,0.0,1.0
2056/9/19,07:00,?9?9?9?9E0?9?9?9?9*9?9*9?9?9?9?9?9?9*9*_?9*9*9?9?9,28.9,26.3,86,100650,9999,9999,425,70,191,47,999900,999900,999900,99990,200,0.0,4,4,999.0,999,9,'999999999,0,0.0000,0,88,999.000,0.0,1.0
2056/9/19,08:00,?9?9?9?9E0?9?9?9?9*9?9*9?9?9?9?9?9?9*9*_?9*9*9?9?9,30.3,27.1,83,100650,9999,9999,434,282,420,128,999900,999900,999900,99990,200,0.5,4,4,999.0,999,9,'999999999,0,0.0000,0,88,999.000,0.0,1.0
2056/9/19,09:00,?9?9?9?9E0?9?9?9?9*9?9*9?9?9?9?9?9?9*9*_?9*9*9?9?9,31.8,27.1,76,100750,9999,9999,443,509,580,167,999900,999900,999900,99990,200,0.5,4,4,999.0,999,9,'999999999,0,0.0000,0,88,999.000,0.0,1.0
2056/9/19,10:00,?9?9?9?9E0?9?9?9?9*9?9*9?9?9?9?9?9?9*9*_?9*9*9?9?9,33.3,26.6,68,100750,9999,9999,448,737,725,178,999900,999900,999900,99990,200,0.4,3,3,999.0,999,9,'999999999,0,0.0000,0,88,999.000,0.0,1.0
2056/9/19,11:00,?9?9?9?9E0?9?9?9?9*9?9*9?9?9?9?9?9?9*9*_?9*9*9?9?9,35.3,25.8,58,100750,9999,9999,458,901,785,193,999900,999900,999900,99990,250,0.9,3,3,999.0,999,9,'999999999,0,0.0000,0,88,999.000,0.0,1.0
2056/9/19,12:00,?9?9?9?9E0?9?9?9?9*9?9*9?9?9?9?9?9?9*9*_?9*9*9?9?9,35.9,25.8,56,100650,9999,9999,465,939,723,237,999900,999900,999900,99990,250,0.7,4,4,999.0,999,9,'999999999,0,0.0000,0,88,999.000,0.0,1.0
2056/9/19,13:00,?9?9?9?9E0?9?9?9?9*9?9*9?9?9?9?9?9?9*9*_?9*9*9?9?9,36.9,23.4,46,100550,9999,9999,472,947,724,241,999900,999900,999900,99990,330,0.6,5,5,999.0,999,9,'999999999,0,0.0000,0,88,999.000,0.0,1.0
2056/9/19,14:00,?9?9?9?9E0?9?9?9?9*9?9*9?9?9?9?9?9?9*9*_?9*9*9?9?9,35.4,26.5,60,100550,9999,9999,467,847,666,240,999900,999900,999900,99990,330,0.9,5,5,999.0,999,9,'999999999,0,0.0000,0,88,999.000,0.0,1.0
2056/9/19,15:00,?9?9?9?9E0?9?9?9?9*9?9*9?9?9?9?9?9?9*9*_?9*9*9?9?9,34.1,26.1,63,100450,9999,9999,459,705,628,210,999900,999900,999900,99990,130,1.0,5,5,999.0,999,9,'999999999,0,0.0000,0,88,999.000,0.0,1.0
2056/9/19,16:00,?9?9?9?9E0?9?9?9?9*9?9*9?9?9?9?9?9?9*9*_?9*9*9?9?9,33.4,25.7,64,100450,9999,9999,447,558,665,152,999900,999900,999900,99990,120,1.0,3,3,999.0,999,9,'999999999,0,0.0000,0,88,999.000,0.0,1.0
2056/9/19,17:00,?9?9?9?9E0?9?9?9?9*9?9*9?9?9?9?9?9?9*9*_?9*9*9?9?9,32.9,26.0,67,100450,9999,9999,444,312,482,123,999900,999900,999900,99990,120,0.8,3,3,999.0,999,9,'999999999,0,0.0000,0,88,999.000,0.0,1.0
2056/9/19,18:00,?9?9?9?9E0?9?9?9?9*9?9*9?9?9?9?9?9?9*9*_?9*9*9?9?9,31.8,26.6,74,100550,9999,9999,439,92,261,54,999900,999900,999900,99990,230,0.7,3,3,999.0,999,9,'999999999,0,0.0000,0,88,999.000,0.0,1.0
2056/9/19,19:00,?9?9?9?9E0?9?9?9?9*9?9*9?9?9?9?9?9?9*9*_?9*9*9?9?9,31.0,26.7,78,100550,9999,9999,434,0,0,0,999900,999900,999900,99990,160,0.5,3,3,999.0,999,9,'999999999,0,0.0000,0,88,999.000,0.0,1.0
2056/9/19,20:00,?9?9?9?9E0?9?9?9?9*9?9*9?9?9?9?9?9?9*9*_?9*9*9?9?9,30.8,27.0,80,100650,9999,9999,434,0,0,0,999900,999900,999900,99990,160,0.0,3,3,999.0,999,9,'999999999,0,0.0000,0,88,999.000,0.0,1.0
2056/9/19,21:00,?9?9?9?9E0?9?9?9?9*9?9*9?9?9?9?9?9?9*9*_?9*9*9?9?9,30.5,26.7,80,100750,9999,9999,435,0,0,0,999900,999900,999900,99990,180,0.0,4,4,999.0,999,9,'999999999,0,0.0000,0,88,999.000,0.0,1.0
2056/9/19,22:00,?9?9?9?9E0?9?9?9?9*9?9*9?9?9?9?9?9?9*9*_?9*9*9?9?9,30.0,27.0,84,100750,9999,9999,436,0,0,0,999900,999900,999900,99990,180,0.0,5,5,999.0,999,9,'999999999,0,0.0000,0,88,999.000,0.0,1.0
2056/9/19,23:00,?9?9?9?9E0?9?9?9?9*9?9*9?9?9?9?9?9?9*9*_?9*9*9?9?9,29.9,26.9,84,100750,9999,9999,435,0,0,0,999900,999900,999900,99990,180,0.6,5,5,999.0,999,9,'999999999,0,0.0000,0,88,999.000,0.0,1.0
2056/9/19,24:00,?9?9?9?9E0?9?9?9?9*9?9*9?9?9?9?9?9?9*9*_?9*9*9?9?9,29.9,26.7,83,100750,9999,9999,435,0,0,0,999900,999900,999900,99990,230,0.4,5,5,999.0,999,9,'999999999,0,0.0000,0,88,999.000,0.0,1.0
2056/9/20,01:00,?9?9?9?9E0?9?9?9?9*9?9*9?9?9?9?9?9?9*9*_?9*9*9?9?9,29.8,26.6,83,100750,9999,9999,434,0,0,0,999900,999900,999900,99990,230,0.6,5,5,999.0,999,9,'999999999,0,0.0000,0,88,999.000,0.0,1.0
2056/9/20,02:00,?9?9?9?9E0?9?9?9?9*9?9*9?9?9?9?9?9?9*9*_?9*9*9?9?9,29.4,26.4,84,100650,9999,9999,432,0,0,0,999900,999900,999900,99990,220,0.6,5,5,999.0,999,9,'999999999,0,0.0000,0,88,999.000,0.0,1.0
2056/9/20,03:00,?9?9?9?9E0?9?9?9?9*9?9*9?9?9?9?9?9?9*9*_?9*9*9?9?9,29.2,25.8,82,100650,9999,9999,426,0,0,0,999900,999900,999900,99990,220,0.7,4,4,999.0,999,9,'999999999,0,0.0000,0,88,999.000,0.0,1.0
2056/9/20,04:00,?9?9?9?9E0?9?9?9?9*9?9*9?9?9?9?9?9?9*9*_?9*9*9?9?9,28.7,24.9,80,100650,9999,9999,423,0,0,0,999900,999900,999900,99990,220,0.5,4,4,999.0,999,9,'999999999,0,0.0000,0,88,999.000,0.0,1.0
2056/9/20,05:00,?9?9?9?9E0?9?9?9?9*9?9*9?9?9?9?9?9?9*9*_?9*9*9?9?9,28.4,25.0,82,100650,9999,9999,421,0,0,0,999900,999900,999900,99990,240,0.1,4,4,999.0,999,9,'999999999,0,0.0000,0,88,999.000,0.0,1.0
2056/9/20,06:00,?9?9?9?9E0?9?9?9?9*9?9*9?9?9?9?9?9?9*9*_?9*9*9?9?9,27.9,25.0,84,100750,9999,9999,421,0,0,0,999900,999900,999900,99990,240,0.3,5,5,999.0,999,9,'999999999,0,0.0000,0,88,999.000,0.0,1.0
2056/9/20,07:00,?9?9?9?9E0?9?9?9?9*9?9*9?9?9?9?9?9?9*9*_?9*9*9?9?9,28.4,25.5,84,100750,9999,9999,425,66,135,50,999900,999900,999900,99990,240,0.5,5,5,999.0,999,9,'999999999,0,0.0000,0,88,999.000,0.0,1.0
2056/9/20,08:00,?9?9?9?9E0?9?9?9?9*9?9*9?9?9?9?9?9?9*9*_?9*9*9?9?9,29.6,26.0,81,100850,9999,9999,436,249,258,154,999900,999900,999900,99990,240,0.6,6,6,999.0,999,9,'999999999,0,0.0000,0,88,999.000,0.0,1.0
2056/9/20,09:00,?9?9?9?9E0?9?9?9?9*9?9*9?9?9?9?9?9?9*9*_?9*9*9?9?9,31.4,25.3,70,100850,9999,9999,451,425,307,244,999900,999900,999900,99990,180,1.0,7,7,999.0,999,9,'999999999,0,0.0000,0,88,999.000,0.0,1.0
2056/9/20,10:00,?9?9?9?9E0?9?9?9?9*9?9*9?9?9?9?9?9?9*9*_?9*9*9?9?9,33.4,25.1,62,100750,9999,9999,470,539,268,332,999900,999900,999900,99990,250,1.0,8,8,999.0,999,9,'999999999,0,0.0000,0,88,999.000,0.0,1.0
2056/9/20,11:00,?9?9?9?9E0?9?9?9?9*9?9*9?9?9?9?9?9?9*9*_?9*9*9?9?9,34.8,25.0,57,100750,9999,9999,478,650,280,398,999900,999900,999900,99990,250,0.5,8,8,999.0,999,9,'999999999,0,0.0000,0,88,999.000,0.0,1.0
2056/9/20,12:00,?9?9?9?9E0?9?9?9?9*9?9*9?9?9?9?9?9?9*9*_?9*9*9?9?9,36.4,23.6,48,100650,9999,9999,486,721,317,414,999900,999900,999900,99990,270,0.3,8,8,999.0,999,9,'999999999,0,0.0000,0,88,999.000,0.0,1.0
2056/9/20,13:00,?9?9?9?9E0?9?9?9?9*9?9*9?9?9?9?9?9?9*9*_?9*9*9?9?9,37.5,23.2,44,100650,9999,9999,475,948,680,287,999900,999900,999900,99990,230,0.3,5,5,999.0,999,9,'999999999,0,0.0000,0,88,999.000,0.0,1.0
2056/9/20,14:00,?9?9?9?9E0?9?9?9?9*9?9*9?9?9?9?9?9?9*9*_?9*9*9?9?9,36.3,26.1,56,100550,9999,9999,472,850,648,261,999900,999900,999900,99990,230,0.8,5,5,999.0,999,9,'999999999,0,0.0000,0,88,999.000,0.0,1.0
2056/9/20,15:00,?9?9?9?9E0?9?9?9?9*9?9*9?9?9?9?9?9?9*9*_?9*9*9?9?9,35.0,26.1,60,100450,9999,9999,464,709,605,234,999900,999900,999900,99990,160,0.9,5,5,999.0,999,9,'999999999,0,0.0000,0,88,999.000,0.0,1.0
2056/9/20,16:00,?9?9?9?9E0?9?9?9?9*9?9*9?9?9?9?9?9?9*9*_?9*9*9?9?9,33.6,26.4,66,100350,9999,9999,456,506,506,199,999900,999900,999900,99990,160,0.5,5,5,999.0,999,9,'999999999,0,0.0000,0,88,999.000,0.0,1.0
2056/9/20,17:00,?9?9?9?9E0?9?9?9?9*9?9*9?9?9?9?9?9?9*9*_?9*9*9?9?9,33.6,26.4,66,100450,9999,9999,449,311,438,141,999900,999900,999900,99990,160,0.6,3,3,999.0,999,9,'999999999,0,0.0000,0,88,999.000,0.0,1.0
2056/9/20,18:00,?9?9?9?9E0?9?9?9?9*9?9*9?9?9?9?9?9?9*9*_?9*9*9?9?9,32.4,26.5,71,100450,9999,9999,453,72,125,54,999900,999900,999900,99990,160,0.7,6,6,999.0,999,9,'999999999,0,0.0000,0,88,999.000,0.0,1.0
2056/9/20,19:00,?9?9?9?9E0?9?9?9?9*9?9*9?9?9?9?9?9?9*9*_?9*9*9?9?9,31.4,26.7,76,100550,9999,9999,460,0,0,0,999900,999900,999900,99990,160,0.7,8,8,999.0,999,9,'999999999,0,0.0000,0,88,999.000,0.0,1.0
2056/9/20,20:00,?9?9?9?9E0?9?9?9?9*9?9*9?9?9?9?9?9?9*9*_?9*9*9?9?9,30.9,27.7,83,100550,9999,9999,458,0,0,0,999900,999900,999900,99990,160,0.5,8,8,999.0,999,9,'999999999,0,0.0000,0,88,999.000,0.0,1.0
2056/9/20,21:00,?9?9?9?9E0?9?9?9?9*9?9*9?9?9?9?9?9?9*9*_?9*9*9?9?9,30.4,27.8,86,100650,9999,9999,448,0,0,0,999900,999900,999900,99990,180,0.4,7,7,999.0,999,9,'999999999,0,0.0000,0,88,999.000,0.0,1.0
2056/9/20,22:00,?9?9?9?9E0?9?9?9?9*9?9*9?9?9?9?9?9?9*9*_?9*9*9?9?9,30.4,27.8,86,100650,9999,9999,439,0,0,0,999900,999900,999900,99990,200,0.4,5,5,999.0,999,9,'999999999,0,0.0000,0,88,999.000,0.0,1.0
2056/9/20,23:00,?9?9?9?9E0?9?9?9?9*9?9*9?9?9?9?9?9?9*9*_?9*9*9?9?9,30.2,27.6,86,100750,9999,9999,434,0,0,0,999900,999900,999900,99990,200,0.1,4,4,999.0,999,9,'999999999,0,0.0000,0,88,999.000,0.0,1.0
2056/9/20,24:00,?9?9?9?9E0?9?9?9?9*9?9*9?9?9?9?9?9?9*9*_?9*9*9?9?9,30.0,27.8,88,100650,9999,9999,434,0,0,0,999900,999900,999900,99990,180,0.3,4,4,999.0,999,9,'999999999,0,0.0000,0,88,999.000,0.0,1.0
2056/9/21,01:00,?9?9?9?9E0?9?9?9?9*9?9*9?9?9?9?9?9?9*9*_?9*9*9?9?9,30.0,27.8,88,100650,9999,9999,434,0,0,0,999900,999900,999900,99990,210,0.2,4,4,999.0,999,9,'999999999,0,0.0000,0,88,999.000,0.0,1.0
2056/9/21,02:00,?9?9?9?9E0?9?9?9?9*9?9*9?9?9?9?9?9?9*9*_?9*9*9?9?9,30.0,27.4,86,100550,9999,9999,430,0,0,0,999900,999900,999900,99990,210,0.5,3,3,999.0,999,9,'999999999,0,0.0000,0,88,999.000,0.0,1.0
2056/9/21,03:00,?9?9?9?9E0?9?9?9?9*9?9*9?9?9?9?9?9?9*9*_?9*9*9?9?9,29.4,26.8,86,100550,9999,9999,416,0,0,0,999900,999900,999900,99990,210,0.0,1,1,999.0,999,9,'999999999,0,0.0000,0,88,999.000,0.0,1.0
2056/9/21,04:00,?9?9?9?9E0?9?9?9?9*9?9*9?9?9?9?9?9?9*9*_?9*9*9?9?9,28.7,26.3,87,100550,9999,9999,421,0,0,0,999900,999900,999900,99990,210,0.0,3,3,999.0,999,9,'999999999,0,0.0000,0,88,999.000,0.0,1.0
2056/9/21,05:00,?9?9?9?9E0?9?9?9?9*9?9*9?9?9?9?9?9?9*9*_?9*9*9?9?9,28.1,26.1,89,100550,9999,9999,424,0,0,0,999900,999900,999900,99990,210,0.0,5,5,999.0,999,9,'999999999,0,0.0000,0,88,999.000,0.0,1.0
2056/9/21,06:00,?9?9?9?9E0?9?9?9?9*9?9*9?9?9?9?9?9?9*9*_?9*9*9?9?9,27.9,26.5,92,100550,9999,9999,423,0,0,0,999900,999900,999900,99990,210,0.2,5,5,999.0,999,9,'999999999,0,0.0000,0,88,999.000,0.0,1.0
2056/9/21,07:00,?9?9?9?9E0?9?9?9?9*9?9*9?9?9?9?9?9?9*9*_?9*9*9?9?9,28.4,27.0,92,100650,9999,9999,427,62,130,46,999900,999900,999900,99990,210,0.4,5,5,999.0,999,9,'999999999,0,0.0000,0,88,999.000,0.0,1.0
2056/9/21,08:00,?9?9?9?9E0?9?9?9?9*9?9*9?9?9?9?9?9?9*9*_?9*9*9?9?9,30.1,27.3,85,100650,9999,9999,437,261,338,137,999900,999900,999900,99990,180,0.0,5,5,999.0,999,9,'999999999,0,0.0000,0,88,999.000,0.0,1.0
2056/9/21,09:00,?9?9?9?9E0?9?9?9?9*9?9*9?9?9?9?9?9?9*9*_?9*9*9?9?9,32.4,26.0,69,100750,9999,9999,442,539,660,150,999900,999900,999900,99990,250,0.8,3,3,999.0,999,9,'999999999,0,0.0000,0,88,999.000,0.0,1.0
2056/9/21,10:00,?9?9?9?9E0?9?9?9?9*9?9*9?9?9?9?9?9?9*9*_?9*9*9?9?9,34.3,24.9,58,100750,9999,9999,455,736,729,174,999900,999900,999900,99990,250,1.1,4,4,999.0,999,9,'999999999,0,0.0000,0,88,999.000,0.0,1.0
2056/9/21,11:00,?9?9?9?9E0?9?9?9?9*9?9*9?9?9?9?9?9?9*9*_?9*9*9?9?9,35.7,23.3,49,100650,9999,9999,461,898,786,190,999900,999900,999900,99990,250,1.0,4,4,999.0,999,9,'999999999,0,0.0000,0,88,999.000,0.0,1.0
2056/9/21,12:00,?9?9?9?9E0?9?9?9?9*9?9*9?9?9?9?9?9?9*9*_?9*9*9?9?9,37.3,23.0,44,100550,9999,9999,470,975,795,205,999900,999900,999900,99990,270,0.7,4,4,999.0,999,9,'999999999,0,0.0000,0,88,999.000,0.0,1.0
2056/9/21,13:00,?9?9?9?9E0?9?9?9?9*9?9*9?9?9?9?9?9?9*9*_?9*9*9?9?9,38.3,21.9,39,100550,9999,9999,475,1010,841,193,999900,999900,999900,99990,270,0.8,4,4,999.0,999,9,'999999999,0,0.0000,0,88,999.000,0.0,1.0
2056/9/21,14:00,?9?9?9?9E0?9?9?9?9*9?9*9?9?9?9?9?9?9*9*_?9*9*9?9?9,35.8,26.0,57,100450,9999,9999,469,855,697,222,999900,999900,999900,99990,270,1.2,5,5,999.0,999,9,'999999999,0,0.0000,0,88,999.000,0.0,1.0
2056/9/21,15:00,?9?9?9?9E0?9?9?9?9*9?9*9?9?9?9?9?9?9*9*_?9*9*9?9?9,35.3,25.5,57,100350,9999,9999,465,720,665,199,999900,999900,999900,99990,180,1.2,5,5,999.0,999,9,'999999999,0,0.0000,0,88,999.000,0.0,1.0
2056/9/21,16:00,?9?9?9?9E0?9?9?9?9*9?9*9?9?9?9?9?9?9*9*_?9*9*9?9?9,34.4,25.5,60,100250,9999,9999,460,518,568,174,999900,999900,999900,99990,180,1.0,5,5,999.0,999,9,'999999999,0,0.0000,0,88,999.000,0.0,1.0
2056/9/21,17:00,?9?9?9?9E0?9?9?9?9*9?9*9?9?9?9?9?9?9*9*_?9*9*9?9?9,33.4,25.9,65,100250,9999,9999,454,281,369,139,999900,999900,999900,99990,130,1.3,5,5,999.0,999,9,'999999999,0,0.0000,0,88,999.000,0.0,1.0
2056/9/21,18:00,?9?9?9?9E0?9?9?9?9*9?9*9?9?9?9?9?9?9*9*_?9*9*9?9?9,32.3,26.4,71,100350,9999,9999,448,77,170,53,999900,999900,999900,99990,140,0.9,5,5,999.0,999,9,'999999999,0,0.0000,0,88,999.000,0.0,1.0
2056/9/21,19:00,?9?9?9?9E0?9?9?9?9*9?9*9?9?9?9?9?9?9*9*_?9*9*9?9?9,31.4,25.8,72,100450,9999,9999,442,0,0,0,999900,999900,999900,99990,140,0.8,5,5,999.0,999,9,'999999999,0,0.0000,0,88,999.000,0.0,1.0
2056/9/21,20:00,?9?9?9?9E0?9?9?9?9*9?9*9?9?9?9?9?9?9*9*_?9*9*9?9?9,31.3,25.9,73,100450,9999,9999,442,0,0,0,999900,999900,999900,99990,140,0.5,5,5,999.0,999,9,'999999999,0,0.0000,0,88,999.000,0.0,1.0
2056/9/21,21:00,?9?9?9?9E0?9?9?9?9*9?9*9?9?9?9?9?9?9*9*_?9*9*9?9?9,30.9,26.4,77,100650,9999,9999,440,0,0,0,999900,999900,999900,99990,140,0.5,5,5,999.0,999,9,'999999999,0,0.0000,0,88,999.000,0.0,1.0
2056/9/21,22:00,?9?9?9?9E0?9?9?9?9*9?9*9?9?9?9?9?9?9*9*_?9*9*9?9?9,30.9,26.4,77,100650,9999,9999,440,0,0,0,999900,999900,999900,99990,200,0.0,5,5,999.0,999,9,'999999999,0,0.0000,0,88,999.000,0.0,1.0
2056/9/21,23:00,?9?9?9?9E0?9?9?9?9*9?9*9?9?9?9?9?9?9*9*_?9*9*9?9?9,30.6,26.1,77,100650,9999,9999,431,0,0,0,999900,999900,999900,99990,200,0.0,3,3,999.0,999,9,'999999999,0,0.0000,0,88,999.000,0.0,1.0
2056/9/21,24:00,?9?9?9?9E0?9?9?9?9*9?9*9?9?9?9?9?9?9*9*_?9*9*9?9?9,30.2,27.6,86,100650,9999,9999,421,0,0,0,999900,999900,999900,99990,200,0.5,1,1,999.0,999,9,'999999999,0,0.0000,0,88,999.000,0.0,1.0
2056/9/22,01:00,?9?9?9?9E0?9?9?9?9*9?9*9?9?9?9?9?9?9*9*_?9*9*9?9?9,30.1,28.1,89,100650,9999,9999,413,0,0,0,999900,999900,999900,99990,200,0.4,0,0,999.0,999,9,'999999999,0,0.0000,0,88,999.000,0.0,1.0
2056/9/22,02:00,?9?9?9?9E0?9?9?9?9*9?9*9?9?9?9?9?9?9*9*_?9*9*9?9?9,30.0,28.0,89,100650,9999,9999,413,0,0,0,999900,999900,999900,99990,200,0.1,0,0,999.0,999,9,'999999999,0,0.0000,0,88,999.000,0.0,1.0
2056/9/22,03:00,?9?9?9?9E0?9?9?9?9*9?9*9?9?9?9?9?9?9*9*_?9*9*9?9?9,29.7,27.9,90,100550,9999,9999,411,0,0,0,999900,999900,999900,99990,180,0.0,0,0,999.0,999,9,'999999999,0,0.0000,0,88,999.000,0.0,1.0
2056/9/22,04:00,?9?9?9?9E0?9?9?9?9*9?9*9?9?9?9?9?9?9*9*_?9*9*9?9?9,29.6,28.0,91,100550,9999,9999,428,0,0,0,999900,999900,999900,99990,180,0.0,3,3,999.0,999,9,'999999999,0,0.0000,0,88,999.000,0.0,1.0
2056/9/22,05:00,?9?9?9?9E0?9?9?9?9*9?9*9?9?9?9?9?9?9*9*_?9*9*9?9?9,29.4,27.8,91,100550,9999,9999,433,0,0,0,999900,999900,999900,99990,180,0.2,5,5,999.0,999,9,'999999999,0,0.0000,0,88,999.000,0.0,1.0
2056/9/22,06:00,?9?9?9?9E0?9?9?9?9*9?9*9?9?9?9?9?9?9*9*_?9*9*9?9?9,29.0,27.4,91,100550,9999,9999,434,0,0,0,999900,999900,999900,99990,180,0.0,6,6,999.0,999,9,'999999999,0,0.0000,0,88,999.000,0.0,1.0
2056/9/22,07:00,?9?9?9?9E0?9?9?9?9*9?9*9?9?9?9?9?9?9*9*_?9*9*9?9?9,29.1,27.1,89,100550,9999,9999,447,38,25,35,999900,999900,999900,99990,180,0.1,8,8,999.0,999,9,'999999999,0,0.0000,0,88,999.000,0.0,1.0
2056/9/22,08:00,?9?9?9?9E0?9?9?9?9*9?9*9?9?9?9?9?9?9*9*_?9*9*9?9?9,30.4,28.0,87,100750,9999,9999,456,188,88,156,999900,999900,999900,99990,180,0.7,8,8,999.0,999,9,'999999999,0,0.0000,0,88,999.000,0.0,1.0
2056/9/22,09:00,?9?9?9?9E0?9?9?9?9*9?9*9?9?9?9?9?9?9*9*_?9*9*9?9?9,32.1,27.8,78,100650,9999,9999,466,359,159,265,999900,999900,999900,99990,180,0.0,8,8,999.0,999,9,'999999999,0,0.0000,0,88,999.000,0.0,1.0
2056/9/22,10:00,?9?9?9?9E0?9?9?9?9*9?9*9?9?9?9?9?9?9*9*_?9*9*9?9?9,33.4,26.2,66,100650,9999,9999,471,531,233,351,999900,999900,999900,99990,230,1.0,8,8,999.0,999,9,'999999999,0,0.0000,0,88,999.000,0.0,1.0
2056/9/22,11:00,?9?9?9?9E0?9?9?9?9*9?9*9?9?9?9?9?9?9*9*_?9*9*9?9?9,34.9,24.2,54,100550,9999,9999,478,661,278,411,999900,999900,999900,99990,230,0.2,8,8,999.0,999,9,'999999999,0,0.0000,0,88,999.000,0.0,1.0
2056/9/22,12:00,?9?9?9?9E0?9?9?9?9*9?9*9?9?9?9?9?9?9*9*_?9*9*9?9?9,36.3,24.2,50,100450,9999,9999,487,717,278,448,999900,999900,999900,99990,200,0.3,8,8,999.0,999,9,'999999999,0,0.0000,0,88,999.000,0.0,1.0
2056/9/22,13:00,?9?9?9?9E0?9?9?9?9*9?9*9?9?9?9?9?9?9*9*_?9*9*9?9?9,36.8,24.7,50,100450,9999,9999,490,730,298,441,999900,999900,999900,99990,250,0.0,8,8,999.0,999,9,'999999999,0,0.0000,0,88,999.000,0.0,1.0
2056/9/22,14:00,?9?9?9?9E0?9?9?9?9*9?9*9?9?9?9?9?9?9*9*_?9*9*9?9?9,34.9,26.0,60,100350,9999,9999,473,730,391,376,999900,999900,999900,99990,250,0.7,7,7,999.0,999,9,'999999999,0,0.0000,0,88,999.000,0.0,1.0
2056/9/22,15:00,?9?9?9?9E0?9?9?9?9*9?9*9?9?9?9?9?9?9*9*_?9*9*9?9?9,34.5,26.7,64,100350,9999,9999,466,653,464,291,999900,999900,999900,99990,110,1.0,6,6,999.0,999,9,'999999999,0,0.0000,0,88,999.000,0.0,1.0
2056/9/22,16:00,?9?9?9?9E0?9?9?9?9*9?9*9?9?9?9?9?9?9*9*_?9*9*9?9?9,33.8,26.1,64,100350,9999,9999,457,503,475,217,999900,999900,999900,99990,110,1.0,5,5,999.0,999,9,'999999999,0,0.0000,0,88,999.000,0.0,1.0
2056/9/22,17:00,?9?9?9?9E0?9?9?9?9*9?9*9?9?9?9?9?9?9*9*_?9*9*9?9?9,32.8,25.4,65,100350,9999,9999,450,277,313,157,999900,999900,999900,99990,140,1.0,5,5,999.0,999,9,'999999999,0,0.0000,0,88,999.000,0.0,1.0
2056/9/22,18:00,?9?9?9?9E0?9?9?9?9*9?9*9?9?9?9?9?9?9*9*_?9*9*9?9?9,31.7,27.4,78,100450,9999,9999,446,72,124,55,999900,999900,999900,99990,160,1.0,5,5,999.0,999,9,'999999999,0,0.0000,0,88,999.000,0.0,1.0
2056/9/22,19:00,?9?9?9?9E0?9?9?9?9*9?9*9?9?9?9?9?9?9*9*_?9*9*9?9?9,30.7,27.9,85,100550,9999,9999,441,0,0,0,999900,999900,999900,99990,150,0.8,5,5,999.0,999,9,'999999999,0,0.0000,0,88,999.000,0.0,1.0
2056/9/22,20:00,?9?9?9?9E0?9?9?9?9*9?9*9?9?9?9?9?9?9*9*_?9*9*9?9?9,30.5,27.7,85,100550,9999,9999,440,0,0,0,999900,999900,999900,99990,150,1.0,5,5,999.0,999,9,'999999999,0,0.0000,0,88,999.000,0.0,1.0
2056/9/22,21:00,?9?9?9?9E0?9?9?9?9*9?9*9?9?9?9?9?9?9*9*_?9*9*9?9?9,30.3,27.5,85,100650,9999,9999,438,0,0,0,999900,999900,999900,99990,180,0.4,5,5,999.0,999,9,'999999999,0,0.0000,0,88,999.000,0.0,1.0
2056/9/22,22:00,?9?9?9?9E0?9?9?9?9*9?9*9?9?9?9?9?9?9*9*_?9*9*9?9?9,30.2,27.6,86,100650,9999,9999,434,0,0,0,999900,999900,999900,99990,180,0.2,4,4,999.0,999,9,'999999999,0,0.0000,0,88,999.000,0.0,1.0
2056/9/22,23:00,?9?9?9?9E0?9?9?9?9*9?9*9?9?9?9?9?9?9*9*_?9*9*9?9?9,30.1,27.5,86,100650,9999,9999,430,0,0,0,999900,999900,999900,99990,180,0.0,3,3,999.0,999,9,'999999999,0,0.0000,0,88,999.000,0.0,1.0
2056/9/22,24:00,?9?9?9?9E0?9?9?9?9*9?9*9?9?9?9?9?9?9*9*_?9*9*9?9?9,29.9,27.9,89,100650,9999,9999,433,0,0,0,999900,999900,999900,99990,180,0.0,4,4,999.0,999,9,'999999999,0,0.0000,0,88,999.000,0.0,1.0
2056/9/23,01:00,?9?9?9?9E0?9?9?9?9*9?9*9?9?9?9?9?9?9*9*_?9*9*9?9?9,29.9,27.9,89,100650,9999,9999,433,0,0,0,999900,999900,999900,99990,180,0.3,4,4,999.0,999,9,'999999999,0,0.0000,0,88,999.000,0.0,1.0
2056/9/23,02:00,?9?9?9?9E0?9?9?9?9*9?9*9?9?9?9?9?9?9*9*_?9*9*9?9?9,29.8,27.8,89,100550,9999,9999,432,0,0,0,999900,999900,999900,99990,180,0.4,4,4,999.0,999,9,'999999999,0,0.0000,0,88,999.000,0.0,1.0
2056/9/23,03:00,?9?9?9?9E0?9?9?9?9*9?9*9?9?9?9?9?9?9*9*_?9*9*9?9?9,29.4,27.4,89,100450,9999,9999,426,0,0,0,999900,999900,999900,99990,250,0.6,3,3,999.0,999,9,'999999999,0,0.0000,0,88,999.000,0.0,1.0
2056/9/23,04:00,?9?9?9?9E0?9?9?9?9*9?9*9?9?9?9?9?9?9*9*_?9*9*9?9?9,29.3,27.3,89,100450,9999,9999,426,0,0,0,999900,999900,999900,99990,200,0.2,3,3,999.0,999,9,'999999999,0,0.0000,0,88,999.000,0.0,1.0
2056/9/23,05:00,?9?9?9?9E0?9?9?9?9*9?9*9?9?9?9?9?9?9*9*_?9*9*9?9?9,29.1,27.1,89,100450,9999,9999,424,0,0,0,999900,999900,999900,99990,200,0.2,3,3,999.0,999,9,'999999999,0,0.0000,0,88,999.000,0.0,1.0
2056/9/23,06:00,?9?9?9?9E0?9?9?9?9*9?9*9?9?9?9?9?9?9*9*_?9*9*9?9?9,29.0,27.0,89,100550,9999,9999,424,0,0,0,999900,999900,999900,99990,230,0.3,3,3,999.0,999,9,'999999999,0,0.0000,0,88,999.000,0.0,1.0
2056/9/23,07:00,?9?9?9?9E0?9?9?9?9*9?9*9?9?9?9?9?9?9*9*_?9*9*9?9?9,29.3,27.3,89,100650,9999,9999,429,69,175,48,999900,999900,999900,99990,230,0.5,4,4,999.0,999,9,'999999999,0,0.0000,0,88,999.000,0.0,1.0
2056/9/23,08:00,?9?9?9?9E0?9?9?9?9*9?9*9?9?9?9?9?9?9*9*_?9*9*9?9?9,30.8,27.4,82,100650,9999,9999,441,267,354,137,999900,999900,999900,99990,230,0.9,5,5,999.0,999,9,'999999999,0,0.0000,0,88,999.000,0.0,1.0
2056/9/23,09:00,?9?9?9?9E0?9?9?9?9*9?9*9?9?9?9?9?9?9*9*_?9*9*9?9?9,32.5,26.6,71,100750,9999,9999,450,495,527,185,999900,999900,999900,99990,180,1.0,5,5,999.0,999,9,'999999999,0,0.0000,0,88,999.000,0.0,1.0
2056/9/23,10:00,?9?9?9?9E0?9?9?9?9*9?9*9?9?9?9?9?9?9*9*_?9*9*9?9?9,33.8,28.5,74,100750,9999,9999,460,663,558,233,999900,999900,999900,99990,170,1.0,5,5,999.0,999,9,'999999999,0,0.0000,0,88,999.000,0.0,1.0
2056/9/23,11:00,?9?9?9?9E0?9?9?9?9*9?9*9?9?9?9?9?9?9*9*_?9*9*9?9?9,34.8,25.3,58,100750,9999,9999,462,836,658,245,999900,999900,999900,99990,170,0.8,5,5,999.0,999,9,'999999999,0,0.0000,0,88,999.000,0.0,1.0
2056/9/23,12:00,?9?9?9?9E0?9?9?9?9*9?9*9?9?9?9?9?9?9*9*_?9*9*9?9?9,35.8,23.8,50,100650,9999,9999,466,920,695,248,999900,999900,999900,99990,200,0.8,5,5,999.0,999,9,'999999999,0,0.0000,0,88,999.000,0.0,1.0
2056/9/23,13:00,?9?9?9?9E0?9?9?9?9*9?9*9?9?9?9?9?9?9*9*_?9*9*9?9?9,35.7,24.0,51,100650,9999,9999,458,1009,840,196,999900,999900,999900,99990,190,1.2,3,3,999.0,999,9,'999999999,0,0.0000,0,88,999.000,0.0,1.0
2056/9/23,14:00,?9?9?9?9E0?9?9?9?9*9?9*9?9?9?9?9?9?9*9*_?9*9*9?9?9,35.2,25.1,56,100550,9999,9999,460,891,763,201,999900,999900,999900,99990,190,1.0,4,4,999.0,999,9,'999999999,0,0.0000,0,88,999.000,0.0,1.0
2056/9/23,15:00,?9?9?9?9E0?9?9?9?9*9?9*9?9?9?9?9?9?9*9*_?9*9*9?9?9,34.5,25.1,58,100450,9999,9999,460,709,651,202,999900,999900,999900,99990,180,1.1,5,5,999.0,999,9,'999999999,0,0.0000,0,88,999.000,0.0,1.0
2056/9/23,16:00,?9?9?9?9E0?9?9?9?9*9?9*9?9?9?9?9?9?9*9*_?9*9*9?9?9,33.4,25.9,65,100350,9999,9999,451,522,591,168,999900,999900,999900,99990,180,1.2,4,4,999.0,999,9,'999999999,0,0.0000,0,88,999.000,0.0,1.0
2056/9/23,17:00,?9?9?9?9E0?9?9?9?9*9?9*9?9?9?9?9?9?9*9*_?9*9*9?9?9,32.8,25.9,67,100350,9999,9999,444,301,464,125,999900,999900,999900,99990,170,1.0,3,3,999.0,999,9,'999999999,0,0.0000,0,88,999.000,0.0,1.0
2056/9/23,18:00,?9?9?9?9E0?9?9?9?9*9?9*9?9?9?9?9?9?9*9*_?9*9*9?9?9,31.4,26.0,73,100450,9999,9999,436,82,233,51,999900,999900,999900,99990,160,0.7,3,3,999.0,999,9,'999999999,0,0.0000,0,88,999.000,0.0,1.0
2056/9/23,19:00,?9?9?9?9E0?9?9?9?9*9?9*9?9?9?9?9?9?9*9*_?9*9*9?9?9,30.7,26.7,79,100550,9999,9999,439,0,0,0,999900,999900,999900,99990,140,0.5,5,5,999.0,999,9,'999999999,0,0.0000,0,88,999.000,0.0,1.0
2056/9/23,20:00,?9?9?9?9E0?9?9?9?9*9?9*9?9?9?9?9?9?9*9*_?9*9*9?9?9,30.3,26.9,82,100650,9999,9999,434,0,0,0,999900,999900,999900,99990,140,0.5,4,4,999.0,999,9,'999999999,0,0.0000,0,88,999.000,0.0,1.0
2056/9/23,21:00,?9?9?9?9E0?9?9?9?9*9?9*9?9?9?9?9?9?9*9*_?9*9*9?9?9,30.0,27.0,84,100750,9999,9999,433,0,0,0,999900,999900,999900,99990,180,0.4,4,4,999.0,999,9,'999999999,0,0.0000,0,88,999.000,0.0,1.0
2056/9/23,22:00,?9?9?9?9E0?9?9?9?9*9?9*9?9?9?9?9?9?9*9*_?9*9*9?9?9,30.0,27.2,85,100750,9999,9999,433,0,0,0,999900,999900,999900,99990,180,0.3,4,4,999.0,999,9,'999999999,0,0.0000,0,88,999.000,0.0,1.0
2056/9/23,23:00,?9?9?9?9E0?9?9?9?9*9?9*9?9?9?9?9?9?9*9*_?9*9*9?9?9,29.9,27.3,86,100750,9999,9999,432,0,0,0,999900,999900,999900,99990,180,0.4,4,4,999.0,999,9,'999999999,0,0.0000,0,88,999.000,0.0,1.0
2056/9/23,24:00,?9?9?9?9E0?9?9?9?9*9?9*9?9?9?9?9?9?9*9*_?9*9*9?9?9,29.7,27.3,87,100750,9999,9999,431,0,0,0,999900,999900,999900,99990,160,0.1,4,4,999.0,999,9,'999999999,0,0.0000,0,88,999.000,0.0,1.0
2056/9/24,01:00,?9?9?9?9E0?9?9?9?9*9?9*9?9?9?9?9?9?9*9*_?9*9*9?9?9,29.6,27.2,87,100750,9999,9999,431,0,0,0,999900,999900,999900,99990,180,0.0,4,4,999.0,999,9,'999999999,0,0.0000,0,88,999.000,0.0,1.0
2056/9/24,02:00,?9?9?9?9E0?9?9?9?9*9?9*9?9?9?9?9?9?9*9*_?9*9*9?9?9,29.4,27.0,87,100650,9999,9999,429,0,0,0,999900,999900,999900,99990,180,0.0,4,4,999.0,999,9,'999999999,0,0.0000,0,88,999.000,0.0,1.0
2056/9/24,03:00,?9?9?9?9E0?9?9?9?9*9?9*9?9?9?9?9?9?9*9*_?9*9*9?9?9,28.9,26.9,89,100650,9999,9999,423,0,0,0,999900,999900,999900,99990,180,0.0,3,3,999.0,999,9,'999999999,0,0.0000,0,88,999.000,0.0,1.0
2056/9/24,04:00,?9?9?9?9E0?9?9?9?9*9?9*9?9?9?9?9?9?9*9*_?9*9*9?9?9,28.4,26.4,89,100650,9999,9999,419,0,0,0,999900,999900,999900,99990,180,0.0,3,3,999.0,999,9,'999999999,0,0.0000,0,88,999.000,0.0,1.0
2056/9/24,05:00,?9?9?9?9E0?9?9?9?9*9?9*9?9?9?9?9?9?9*9*_?9*9*9?9?9,28.4,26.4,89,100650,9999,9999,419,0,0,0,999900,999900,999900,99990,180,0.1,3,3,999.0,999,9,'999999999,0,0.0000,0,88,999.000,0.0,1.0
2056/9/24,06:00,?9?9?9?9E0?9?9?9?9*9?9*9?9?9?9?9?9?9*9*_?9*9*9?9?9,28.4,26.4,89,100750,9999,9999,423,0,0,0,999900,999900,999900,99990,180,0.1,4,4,999.0,999,9,'999999999,0,0.0000,0,88,999.000,0.0,1.0
2056/9/24,07:00,?9?9?9?9E0?9?9?9?9*9?9*9?9?9?9?9?9?9*9*_?9*9*9?9?9,28.9,26.9,89,100750,9999,9999,429,63,115,49,999900,999900,999900,99990,180,0.1,5,5,999.0,999,9,'999999999,0,0.0000,0,88,999.000,0.0,1.0
2056/9/24,08:00,?9?9?9?9E0?9?9?9?9*9?9*9?9?9?9?9?9?9*9*_?9*9*9?9?9,30.4,27.6,85,100850,9999,9999,443,241,228,157,999900,999900,999900,99990,180,0.5,6,6,999.0,999,9,'999999999,0,0.0000,0,88,999.000,0.0,1.0
2056/9/24,09:00,?9?9?9?9E0?9?9?9?9*9?9*9?9?9?9?9?9?9*9*_?9*9*9?9?9,32.0,26.6,73,100950,9999,9999,456,416,289,246,999900,999900,999900,99990,180,0.5,7,7,999.0,999,9,'999999999,0,0.0000,0,88,999.000,0.0,1.0
2056/9/24,10:00,?9?9?9?9E0?9?9?9?9*9?9*9?9?9?9?9?9?9*9*_?9*9*9?9?9,33.8,26.6,66,100950,9999,9999,467,588,353,316,999900,999900,999900,99990,180,0.8,7,7,999.0,999,9,'999999999,0,0.0000,0,88,999.000,0.0,1.0
2056/9/24,11:00,?9?9?9?9E0?9?9?9?9*9?9*9?9?9?9?9?9?9*9*_?9*9*9?9?9,34.2,27.0,66,100850,9999,9999,470,699,368,368,999900,999900,999900,99990,180,0.9,7,7,999.0,999,9,'999999999,0,0.0000,0,88,999.000,0.0,1.0
2056/9/24,12:00,?9?9?9?9E0?9?9?9?9*9?9*9?9?9?9?9?9?9*9*_?9*9*9?9?9,35.0,26.9,63,100850,9999,9999,469,820,466,371,999900,999900,999900,99990,180,0.6,6,6,999.0,999,9,'999999999,0,0.0000,0,88,999.000,0.0,1.0
2056/9/24,13:00,?9?9?9?9E0?9?9?9?9*9?9*9?9?9?9?9?9?9*9*_?9*9*9?9?9,34.9,26.8,63,100750,9999,9999,469,845,513,350,999900,999900,999900,99990,180,1.2,6,6,999.0,999,9,'999999999,0,0.0000,0,88,999.000,0.0,1.0
2056/9/24,14:00,?9?9?9?9E0?9?9?9?9*9?9*9?9?9?9?9?9?9*9*_?9*9*9?9?9,35.2,26.8,62,100650,9999,9999,470,779,511,318,999900,999900,999900,99990,180,1.6,6,6,999.0,999,9,'999999999,0,0.0000,0,88,999.000,0.0,1.0
2056/9/24,15:00,?9?9?9?9E0?9?9?9?9*9?9*9?9?9?9?9?9?9*9*_?9*9*9?9?9,34.9,26.3,61,100550,9999,9999,468,649,487,271,999900,999900,999900,99990,160,1.2,6,6,999.0,999,9,'999999999,0,0.0000,0,88,999.000,0.0,1.0
2056/9/24,16:00,?9?9?9?9E0?9?9?9?9*9?9*9?9?9?9?9?9?9*9*_?9*9*9?9?9,34.4,25.8,61,100450,9999,9999,460,496,485,206,999900,999900,999900,99990,160,1.2,5,5,999.0,999,9,'999999999,0,0.0000,0,88,999.000,0.0,1.0
2056/9/24,17:00,?9?9?9?9E0?9?9?9?9*9?9*9?9?9?9?9?9?9*9*_?9*9*9?9?9,33.6,26.6,67,100450,9999,9999,456,268,314,149,999900,999900,999900,99990,150,1.0,5,5,999.0,999,9,'999999999,0,0.0000,0,88,999.000,0.0,1.0
2056/9/24,18:00,?9?9?9?9E0?9?9?9?9*9?9*9?9?9?9?9?9?9*9*_?9*9*9?9?9,32.8,27.6,74,100450,9999,9999,449,75,166,53,999900,999900,999900,99990,160,1.0,4,4,999.0,999,9,'999999999,0,0.0000,0,88,999.000,0.0,1.0
2056/9/24,19:00,?9?9?9?9E0?9?9?9?9*9?9*9?9?9?9?9?9?9*9*_?9*9*9?9?9,31.0,27.8,83,100550,9999,9999,436,0,0,0,999900,999900,999900,99990,160,0.8,3,3,999.0,999,9,'999999999,0,0.0000,0,88,999.000,0.0,1.0
2056/9/24,20:00,?9?9?9?9E0?9?9?9?9*9?9*9?9?9?9?9?9?9*9*_?9*9*9?9?9,30.4,27.2,83,100650,9999,9999,432,0,0,0,999900,999900,999900,99990,160,0.5,3,3,999.0,999,9,'999999999,0,0.0000,0,88,999.000,0.0,1.0
2056/9/24,21:00,?9?9?9?9E0?9?9?9?9*9?9*9?9?9?9?9?9?9*9*_?9*9*9?9?9,30.0,27.4,86,100750,9999,9999,430,0,0,0,999900,999900,999900,99990,160,0.3,3,3,999.0,999,9,'999999999,0,0.0000,0,88,999.000,0.0,1.0
2056/9/24,22:00,?9?9?9?9E0?9?9?9?9*9?9*9?9?9?9?9?9?9*9*_?9*9*9?9?9,29.9,27.3,86,100850,9999,9999,432,0,0,0,999900,999900,999900,99990,140,0.8,4,4,999.0,999,9,'999999999,0,0.0000,0,88,999.000,0.0,1.0
2056/9/24,23:00,?9?9?9?9E0?9?9?9?9*9?9*9?9?9?9?9?9?9*9*_?9*9*9?9?9,29.9,27.3,86,100850,9999,9999,436,0,0,0,999900,999900,999900,99990,160,0.6,5,5,999.0,999,9,'999999999,0,0.0000,0,88,999.000,0.0,1.0
2056/9/24,24:00,?9?9?9?9E0?9?9?9?9*9?9*9?9?9?9?9?9?9*9*_?9*9*9?9?9,29.5,27.1,87,100850,9999,9999,426,0,0,0,999900,999900,999900,99990,160,0.0,3,3,999.0,999,9,'999999999,0,0.0000,0,88,999.000,0.0,1.0
2056/9/25,01:00,?9?9?9?9E0?9?9?9?9*9?9*9?9?9?9?9?9?9*9*_?9*9*9?9?9,29.5,27.1,87,100750,9999,9999,430,0,0,0,999900,999900,999900,99990,160,0.0,4,4,999.0,999,9,'999999999,0,0.0000,0,88,999.000,0.0,1.0
2056/9/25,02:00,?9?9?9?9E0?9?9?9?9*9?9*9?9?9?9?9?9?9*9*_?9*9*9?9?9,29.0,26.6,87,100650,9999,9999,426,0,0,0,999900,999900,999900,99990,160,0.0,4,4,999.0,999,9,'999999999,0,0.0000,0,88,999.000,0.0,1.0
2056/9/25,03:00,?9?9?9?9E0?9?9?9?9*9?9*9?9?9?9?9?9?9*9*_?9*9*9?9?9,28.7,27.1,91,100650,9999,9999,425,0,0,0,999900,999900,999900,99990,160,0.0,4,4,999.0,999,9,'999999999,0,0.0000,0,88,999.000,0.0,1.0
2056/9/25,04:00,?9?9?9?9E0?9?9?9?9*9?9*9?9?9?9?9?9?9*9*_?9*9*9?9?9,28.6,27.0,91,100650,9999,9999,421,0,0,0,999900,999900,999900,99990,160,0.0,3,3,999.0,999,9,'999999999,0,0.0000,0,88,999.000,0.0,1.0
2056/9/25,05:00,?9?9?9?9E0?9?9?9?9*9?9*9?9?9?9?9?9?9*9*_?9*9*9?9?9,28.5,26.9,91,100750,9999,9999,421,0,0,0,999900,999900,999900,99990,160,0.0,3,3,999.0,999,9,'999999999,0,0.0000,0,88,999.000,0.0,1.0
2056/9/25,06:00,?9?9?9?9E0?9?9?9?9*9?9*9?9?9?9?9?9?9*9*_?9*9*9?9?9,28.4,26.8,91,100750,9999,9999,420,0,0,0,999900,999900,999900,99990,160,0.0,3,3,999.0,999,9,'999999999,0,0.0000,0,88,999.000,0.0,1.0
2056/9/25,07:00,?9?9?9?9E0?9?9?9?9*9?9*9?9?9?9?9?9?9*9*_?9*9*9?9?9,29.0,27.4,91,100850,9999,9999,427,67,147,49,999900,999900,999900,99990,160,0.0,4,4,999.0,999,9,'999999999,0,0.0000,0,88,999.000,0.0,1.0
2056/9/25,08:00,?9?9?9?9E0?9?9?9?9*9?9*9?9?9?9?9?9?9*9*_?9*9*9?9?9,30.4,27.4,84,100850,9999,9999,439,263,316,147,999900,999900,999900,99990,160,0.6,5,5,999.0,999,9,'999999999,0,0.0000,0,88,999.000,0.0,1.0
2056/9/25,09:00,?9?9?9?9E0?9?9?9?9*9?9*9?9?9?9?9?9?9*9*_?9*9*9?9?9,31.8,27.1,76,100850,9999,9999,446,483,477,203,999900,999900,999900,99990,180,0.7,5,5,999.0,999,9,'999999999,0,0.0000,0,88,999.000,0.0,1.0
2056/9/25,10:00,?9?9?9?9E0?9?9?9?9*9?9*9?9?9?9?9?9?9*9*_?9*9*9?9?9,33.2,27.0,70,100850,9999,9999,451,706,633,219,999900,999900,999900,99990,180,0.5,4,4,999.0,999,9,'999999999,0,0.0000,0,88,999.000,0.0,1.0
2056/9/25,11:00,?9?9?9?9E0?9?9?9?9*9?9*9?9?9?9?9?9?9*9*_?9*9*9?9?9,34.8,25.9,60,100750,9999,9999,455,890,746,221,999900,999900,999900,99990,200,0.4,3,3,999.0,999,9,'999999999,0,0.0000,0,88,999.000,0.0,1.0
2056/9/25,12:00,?9?9?9?9E0?9?9?9?9*9?9*9?9?9?9?9?9?9*9*_?9*9*9?9?9,35.2,25.4,57,100650,9999,9999,461,933,690,268,999900,999900,999900,99990,250,0.6,4,4,999.0,999,9,'999999999,0,0.0000,0,88,999.000,0.0,1.0
2056/9/25,13:00,?9?9?9?9E0?9?9?9?9*9?9*9?9?9?9?9?9?9*9*_?9*9*9?9?9,35.0,26.1,60,100550,9999,9999,468,848,532,335,999900,999900,999900,99990,250,1.0,6,6,999.0,999,9,'999999999,0,0.0000,0,88,999.000,0.0,1.0
2056/9/25,14:00,?9?9?9?9E0?9?9?9?9*9?9*9?9?9?9?9?9?9*9*_?9*9*9?9?9,34.8,25.9,60,100450,9999,9999,472,728,418,352,999900,999900,999900,99990,250,1.3,7,7,999.0,999,9,'999999999,0,0.0000,0,88,999.000,0.0,1.0
2056/9/25,15:00,?9?9?9?9E0?9?9?9?9*9?9*9?9?9?9?9?9?9*9*_?9*9*9?9?9,34.3,25.4,60,100350,9999,9999,476,539,265,334,999900,999900,999900,99990,110,1.1,8,8,999.0,999,9,'999999999,0,0.0000,0,88,999.000,0.0,1.0
2056/9/25,16:00,?9?9?9?9E0?9?9?9?9*9?9*9?9?9?9?9?9?9*9*_?9*9*9?9?9,33.8,24.4,58,100250,9999,9999,481,327,135,247,999900,999900,999900,99990,150,1.2,9,9,999.0,999,9,'999999999,0,0.0000,0,88,999.000,0.0,1.0
2056/9/25,17:00,?9?9?9?9E0?9?9?9?9*9?9*9?9?9?9?9?9?9*9*_?9*9*9?9?9,33.2,22.7,54,100250,9999,9999,458,236,199,162,999900,999900,999900,99990,150,0.8,7,7,999.0,999,9,'999999999,0,0.0000,0,88,999.000,0.0,1.0
2056/9/25,18:00,?9?9?9?9E0?9?9?9?9*9?9*9?9?9?9?9?9?9*9*_?9*9*9?9?9,31.6,23.7,63,100350,9999,9999,445,64,107,50,999900,999900,999900,99990,230,0.8,6,6,999.0,999,9,'999999999,0,0.0000,0,88,999.000,0.0,1.0
2056/9/25,19:00,?9?9?9?9E0?9?9?9?9*9?9*9?9?9?9?9?9?9*9*_?9*9*9?9?9,31.0,25.6,73,100450,9999,9999,440,0,0,0,999900,999900,999900,99990,230,0.2,5,5,999.0,999,9,'999999999,0,0.0000,0,88,999.000,0.0,1.0
2056/9/25,20:00,?9?9?9?9E0?9?9?9?9*9?9*9?9?9?9?9?9?9*9*_?9*9*9?9?9,30.7,25.3,73,100550,9999,9999,431,0,0,0,999900,999900,999900,99990,230,0.2,3,3,999.0,999,9,'999999999,0,0.0000,0,88,999.000,0.0,1.0
2056/9/25,21:00,?9?9?9?9E0?9?9?9?9*9?9*9?9?9?9?9?9?9*9*_?9*9*9?9?9,30.6,25.9,76,100650,9999,9999,421,0,0,0,999900,999900,999900,99990,180,0.2,1,1,999.0,999,9,'999999999,0,0.0000,0,88,999.000,0.0,1.0
2056/9/25,22:00,?9?9?9?9E0?9?9?9?9*9?9*9?9?9?9?9?9?9*9*_?9*9*9?9?9,30.3,26.7,81,100650,9999,9999,413,0,0,0,999900,999900,999900,99990,180,0.2,0,0,999.0,999,9,'999999999,0,0.0000,0,88,999.000,0.0,1.0
2056/9/25,23:00,?9?9?9?9E0?9?9?9?9*9?9*9?9?9?9?9?9?9*9*_?9*9*9?9?9,30.3,27.3,84,100650,9999,9999,427,0,0,0,999900,999900,999900,99990,180,0.0,2,2,999.0,999,9,'999999999,0,0.0000,0,88,999.000,0.0,1.0
2056/9/25,24:00,?9?9?9?9E0?9?9?9?9*9?9*9?9?9?9?9?9?9*9*_?9*9*9?9?9,30.0,27.4,86,100650,9999,9999,430,0,0,0,999900,999900,999900,99990,180,0.0,3,3,999.0,999,9,'999999999,0,0.0000,0,88,999.000,0.0,1.0
2056/9/26,01:00,?9?9?9?9E0?9?9?9?9*9?9*9?9?9?9?9?9?9*9*_?9*9*9?9?9,29.9,27.7,88,100550,9999,9999,429,0,0,0,999900,999900,999900,99990,220,0.3,3,3,999.0,999,9,'999999999,0,0.0000,0,88,999.000,0.0,1.0
2056/9/26,02:00,?9?9?9?9E0?9?9?9?9*9?9*9?9?9?9?9?9?9*9*_?9*9*9?9?9,29.4,26.0,82,100550,9999,9999,425,0,0,0,999900,999900,999900,99990,250,0.5,3,3,999.0,999,9,'999999999,0,0.0000,0,88,999.000,0.0,1.0
2056/9/26,03:00,?9?9?9?9E0?9?9?9?9*9?9*9?9?9?9?9?9?9*9*_?9*9*9?9?9,28.9,25.7,83,100550,9999,9999,421,0,0,0,999900,999900,999900,99990,180,0.4,3,3,999.0,999,9,'999999999,0,0.0000,0,88,999.000,0.0,1.0
2056/9/26,04:00,?9?9?9?9E0?9?9?9?9*9?9*9?9?9?9?9?9?9*9*_?9*9*9?9?9,28.9,26.1,85,100450,9999,9999,425,0,0,0,999900,999900,999900,99990,230,0.3,4,4,999.0,999,9,'999999999,0,0.0000,0,88,999.000,0.0,1.0
2056/9/26,05:00,?9?9?9?9E0?9?9?9?9*9?9*9?9?9?9?9?9?9*9*_?9*9*9?9?9,28.7,26.3,87,100550,9999,9999,421,0,0,0,999900,999900,999900,99990,190,0.2,3,3,999.0,999,9,'999999999,0,0.0000,0,88,999.000,0.0,1.0
2056/9/26,06:00,?9?9?9?9E0?9?9?9?9*9?9*9?9?9?9?9?9?9*9*_?9*9*9?9?9,28.4,26.4,89,100550,9999,9999,423,0,0,0,999900,999900,999900,99990,190,0.2,4,4,999.0,999,9,'999999999,0,0.0000,0,88,999.000,0.0,1.0
2056/9/26,07:00,?9?9?9?9E0?9?9?9?9*9?9*9?9?9?9?9?9?9*9*_?9*9*9?9?9,28.8,26.4,87,100650,9999,9999,428,64,144,47,999900,999900,999900,99990,190,0.0,5,5,999.0,999,9,'999999999,0,0.0000,0,88,999.000,0.0,1.0
2056/9/26,08:00,?9?9?9?9E0?9?9?9?9*9?9*9?9?9?9?9?9?9*9*_?9*9*9?9?9,30.4,25.9,77,100650,9999,9999,437,272,374,135,999900,999900,999900,99990,190,0.1,5,5,999.0,999,9,'999999999,0,0.0000,0,88,999.000,0.0,1.0
2056/9/26,09:00,?9?9?9?9E0?9?9?9?9*9?9*9?9?9?9?9?9?9*9*_?9*9*9?9?9,32.2,24.8,65,100650,9999,9999,446,504,567,171,999900,999900,999900,99990,230,0.3,5,5,999.0,999,9,'999999999,0,0.0000,0,88,999.000,0.0,1.0
2056/9/26,10:00,?9?9?9?9E0?9?9?9?9*9?9*9?9?9?9?9?9?9*9*_?9*9*9?9?9,33.9,23.3,54,100650,9999,9999,450,744,743,173,999900,999900,999900,99990,220,0.0,4,4,999.0,999,9,'999999999,0,0.0000,0,88,999.000,0.0,1.0
2056/9/26,11:00,?9?9?9?9E0?9?9?9?9*9?9*9?9?9?9?9?9?9*9*_?9*9*9?9?9,35.5,22.5,47,100650,9999,9999,458,898,792,189,999900,999900,999900,99990,220,0.0,4,4,999.0,999,9,'999999999,0,0.0000,0,88,999.000,0.0,1.0
2056/9/26,12:00,?9?9?9?9E0?9?9?9?9*9?9*9?9?9?9?9?9?9*9*_?9*9*9?9?9,36.4,23.3,47,100550,9999,9999,465,959,775,213,999900,999900,999900,99990,270,0.0,4,4,999.0,999,9,'999999999,0,0.0000,0,88,999.000,0.0,1.0
2056/9/26,13:00,?9?9?9?9E0?9?9?9?9*9?9*9?9?9?9?9?9?9*9*_?9*9*9?9?9,36.1,23.4,48,100450,9999,9999,463,981,806,205,999900,999900,999900,99990,270,1.0,4,4,999.0,999,9,'999999999,0,0.0000,0,88,999.000,0.0,1.0
2056/9/26,14:00,?9?9?9?9E0?9?9?9?9*9?9*9?9?9?9?9?9?9*9*_?9*9*9?9?9,35.4,24.4,53,100350,9999,9999,464,859,718,215,999900,999900,999900,99990,120,1.0,5,5,999.0,999,9,'999999999,0,0.0000,0,88,999.000,0.0,1.0
2056/9/26,15:00,?9?9?9?9E0?9?9?9?9*9?9*9?9?9?9?9?9?9*9*_?9*9*9?9?9,34.4,25.0,58,100150,9999,9999,459,705,654,201,999900,999900,999900,99990,140,1.0,5,5,999.0,999,9,'999999999,0,0.0000,0,88,999.000,0.0,1.0
2056/9/26,16:00,?9?9?9?9E0?9?9?9?9*9?9*9?9?9?9?9?9?9*9*_?9*9*9?9?9,33.6,24.8,60,100150,9999,9999,454,500,548,176,999900,999900,999900,99990,180,1.0,5,5,999.0,999,9,'999999999,0,0.0000,0,88,999.000,0.0,1.0
2056/9/26,17:00,?9?9?9?9E0?9?9?9?9*9?9*9?9?9?9?9?9?9*9*_?9*9*9?9?9,32.6,24.7,63,100150,9999,9999,448,271,363,136,999900,999900,999900,99990,140,0.9,5,5,999.0,999,9,'999999999,0,0.0000,0,88,999.000,0.0,1.0
2056/9/26,18:00,?9?9?9?9E0?9?9?9?9*9?9*9?9?9?9?9?9?9*9*_?9*9*9?9?9,31.4,26.7,76,100350,9999,9999,443,63,130,47,999900,999900,999900,99990,140,0.8,5,5,999.0,999,9,'999999999,0,0.0000,0,88,999.000,0.0,1.0
2056/9/26,19:00,?9?9?9?9E0?9?9?9?9*9?9*9?9?9?9?9?9?9*9*_?9*9*9?9?9,30.9,26.4,77,100350,9999,9999,440,0,0,0,999900,999900,999900,99990,180,0.6,5,5,999.0,999,9,'999999999,0,0.0000,0,88,999.000,0.0,1.0
2056/9/26,20:00,?9?9?9?9E0?9?9?9?9*9?9*9?9?9?9?9?9?9*9*_?9*9*9?9?9,30.9,27.3,81,100550,9999,9999,435,0,0,0,999900,999900,999900,99990,180,0.7,3,3,999.0,999,9,'999999999,0,0.0000,0,88,999.000,0.0,1.0
2056/9/26,21:00,?9?9?9?9E0?9?9?9?9*9?9*9?9?9?9?9?9?9*9*_?9*9*9?9?9,30.6,27.2,82,100550,9999,9999,433,0,0,0,999900,999900,999900,99990,180,0.7,3,3,999.0,999,9,'999999999,0,0.0000,0,88,999.000,0.0,1.0
2056/9/26,22:00,?9?9?9?9E0?9?9?9?9*9?9*9?9?9?9?9?9?9*9*_?9*9*9?9?9,30.6,27.4,83,100550,9999,9999,436,0,0,0,999900,999900,999900,99990,180,0.9,4,4,999.0,999,9,'999999999,0,0.0000,0,88,999.000,0.0,1.0
2056/9/26,23:00,?9?9?9?9E0?9?9?9?9*9?9*9?9?9?9?9?9?9*9*_?9*9*9?9?9,30.6,27.2,82,100550,9999,9999,440,0,0,0,999900,999900,999900,99990,180,0.8,5,5,999.0,999,9,'999999999,0,0.0000,0,88,999.000,0.0,1.0
2056/9/26,24:00,?9?9?9?9E0?9?9?9?9*9?9*9?9?9?9?9?9?9*9*_?9*9*9?9?9,30.4,27.0,82,100550,9999,9999,438,0,0,0,999900,999900,999900,99990,180,0.5,5,5,999.0,999,9,'999999999,0,0.0000,0,88,999.000,0.0,1.0
2056/9/27,01:00,?9?9?9?9E0?9?9?9?9*9?9*9?9?9?9?9?9?9*9*_?9*9*9?9?9,30.4,27.0,82,100550,9999,9999,454,0,0,0,999900,999900,999900,99990,210,0.4,8,8,999.0,999,9,'999999999,0,0.0000,0,88,999.000,0.0,1.0
2056/9/27,02:00,?9?9?9?9E0?9?9?9?9*9?9*9?9?9?9?9?9?9*9*_?9*9*9?9?9,30.4,27.2,83,100450,9999,9999,464,0,0,0,999900,999900,999900,99990,210,0.3,9,9,999.0,999,9,'999999999,0,0.0000,0,88,999.000,0.0,1.0
2056/9/27,03:00,?9?9?9?9E0?9?9?9?9*9?9*9?9?9?9?9?9?9*9*_?9*9*9?9?9,30.1,26.9,83,100450,9999,9999,462,0,0,0,999900,999900,999900,99990,230,0.4,9,9,999.0,999,9,'999999999,0,0.0000,0,88,999.000,0.0,1.0
2056/9/27,04:00,?9?9?9?9E0?9?9?9?9*9?9*9?9?9?9?9?9?9*9*_?9*9*9?9?9,29.6,24.7,75,100450,9999,9999,446,0,0,0,999900,999900,999900,99990,230,0.8,8,8,999.0,999,9,'999999999,0,0.0000,0,88,999.000,0.0,1.0
2056/9/27,05:00,?9?9?9?9E0?9?9?9?9*9?9*9?9?9?9?9?9?9*9*_?9*9*9?9?9,29.0,24.4,76,100450,9999,9999,430,0,0,0,999900,999900,999900,99990,230,0.0,6,6,999.0,999,9,'999999999,0,0.0000,0,88,999.000,0.0,1.0
2056/9/27,06:00,?9?9?9?9E0?9?9?9?9*9?9*9?9?9?9?9?9?9*9*_?9*9*9?9?9,28.5,24.1,77,100450,9999,9999,420,0,0,0,999900,999900,999900,99990,250,0.2,4,4,999.0,999,9,'999999999,0,0.0000,0,88,999.000,0.0,1.0
2056/9/27,07:00,?9?9?9?9E0?9?9?9?9*9?9*9?9?9?9?9?9?9*9*_?9*9*9?9?9,28.9,24.5,77,100550,9999,9999,423,75,218,49,999900,999900,999900,99990,250,0.5,4,4,999.0,999,9,'999999999,0,0.0000,0,88,999.000,0.0,1.0
2056/9/27,08:00,?9?9?9?9E0?9?9?9?9*9?9*9?9?9?9?9?9?9*9*_?9*9*9?9?9,30.0,25.1,75,100650,9999,9999,430,292,446,128,999900,999900,999900,99990,200,0.4,4,4,999.0,999,9,'999999999,0,0.0000,0,88,999.000,0.0,1.0
2056/9/27,09:00,?9?9?9?9E0?9?9?9?9*9?9*9?9?9?9?9?9?9*9*_?9*9*9?9?9,31.2,24.4,67,100650,9999,9999,436,529,616,167,999900,999900,999900,99990,290,0.5,4,4,999.0,999,9,'999999999,0,0.0000,0,88,999.000,0.0,1.0
2056/9/27,10:00,?9?9?9?9E0?9?9?9?9*9?9*9?9?9?9?9?9?9*9*_?9*9*9?9?9,33.2,23.8,58,100650,9999,9999,450,705,640,214,999900,999900,999900,99990,290,0.6,5,5,999.0,999,9,'999999999,0,0.0000,0,88,999.000,0.0,1.0
2056/9/27,11:00,?9?9?9?9E0?9?9?9?9*9?9*9?9?9?9?9?9?9*9*_?9*9*9?9?9,34.3,22.7,51,100650,9999,9999,455,851,679,244,999900,999900,999900,99990,290,0.5,5,5,999.0,999,9,'999999999,0,0.0000,0,88,999.000,0.0,1.0
2056/9/27,12:00,?9?9?9?9E0?9?9?9?9*9?9*9?9?9?9?9?9?9*9*_?9*9*9?9?9,35.4,22.7,48,100550,9999,9999,462,914,651,289,999900,999900,999900,99990,290,0.4,5,5,999.0,999,9,'999999999,0,0.0000,0,88,999.000,0.0,1.0
2056/9/27,13:00,?9?9?9?9E0?9?9?9?9*9?9*9?9?9?9?9?9?9*9*_?9*9*9?9?9,35.2,22.5,48,100450,9999,9999,477,741,354,400,999900,999900,999900,99990,230,0.3,8,8,999.0,999,9,'999999999,0,0.0000,0,88,999.000,0.0,1.0
2056/9/27,14:00,?9?9?9?9E0?9?9?9?9*9?9*9?9?9?9?9?9?9*9*_?9*9*9?9?9,34.8,23.5,52,100350,9999,9999,486,591,227,388,999900,999900,999900,99990,200,0.6,9,9,999.0,999,9,'999999999,0,0.0000,0,88,999.000,0.0,1.0
2056/9/27,15:00,?9?9?9?9E0?9?9?9?9*9?9*9?9?9?9?9?9?9*9*_?9*9*9?9?9,35.3,23.6,51,100250,9999,9999,472,619,431,288,999900,999900,999900,99990,140,1.1,7,7,999.0,999,9,'999999999,0,0.0000,0,88,999.000,0.0,1.0
2056/9/27,16:00,?9?9?9?9E0?9?9?9?9*9?9*9?9?9?9?9?9?9*9*_?9*9*9?9?9,33.9,22.7,52,100250,9999,9999,453,510,558,182,999900,999900,999900,99990,130,1.0,5,5,999.0,999,9,'999999999,0,0.0000,0,88,999.000,0.0,1.0
2056/9/27,17:00,?9?9?9?9E0?9?9?9?9*9?9*9?9?9?9?9?9?9*9*_?9*9*9?9?9,33.1,23.5,57,100150,9999,9999,442,301,470,128,999900,999900,999900,99990,140,1.1,3,3,999.0,999,9,'999999999,0,0.0000,0,88,999.000,0.0,1.0
2056/9/27,18:00,?9?9?9?9E0?9?9?9?9*9?9*9?9?9?9?9?9?9*9*_?9*9*9?9?9,31.7,25.6,70,100250,9999,9999,448,57,102,44,999900,999900,999900,99990,140,0.8,6,6,999.0,999,9,'999999999,0,0.0000,0,88,999.000,0.0,1.0
2056/9/27,19:00,?9?9?9?9E0?9?9?9?9*9?9*9?9?9?9?9?9?9*9*_?9*9*9?9?9,31.1,25.9,74,100350,9999,9999,441,0,0,0,999900,999900,999900,99990,160,0.6,5,5,999.0,999,9,'999999999,0,0.0000,0,88,999.000,0.0,1.0
2056/9/27,20:00,?9?9?9?9E0?9?9?9?9*9?9*9?9?9?9?9?9?9*9*_?9*9*9?9?9,31.1,26.8,78,100450,9999,9999,446,0,0,0,999900,999900,999900,99990,160,0.5,6,6,999.0,999,9,'999999999,0,0.0000,0,88,999.000,0.0,1.0
2056/9/27,21:00,?9?9?9?9E0?9?9?9?9*9?9*9?9?9?9?9?9?9*9*_?9*9*9?9?9,30.8,26.8,79,100550,9999,9999,449,0,0,0,999900,999900,999900,99990,230,0.4,7,7,999.0,999,9,'999999999,0,0.0000,0,88,999.000,0.0,1.0
2056/9/27,22:00,?9?9?9?9E0?9?9?9?9*9?9*9?9?9?9?9?9?9*9*_?9*9*9?9?9,30.7,27.3,82,100550,9999,9999,440,0,0,0,999900,999900,999900,99990,230,0.0,5,5,999.0,999,9,'999999999,0,0.0000,0,88,999.000,0.0,1.0
2056/9/27,23:00,?9?9?9?9E0?9?9?9?9*9?9*9?9?9?9?9?9?9*9*_?9*9*9?9?9,30.7,27.5,83,100550,9999,9999,440,0,0,0,999900,999900,999900,99990,230,0.0,5,5,999.0,999,9,'999999999,0,0.0000,0,88,999.000,0.0,1.0
2056/9/27,24:00,?9?9?9?9E0?9?9?9?9*9?9*9?9?9?9?9?9?9*9*_?9*9*9?9?9,30.7,27.5,83,100650,9999,9999,440,0,0,0,999900,999900,999900,99990,230,0.0,5,5,999.0,999,9,'999999999,0,0.0000,0,88,999.000,0.0,1.0
2056/9/28,01:00,?9?9?9?9E0?9?9?9?9*9?9*9?9?9?9?9?9?9*9*_?9*9*9?9?9,28.9,25.7,83,100550,9999,9999,432,0,0,0,999900,999900,999900,99990,230,0.0,6,6,999.0,999,9,'999999999,0,0.0000,0,88,999.000,5.8,1.0
2056/9/28,02:00,?9?9?9?9E0?9?9?9?9*9?9*9?9?9?9?9?9?9*9*_?9*9*9?9?9,25.8,24.4,92,100650,9999,9999,403,0,0,0,999900,999900,999900,99990,170,2.6,3,3,999.0,999,9,'999999999,0,0.0000,0,88,999.000,59.4,1.0
2056/9/28,03:00,?9?9?9?9E0?9?9?9?9*9?9*9?9?9?9?9?9?9*9*_?9*9*9?9?9,25.6,24.2,92,100550,9999,9999,416,0,0,0,999900,999900,999900,99990,270,0.8,7,7,999.0,999,9,'999999999,0,0.0000,0,88,999.000,18.1,1.0
2056/9/28,04:00,?9?9?9?9E0?9?9?9?9*9?9*9?9?9?9?9?9?9*9*_?9*9*9?9?9,25.4,24.0,92,100450,9999,9999,403,0,0,0,999900,999900,999900,99990,270,2.1,4,4,999.0,999,9,'999999999,0,0.0000,0,88,999.000,0.0,1.0
2056/9/28,05:00,?9?9?9?9E0?9?9?9?9*9?9*9?9?9?9?9?9?9*9*_?9*9*9?9?9,25.2,23.5,90,100550,9999,9999,405,0,0,0,999900,999900,999900,99990,270,1.2,5,5,999.0,999,9,'999999999,0,0.0000,0,88,999.000,0.0,1.0
2056/9/28,06:00,?9?9?9?9E0?9?9?9?9*9?9*9?9?9?9?9?9?9*9*_?9*9*9?9?9,25.5,23.9,91,100550,9999,9999,422,0,0,0,999900,999900,999900,99990,270,0.1,8,8,999.0,999,9,'999999999,0,0.0000,0,88,999.000,0.8,1.0
2056/9/28,07:00,?9?9?9?9E0?9?9?9?9*9?9*9?9?9?9?9?9?9*9*_?9*9*9?9?9,25.5,24.1,92,100550,9999,9999,431,24,10,23,999900,999900,999900,99990,270,0.0,9,9,999.0,999,9,'999999999,0,0.0000,0,88,999.000,2.3,1.0
2056/9/28,08:00,?9?9?9?9E0?9?9?9?9*9?9*9?9?9?9?9?9?9*9*_?9*9*9?9?9,25.8,24.4,92,100750,9999,9999,417,209,130,161,999900,999900,999900,99990,270,0.0,7,7,999.0,999,9,'999999999,0,0.0000,0,88,999.000,2.0,1.0
2056/9/28,09:00,?9?9?9?9E0?9?9?9?9*9?9*9?9?9?9?9?9?9*9*_?9*9*9?9?9,26.1,25.3,95,100850,9999,9999,412,450,363,237,999900,999900,999900,99990,270,0.0,5,5,999.0,999,9,'999999999,0,0.0000,0,88,999.000,2.0,1.0
2056/9/28,10:00,?9?9?9?9E0?9?9?9?9*9?9*9?9?9?9?9?9?9*9*_?9*9*9?9?9,26.3,25.5,95,100950,9999,9999,407,673,536,262,999900,999900,999900,99990,270,0.0,3,3,999.0,999,9,'999999999,0,0.0000,0,88,999.000,1.0,1.0
2056/9/28,11:00,?9?9?9?9E0?9?9?9?9*9?9*9?9?9?9?9?9?9*9*_?9*9*9?9?9,26.8,26.0,95,100450,9999,9999,410,790,538,309,999900,999900,999900,99990,270,0.0,3,3,999.0,999,9,'999999999,0,0.0000,0,88,999.000,1.0,1.0
2056/9/28,12:00,?9?9?9?9E0?9?9?9?9*9?9*9?9?9?9?9?9?9*9*_?9*9*9?9?9,26.9,25.9,94,100350,9999,9999,410,844,498,366,999900,999900,999900,99990,270,0.4,3,3,999.0,999,9,'999999999,0,0.0000,0,88,999.000,0.3,1.0
2056/9/28,13:00,?9?9?9?9E0?9?9?9?9*9?9*9?9?9?9?9?9?9*9*_?9*9*9?9?9,27.1,26.1,94,100650,9999,9999,427,661,248,423,999900,999900,999900,99990,270,0.0,7,7,999.0,999,9,'999999999,0,0.0000,0,88,999.000,0.0,1.0
2056/9/28,14:00,?9?9?9?9E0?9?9?9?9*9?9*9?9?9?9?9?9?9*9*_?9*9*9?9?9,27.3,26.1,93,100650,9999,9999,413,784,508,330,999900,999900,999900,99990,270,0.5,3,3,999.0,999,9,'999999999,0,0.0000,0,88,999.000,0.0,1.0
2056/9/28,15:00,?9?9?9?9E0?9?9?9?9*9?9*9?9?9?9?9?9?9*9*_?9*9*9?9?9,27.2,26.0,93,100550,9999,9999,412,644,462,290,999900,999900,999900,99990,20,0.0,3,3,999.0,999,9,'999999999,0,0.0000,0,88,999.000,0.0,1.0
2056/9/28,16:00,?9?9?9?9E0?9?9?9?9*9?9*9?9?9?9?9?9?9*9*_?9*9*9?9?9,27.3,26.1,93,100350,9999,9999,428,339,160,245,999900,999900,999900,99990,20,0.0,7,7,999.0,999,9,'999999999,0,0.0000,0,88,999.000,0.0,1.0
2056/9/28,17:00,?9?9?9?9E0?9?9?9?9*9?9*9?9?9?9?9?9?9*9*_?9*9*9?9?9,27.3,25.9,92,100350,9999,9999,413,246,220,165,999900,999900,999900,99990,20,0.2,3,3,999.0,999,9,'999999999,0,0.0000,0,88,999.000,0.0,1.0
2056/9/28,18:00,?9?9?9?9E0?9?9?9?9*9?9*9?9?9?9?9?9?9*9*_?9*9*9?9?9,27.4,25.8,91,100450,9999,9999,428,33,23,30,999900,999900,999900,99990,270,0.0,7,7,999.0,999,9,'999999999,0,0.0000,0,88,999.000,0.0,1.0
2056/9/28,19:00,?9?9?9?9E0?9?9?9?9*9?9*9?9?9?9?9?9?9*9*_?9*9*9?9?9,26.9,25.3,91,100450,9999,9999,420,0,0,0,999900,999900,999900,99990,270,0.0,6,6,999.0,999,9,'999999999,0,0.0000,0,88,999.000,0.0,1.0
2056/9/28,20:00,?9?9?9?9E0?9?9?9?9*9?9*9?9?9?9?9?9?9*9*_?9*9*9?9?9,26.8,25.2,91,100550,9999,9999,431,0,0,0,999900,999900,999900,99990,270,0.0,8,8,999.0,999,9,'999999999,0,0.0000,0,88,999.000,0.0,1.0
2056/9/28,21:00,?9?9?9?9E0?9?9?9?9*9?9*9?9?9?9?9?9?9*9*_?9*9*9?9?9,26.4,25.0,92,100650,9999,9999,413,0,0,0,999900,999900,999900,99990,270,0.0,5,5,999.0,999,9,'999999999,0,0.0000,0,88,999.000,0.0,1.0
2056/9/28,22:00,?9?9?9?9E0?9?9?9?9*9?9*9?9?9?9?9?9?9*9*_?9*9*9?9?9,26.4,25.0,92,100650,9999,9999,413,0,0,0,999900,999900,999900,99990,270,0.0,5,5,999.0,999,9,'999999999,0,0.0000,0,88,999.000,0.0,1.0
2056/9/28,23:00,?9?9?9?9E0?9?9?9?9*9?9*9?9?9?9?9?9?9*9*_?9*9*9?9?9,26.4,25.0,92,100650,9999,9999,428,0,0,0,999900,999900,999900,99990,270,0.0,8,8,999.0,999,9,'999999999,0,0.0000,0,88,999.000,0.0,1.0
2056/9/28,24:00,?9?9?9?9E0?9?9?9?9*9?9*9?9?9?9?9?9?9*9*_?9*9*9?9?9,26.1,24.9,93,100650,9999,9999,415,0,0,0,999900,999900,999900,99990,270,0.0,6,6,999.0,999,9,'999999999,0,0.0000,0,88,999.000,0.0,1.0
2056/9/29,01:00,?9?9?9?9E0?9?9?9?9*9?9*9?9?9?9?9?9?9*9*_?9*9*9?9?9,26.1,24.9,93,100550,9999,9999,408,0,0,0,999900,999900,999900,99990,270,0.0,4,4,999.0,999,9,'999999999,0,0.0000,0,88,999.000,0.0,1.0
2056/9/29,02:00,?9?9?9?9E0?9?9?9?9*9?9*9?9?9?9?9?9?9*9*_?9*9*9?9?9,26.0,24.8,93,100550,9999,9999,407,0,0,0,999900,999900,999900,99990,270,0.0,4,4,999.0,999,9,'999999999,0,0.0000,0,88,999.000,0.0,1.0
2056/9/29,03:00,?9?9?9?9E0?9?9?9?9*9?9*9?9?9?9?9?9?9*9*_?9*9*9?9?9,25.8,24.6,93,100550,9999,9999,406,0,0,0,999900,999900,999900,99990,270,0.0,4,4,999.0,999,9,'999999999,0,0.0000,0,88,999.000,0.0,1.0
2056/9/29,04:00,?9?9?9?9E0?9?9?9?9*9?9*9?9?9?9?9?9?9*9*_?9*9*9?9?9,25.8,24.6,93,100550,9999,9999,406,0,0,0,999900,999900,999900,99990,270,0.1,4,4,999.0,999,9,'999999999,0,0.0000,0,88,999.000,0.0,1.0
2056/9/29,05:00,?9?9?9?9E0?9?9?9?9*9?9*9?9?9?9?9?9?9*9*_?9*9*9?9?9,25.8,24.6,93,100550,9999,9999,406,0,0,0,999900,999900,999900,99990,270,0.0,4,4,999.0,999,9,'999999999,0,0.0000,0,88,999.000,0.0,1.0
2056/9/29,06:00,?9?9?9?9E0?9?9?9?9*9?9*9?9?9?9?9?9?9*9*_?9*9*9?9?9,25.9,24.7,93,100650,9999,9999,425,0,0,0,999900,999900,999900,99990,270,0.0,8,8,999.0,999,9,'999999999,0,0.0000,0,88,999.000,0.0,1.0
2056/9/29,07:00,?9?9?9?9E0?9?9?9?9*9?9*9?9?9?9?9?9?9*9*_?9*9*9?9?9,26.4,25.2,93,100750,9999,9999,410,66,149,48,999900,999900,999900,99990,270,0.0,4,4,999.0,999,9,'999999999,0,0.0000,0,88,999.000,0.0,1.0
2056/9/29,08:00,?9?9?9?9E0?9?9?9?9*9?9*9?9?9?9?9?9?9*9*_?9*9*9?9?9,27.8,26.6,93,100850,9999,9999,420,265,335,142,999900,999900,999900,99990,270,0.0,4,4,999.0,999,9,'999999999,0,0.0000,0,88,999.000,0.0,1.0
2056/9/29,09:00,?9?9?9?9E0?9?9?9?9*9?9*9?9?9?9?9?9?9*9*_?9*9*9?9?9,29.4,25.6,80,100750,9999,9999,431,473,461,202,999900,999900,999900,99990,260,0.5,5,5,999.0,999,9,'999999999,0,0.0000,0,88,999.000,0.0,1.0
2056/9/29,10:00,?9?9?9?9E0?9?9?9?9*9?9*9?9?9?9?9?9?9*9*_?9*9*9?9?9,30.4,25.5,75,100750,9999,9999,436,656,532,249,999900,999900,999900,99990,250,0.0,5,5,999.0,999,9,'999999999,0,0.0000,0,88,999.000,0.0,1.0
2056/9/29,11:00,?9?9?9?9E0?9?9?9?9*9?9*9?9?9?9?9?9?9*9*_?9*9*9?9?9,31.5,25.6,71,100750,9999,9999,443,784,557,287,999900,999900,999900,99990,250,0.0,5,5,999.0,999,9,'999999999,0,0.0000,0,88,999.000,0.0,1.0
2056/9/29,12:00,?9?9?9?9E0?9?9?9?9*9?9*9?9?9?9?9?9?9*9*_?9*9*9?9?9,32.7,23.9,60,100650,9999,9999,447,872,600,297,999900,999900,999900,99990,250,0.0,5,5,999.0,999,9,'999999999,0,0.0000,0,88,999.000,0.0,1.0
2056/9/29,13:00,?9?9?9?9E0?9?9?9?9*9?9*9?9?9?9?9?9?9*9*_?9*9*9?9?9,33.3,24.5,60,100550,9999,9999,452,883,629,281,999900,999900,999900,99990,250,0.1,5,5,999.0,999,9,'999999999,0,0.0000,0,88,999.000,0.0,1.0
2056/9/29,14:00,?9?9?9?9E0?9?9?9?9*9?9*9?9?9?9?9?9?9*9*_?9*9*9?9?9,33.0,26.1,67,100450,9999,9999,445,861,716,223,999900,999900,999900,99990,140,0.4,3,3,999.0,999,9,'999999999,0,0.0000,0,88,999.000,0.0,1.0
2056/9/29,15:00,?9?9?9?9E0?9?9?9?9*9?9*9?9?9?9?9?9?9*9*_?9*9*9?9?9,31.9,25.0,67,100350,9999,9999,437,723,702,187,999900,999900,999900,99990,140,0.8,3,3,999.0,999,9,'999999999,0,0.0000,0,88,999.000,0.0,1.0
2056/9/29,16:00,?9?9?9?9E0?9?9?9?9*9?9*9?9?9?9?9?9?9*9*_?9*9*9?9?9,31.9,25.3,68,100350,9999,9999,433,525,628,159,999900,999900,999900,99990,110,0.7,2,2,999.0,999,9,'999999999,0,0.0000,0,88,999.000,0.0,1.0
2056/9/29,17:00,?9?9?9?9E0?9?9?9?9*9?9*9?9?9?9?9?9?9*9*_?9*9*9?9?9,31.1,25.2,71,100350,9999,9999,437,265,363,133,999900,999900,999900,99990,150,0.7,4,4,999.0,999,9,'999999999,0,0.0000,0,88,999.000,0.0,1.0
2056/9/29,18:00,?9?9?9?9E0?9?9?9?9*9?9*9?9?9?9?9?9?9*9*_?9*9*9?9?9,30.1,24.7,73,100350,9999,9999,427,66,170,46,999900,999900,999900,99990,120,0.5,3,3,999.0,999,9,'999999999,0,0.0000,0,88,999.000,0.0,1.0
2056/9/29,19:00,?9?9?9?9E0?9?9?9?9*9?9*9?9?9?9?9?9?9*9*_?9*9*9?9?9,29.6,25.4,78,100450,9999,9999,425,0,0,0,999900,999900,999900,99990,140,0.0,3,3,999.0,999,9,'999999999,0,0.0000,0,88,999.000,0.0,1.0
2056/9/29,20:00,?9?9?9?9E0?9?9?9?9*9?9*9?9?9?9?9?9?9*9*_?9*9*9?9?9,29.4,26.0,82,100550,9999,9999,428,0,0,0,999900,999900,999900,99990,140,0.0,4,4,999.0,999,9,'999999999,0,0.0000,0,88,999.000,0.0,1.0
2056/9/29,21:00,?9?9?9?9E0?9?9?9?9*9?9*9?9?9?9?9?9?9*9*_?9*9*9?9?9,29.3,26.1,83,100650,9999,9999,434,0,0,0,999900,999900,999900,99990,140,0.0,6,6,999.0,999,9,'999999999,0,0.0000,0,88,999.000,0.0,1.0
2056/9/29,22:00,?9?9?9?9E0?9?9?9?9*9?9*9?9?9?9?9?9?9*9*_?9*9*9?9?9,29.3,26.1,83,100650,9999,9999,427,0,0,0,999900,999900,999900,99990,140,0.0,4,4,999.0,999,9,'999999999,0,0.0000,0,88,999.000,0.0,1.0
2056/9/29,23:00,?9?9?9?9E0?9?9?9?9*9?9*9?9?9?9?9?9?9*9*_?9*9*9?9?9,29.0,25.8,83,100650,9999,9999,422,0,0,0,999900,999900,999900,99990,140,0.0,3,3,999.0,999,9,'999999999,0,0.0000,0,88,999.000,0.0,1.0
2056/9/29,24:00,?9?9?9?9E0?9?9?9?9*9?9*9?9?9?9?9?9?9*9*_?9*9*9?9?9,28.9,26.1,85,100650,9999,9999,422,0,0,0,999900,999900,999900,99990,140,0.0,3,3,999.0,999,9,'999999999,0,0.0000,0,88,999.000,0.0,1.0
2056/9/30,01:00,?9?9?9?9E0?9?9?9?9*9?9*9?9?9?9?9?9?9*9*_?9*9*9?9?9,28.7,25.7,84,100550,9999,9999,424,0,0,0,999900,999900,999900,99990,180,0.0,4,4,999.0,999,9,'999999999,0,0.0000,0,88,999.000,0.0,1.0
2056/9/30,02:00,?9?9?9?9E0?9?9?9?9*9?9*9?9?9?9?9?9?9*9*_?9*9*9?9?9,28.7,26.5,88,100550,9999,9999,421,0,0,0,999900,999900,999900,99990,180,0.0,3,3,999.0,999,9,'999999999,0,0.0000,0,88,999.000,0.0,1.0
2056/9/30,03:00,?9?9?9?9E0?9?9?9?9*9?9*9?9?9?9?9?9?9*9*_?9*9*9?9?9,27.0,25.4,91,100550,9999,9999,410,0,0,0,999900,999900,999900,99990,180,0.0,3,3,999.0,999,9,'999999999,0,0.0000,0,88,999.000,7.5,1.0
2056/9/30,04:00,?9?9?9?9E0?9?9?9?9*9?9*9?9?9?9?9?9?9*9*_?9*9*9?9?9,27.2,25.6,91,100550,9999,9999,443,0,0,0,999900,999900,999900,99990,180,0.0,9,9,999.0,999,9,'999999999,0,0.0000,0,88,999.000,0.6,1.0
2056/9/30,05:00,?9?9?9?9E0?9?9?9?9*9?9*9?9?9?9?9?9?9*9*_?9*9*9?9?9,27.1,25.5,91,100650,9999,9999,442,0,0,0,999900,999900,999900,99990,180,0.0,9,9,999.0,999,9,'999999999,0,0.0000,0,88,999.000,1.5,1.0
2056/9/30,06:00,?9?9?9?9E0?9?9?9?9*9?9*9?9?9?9?9?9?9*9*_?9*9*9?9?9,27.1,25.5,91,100750,9999,9999,442,0,0,0,999900,999900,999900,99990,180,0.0,9,9,999.0,999,9,'999999999,0,0.0000,0,88,999.000,0.0,1.0
2056/9/30,07:00,?9?9?9?9E0?9?9?9?9*9?9*9?9?9?9?9?9?9*9*_?9*9*9?9?9,27.5,25.9,91,100750,9999,9999,436,36,28,33,999900,999900,999900,99990,180,0.0,8,8,999.0,999,9,'999999999,0,0.0000,0,88,999.000,0.0,1.0
2056/9/30,08:00,?9?9?9?9E0?9?9?9?9*9?9*9?9?9?9?9?9?9*9*_?9*9*9?9?9,28.5,26.7,90,100850,9999,9999,431,234,208,158,999900,999900,999900,99990,180,0.0,6,6,999.0,999,9,'999999999,0,0.0000,0,88,999.000,0.0,1.0
2056/9/30,09:00,?9?9?9?9E0?9?9?9?9*9?9*9?9?9?9?9?9?9*9*_?9*9*9?9?9,30.0,26.6,82,100850,9999,9999,435,469,438,212,999900,999900,999900,99990,180,0.0,5,5,999.0,999,9,'999999999,0,0.0000,0,88,999.000,0.0,1.0
2056/9/30,10:00,?9?9?9?9E0?9?9?9?9*9?9*9?9?9?9?9?9?9*9*_?9*9*9?9?9,31.8,26.4,73,100850,9999,9999,442,692,603,231,999900,999900,999900,99990,180,0.3,4,4,999.0,999,9,'999999999,0,0.0000,0,88,999.000,0.0,1.0
2056/9/30,11:00,?9?9?9?9E0?9?9?9?9*9?9*9?9?9?9?9?9?9*9*_?9*9*9?9?9,32.4,26.7,72,100850,9999,9999,446,819,622,265,999900,999900,999900,99990,180,0.4,4,4,999.0,999,9,'999999999,0,0.0000,0,88,999.000,0.0,1.0
2056/9/30,12:00,?9?9?9?9E0?9?9?9?9*9?9*9?9?9?9?9?9?9*9*_?9*9*9?9?9,33.3,27.3,71,100750,9999,9999,449,905,639,294,999900,999900,999900,99990,120,0.3,3,3,999.0,999,9,'999999999,0,0.0000,0,88,999.000,0.0,1.0
2056/9/30,13:00,?9?9?9?9E0?9?9?9?9*9?9*9?9?9?9?9?9?9*9*_?9*9*9?9?9,33.5,27.5,71,100650,9999,9999,466,737,371,383,999900,999900,999900,99990,140,0.8,7,7,999.0,999,9,'999999999,0,0.0000,0,88,999.000,0.0,1.0
2056/9/30,14:00,?9?9?9?9E0?9?9?9?9*9?9*9?9?9?9?9?9?9*9*_?9*9*9?9?9,33.4,26.9,69,100550,9999,9999,460,742,472,323,999900,999900,999900,99990,140,0.8,6,6,999.0,999,9,'999999999,0,0.0000,0,88,999.000,0.0,1.0
2056/9/30,15:00,?9?9?9?9E0?9?9?9?9*9?9*9?9?9?9?9?9?9*9*_?9*9*9?9?9,33.1,26.4,68,100550,9999,9999,450,691,612,225,999900,999900,999900,99990,110,0.8,4,4,999.0,999,9,'999999999,0,0.0000,0,88,999.000,0.0,1.0
2056/9/30,16:00,?9?9?9?9E0?9?9?9?9*9?9*9?9?9?9?9?9?9*9*_?9*9*9?9?9,32.8,25.1,64,100450,9999,9999,446,499,547,182,999900,999900,999900,99990,110,0.8,4,4,999.0,999,9,'999999999,0,0.0000,0,88,999.000,0.0,1.0
2056/9/30,17:00,?9?9?9?9E0?9?9?9?9*9?9*9?9?9?9?9?9?9*9*_?9*9*9?9?9,32.0,26.6,73,100450,9999,9999,443,259,330,140,999900,999900,999900,99990,110,0.6,4,4,999.0,999,9,'999999999,0,0.0000,0,88,999.000,0.0,1.0
2056/9/30,18:00,?9?9?9?9E0?9?9?9?9*9?9*9?9?9?9?9?9?9*9*_?9*9*9?9?9,30.9,27.3,81,100450,9999,9999,438,56,110,44,999900,999900,999900,99990,160,0.2,4,4,999.0,999,9,'999999999,0,0.0000,0,88,999.000,0.0,1.0
2056/9/30,19:00,?9?9?9?9E0?9?9?9?9*9?9*9?9?9?9?9?9?9*9*_?9*9*9?9?9,30.2,27.2,84,100550,9999,9999,434,0,0,0,999900,999900,999900,99990,160,0.3,4,4,999.0,999,9,'999999999,0,0.0000,0,88,999.000,0.0,1.0
2056/9/30,20:00,?9?9?9?9E0?9?9?9?9*9?9*9?9?9?9?9?9?9*9*_?9*9*9?9?9,29.9,27.5,87,100550,9999,9999,433,0,0,0,999900,999900,999900,99990,160,0.2,4,4,999.0,999,9,'999999999,0,0.0000,0,88,999.000,0.0,1.0
2056/9/30,21:00,?9?9?9?9E0?9?9?9?9*9?9*9?9?9?9?9?9?9*9*_?9*9*9?9?9,29.9,27.5,87,100650,9999,9999,429,0,0,0,999900,999900,999900,99990,180,0.2,3,3,999.0,999,9,'999999999,0,0.0000,0,88,999.000,0.0,1.0
2056/9/30,22:00,?9?9?9?9E0?9?9?9?9*9?9*9?9?9?9?9?9?9*9*_?9*9*9?9?9,29.8,27.0,85,100650,9999,9999,431,0,0,0,999900,999900,999900,99990,180,0.1,4,4,999.0,999,9,'999999999,0,0.0000,0,88,999.000,0.0,1.0
2056/9/30,23:00,?9?9?9?9E0?9?9?9?9*9?9*9?9?9?9?9?9?9*9*_?9*9*9?9?9,29.7,26.1,81,100750,9999,9999,430,0,0,0,999900,999900,999900,99990,180,0.0,4,4,999.0,999,9,'999999999,0,0.0000,0,88,999.000,0.0,1.0
2056/9/30,24:00,?9?9?9?9E0?9?9?9?9*9?9*9?9?9?9?9?9?9*9*_?9*9*9?9?9,29.3,27.1,88,100750,9999,9999,432,0,0,0,999900,999900,999900,99990,180,0.0,5,5,999.0,999,9,'999999999,0,0.0000,0,88,999.000,0.0,1.0
2056/10/1,01:00,?9?9?9?9E0?9?9?9?9*9?9*9?9?9?9?9?9?9*9*_?9*9*9?9?9,29.2,27.2,89,100750,9999,9999,431,0,0,0,999900,999900,999900,99990,360,0.0,5,5,999.0,999,9,'999999999,0,0.0000,0,88,999.000,0.0,1.0
2056/10/1,02:00,?9?9?9?9E0?9?9?9?9*9?9*9?9?9?9?9?9?9*9*_?9*9*9?9?9,29.2,27.0,88,100650,9999,9999,435,0,0,0,999900,999900,999900,99990,360,0.0,6,6,999.0,999,9,'999999999,0,0.0000,0,88,999.000,0.0,1.0
2056/10/1,03:00,?9?9?9?9E0?9?9?9?9*9?9*9?9?9?9?9?9?9*9*_?9*9*9?9?9,28.8,27.4,92,100650,9999,9999,433,0,0,0,999900,999900,999900,99990,230,0.3,6,6,999.0,999,9,'999999999,0,0.0000,0,88,999.000,0.0,1.0
2056/10/1,04:00,?9?9?9?9E0?9?9?9?9*9?9*9?9?9?9?9?9?9*9*_?9*9*9?9?9,28.4,26.0,87,100650,9999,9999,434,0,0,0,999900,999900,999900,99990,230,0.0,7,7,999.0,999,9,'999999999,0,0.0000,0,88,999.000,0.0,1.0
2056/10/1,05:00,?9?9?9?9E0?9?9?9?9*9?9*9?9?9?9?9?9?9*9*_?9*9*9?9?9,28.4,26.2,88,100650,9999,9999,441,0,0,0,999900,999900,999900,99990,230,0.0,8,8,999.0,999,9,'999999999,0,0.0000,0,88,999.000,0.0,1.0
2056/10/1,06:00,?9?9?9?9E0?9?9?9?9*9?9*9?9?9?9?9?9?9*9*_?9*9*9?9?9,28.0,27.0,94,100750,9999,9999,440,0,0,0,999900,999900,999900,99990,320,0.2,8,8,999.0,999,9,'999999999,0,0.0000,0,88,999.000,0.0,1.0
2056/10/1,07:00,?9?9?9?9E0?9?9?9?9*9?9*9?9?9?9?9?9?9*9*_?9*9*9?9?9,28.3,25.8,86,100850,9999,9999,440,36,17,34,999900,999900,999900,99990,320,0.5,8,8,999.0,999,9,'999999999,0,0.0000,0,88,999.000,0.0,1.0
2056/10/1,08:00,?9?9?9?9E0?9?9?9?9*9?9*9?9?9?9?9?9?9*9*_?9*9*9?9?9,29.0,26.4,86,100950,9999,9999,445,159,43,143,999900,999900,999900,99990,320,0.1,8,8,999.0,999,9,'999999999,0,0.0000,0,88,999.000,0.0,1.0
2056/10/1,09:00,?9?9?9?9E0?9?9?9?9*9?9*9?9?9?9?9?9?9*9*_?9*9*9?9?9,30.5,29.1,92,101050,9999,9999,458,283,61,247,999900,999900,999900,99990,230,0.1,8,8,999.0,999,9,'999999999,0,0.0000,0,88,999.000,0.3,1.0
2056/10/1,10:00,?9?9?9?9E0?9?9?9?9*9?9*9?9?9?9?9?9?9*9*_?9*9*9?9?9,31.8,26.1,72,100950,9999,9999,462,452,112,366,999900,999900,999900,99990,230,0.0,8,8,999.0,999,9,'999999999,0,0.0000,0,88,999.000,0.1,1.0
2056/10/1,11:00,?9?9?9?9E0?9?9?9?9*9?9*9?9?9?9?9?9?9*9*_?9*9*9?9?9,32.8,25.4,65,100950,9999,9999,467,574,151,440,999900,999900,999900,99990,230,0.4,8,8,999.0,999,9,'999999999,0,0.0000,0,88,999.000,0.0,1.0
2056/10/1,12:00,?9?9?9?9E0?9?9?9?9*9?9*9?9?9?9?9?9?9*9*_?9*9*9?9?9,33.2,22.3,53,100850,9999,9999,465,684,210,484,999900,999900,999900,99990,50,1.1,8,8,999.0,999,9,'999999999,0,0.0000,0,88,999.000,0.0,1.0
2056/10/1,13:00,?9?9?9?9E0?9?9?9?9*9?9*9?9?9?9?9?9?9*9*_?9*9*9?9?9,32.8,23.7,59,100750,9999,9999,464,667,196,480,999900,999900,999900,99990,50,0.5,8,8,999.0,999,9,'999999999,0,0.0000,0,88,999.000,0.0,1.0
2056/10/1,14:00,?9?9?9?9E0?9?9?9?9*9?9*9?9?9?9?9?9?9*9*_?9*9*9?9?9,31.8,25.2,68,100650,9999,9999,460,586,166,439,999900,999900,999900,99990,50,0.8,8,8,999.0,999,9,'999999999,0,0.0000,0,88,999.000,0.0,1.0
2056/10/1,15:00,?9?9?9?9E0?9?9?9?9*9?9*9?9?9?9?9?9?9*9*_?9*9*9?9?9,31.3,27.2,79,100550,9999,9999,460,451,117,362,999900,999900,999900,99990,270,0.1,8,8,999.0,999,9,'999999999,0,0.0000,0,88,999.000,0.4,1.0
2056/10/1,16:00,?9?9?9?9E0?9?9?9?9*9?9*9?9?9?9?9?9?9*9*_?9*9*9?9?9,29.8,26.2,81,100550,9999,9999,459,266,53,235,999900,999900,999900,99990,270,0.0,9,9,999.0,999,9,'999999999,0,0.0000,0,88,999.000,0.0,1.0
2056/10/1,17:00,?9?9?9?9E0?9?9?9?9*9?9*9?9?9?9?9?9?9*9*_?9*9*9?9?9,30.3,26.7,81,100550,9999,9999,463,132,29,122,999900,999900,999900,99990,270,0.0,9,9,999.0,999,9,'999999999,0,0.0000,0,88,999.000,0.0,1.0
2056/10/1,18:00,?9?9?9?9E0?9?9?9?9*9?9*9?9?9?9?9?9?9*9*_?9*9*9?9?9,30.3,25.6,76,100650,9999,9999,462,34,18,32,999900,999900,999900,99990,90,0.6,9,9,999.0,999,9,'999999999,0,0.0000,0,88,999.000,0.0,1.0
2056/10/1,19:00,?9?9?9?9E0?9?9?9?9*9?9*9?9?9?9?9?9?9*9*_?9*9*9?9?9,30.3,25.8,77,100650,9999,9999,462,0,0,0,999900,999900,999900,99990,90,0.0,9,9,999.0,999,9,'999999999,0,0.0000,0,88,999.000,0.0,1.0
2056/10/1,20:00,?9?9?9?9E0?9?9?9?9*9?9*9?9?9?9?9?9?9*9*_?9*9*9?9?9,29.8,26.6,83,100750,9999,9999,460,0,0,0,999900,999900,999900,99990,90,0.0,9,9,999.0,999,9,'999999999,0,0.0000,0,88,999.000,0.0,1.0
2056/10/1,21:00,?9?9?9?9E0?9?9?9?9*9?9*9?9?9?9?9?9?9*9*_?9*9*9?9?9,29.3,26.9,87,100850,9999,9999,457,0,0,0,999900,999900,999900,99990,90,0.0,9,9,999.0,999,9,'999999999,0,0.0000,0,88,999.000,0.0,1.0
2056/10/1,22:00,?9?9?9?9E0?9?9?9?9*9?9*9?9?9?9?9?9?9*9*_?9*9*9?9?9,29.3,27.1,88,100850,9999,9999,448,0,0,0,999900,999900,999900,99990,90,0.0,8,8,999.0,999,9,'999999999,0,0.0000,0,88,999.000,0.0,1.0
2056/10/1,23:00,?9?9?9?9E0?9?9?9?9*9?9*9?9?9?9?9?9?9*9*_?9*9*9?9?9,29.1,27.1,89,100850,9999,9999,447,0,0,0,999900,999900,999900,99990,90,0.0,8,8,999.0,999,9,'999999999,0,0.0000,0,88,999.000,0.0,1.0
2056/10/1,24:00,?9?9?9?9E0?9?9?9?9*9?9*9?9?9?9?9?9?9*9*_?9*9*9?9?9,28.5,27.3,93,100750,9999,9999,443,0,0,0,999900,999900,999900,99990,90,0.0,8,8,999.0,999,9,'999999999,0,0.0000,0,88,999.000,0.0,1.0
2056/10/2,01:00,?9?9?9?9E0?9?9?9?9*9?9*9?9?9?9?9?9?9*9*_?9*9*9?9?9,28.3,27.4,95,100750,9999,9999,435,0,0,0,999900,999900,999900,99990,90,0.0,7,7,999.0,999,9,'999999999,0,0.0000,0,88,999.000,0.0,1.0
2056/10/2,02:00,?9?9?9?9E0?9?9?9?9*9?9*9?9?9?9?9?9?9*9*_?9*9*9?9?9,28.1,27.2,95,100650,9999,9999,429,0,0,0,999900,999900,999900,99990,90,0.2,6,6,999.0,999,9,'999999999,0,0.0000,0,88,999.000,0.0,1.0
2056/10/2,03:00,?9?9?9?9E0?9?9?9?9*9?9*9?9?9?9?9?9?9*9*_?9*9*9?9?9,27.9,27.2,96,100550,9999,9999,424,0,0,0,999900,999900,999900,99990,90,0.3,5,5,999.0,999,9,'999999999,0,0.0000,0,88,999.000,0.0,1.0
2056/10/2,04:00,?9?9?9?9E0?9?9?9?9*9?9*9?9?9?9?9?9?9*9*_?9*9*9?9?9,27.9,27.2,96,100550,9999,9999,424,0,0,0,999900,999900,999900,99990,90,0.2,5,5,999.0,999,9,'999999999,0,0.0000,0,88,999.000,0.0,1.0
2056/10/2,05:00,?9?9?9?9E0?9?9?9?9*9?9*9?9?9?9?9?9?9*9*_?9*9*9?9?9,27.4,26.7,96,100550,9999,9999,421,0,0,0,999900,999900,999900,99990,90,0.0,5,5,999.0,999,9,'999999999,0,0.0000,0,88,999.000,0.0,1.0
2056/10/2,06:00,?9?9?9?9E0?9?9?9?9*9?9*9?9?9?9?9?9?9*9*_?9*9*9?9?9,27.4,26.7,96,100650,9999,9999,421,0,0,0,999900,999900,999900,99990,270,0.0,5,5,999.0,999,9,'999999999,0,0.0000,0,88,999.000,0.0,1.0
2056/10/2,07:00,?9?9?9?9E0?9?9?9?9*9?9*9?9?9?9?9?9?9*9*_?9*9*9?9?9,27.9,27.0,95,100650,9999,9999,424,55,60,48,999900,999900,999900,99990,270,0.0,5,5,999.0,999,9,'999999999,0,0.0000,0,88,999.000,0.0,1.0
2056/10/2,08:00,?9?9?9?9E0?9?9?9?9*9?9*9?9?9?9?9?9?9*9*_?9*9*9?9?9,29.8,25.8,79,100850,9999,9999,433,232,163,172,999900,999900,999900,99990,270,0.3,5,5,999.0,999,9,'999999999,0,0.0000,0,88,999.000,0.0,1.0
2056/10/2,09:00,?9?9?9?9E0?9?9?9?9*9?9*9?9?9?9?9?9?9*9*_?9*9*9?9?9,31.0,25.4,72,100850,9999,9999,439,428,264,274,999900,999900,999900,99990,270,0.4,5,5,999.0,999,9,'999999999,0,0.0000,0,88,999.000,0.0,1.0
2056/10/2,10:00,?9?9?9?9E0?9?9?9?9*9?9*9?9?9?9?9?9?9*9*_?9*9*9?9?9,32.0,24.4,64,100850,9999,9999,448,575,274,366,999900,999900,999900,99990,270,0.6,6,6,999.0,999,9,'999999999,0,0.0000,0,88,999.000,0.0,1.0
2056/10/2,11:00,?9?9?9?9E0?9?9?9?9*9?9*9?9?9?9?9?9?9*9*_?9*9*9?9?9,32.2,24.3,63,100850,9999,9999,461,585,160,442,999900,999900,999900,99990,270,0.2,8,8,999.0,999,9,'999999999,0,0.0000,0,88,999.000,0.0,1.0
2056/10/2,12:00,?9?9?9?9E0?9?9?9?9*9?9*9?9?9?9?9?9?9*9*_?9*9*9?9?9,32.5,24.6,63,100750,9999,9999,474,574,106,473,999900,999900,999900,99990,90,0.3,9,9,999.0,999,9,'999999999,0,0.0000,0,88,999.000,5.4,1.0
2056/10/2,13:00,?9?9?9?9E0?9?9?9?9*9?9*9?9?9?9?9?9?9*9*_?9*9*9?9?9,25.3,25.0,98,100650,9999,9999,431,509,69,444,999900,999900,999900,99990,90,1.6,9,9,999.0,999,9,'999999999,0,0.0000,0,88,999.000,5.4,1.0
2056/10/2,14:00,?9?9?9?9E0?9?9?9?9*9?9*9?9?9?9?9?9?9*9*_?9*9*9?9?9,26.6,26.1,97,100450,9999,9999,440,443,57,392,999900,999900,999900,99990,90,0.0,9,9,999.0,999,9,'999999999,0,0.0000,0,88,999.000,5.4,1.0
2056/10/2,15:00,?9?9?9?9E0?9?9?9?9*9?9*9?9?9?9?9?9?9*9*_?9*9*9?9?9,28.5,27.3,93,100450,9999,9999,453,361,51,322,999900,999900,999900,99990,320,0.8,9,9,999.0,999,9,'999999999,0,0.0000,0,88,999.000,0.0,1.0
2056/10/2,16:00,?9?9?9?9E0?9?9?9?9*9?9*9?9?9?9?9?9?9*9*_?9*9*9?9?9,28.8,26.2,86,100350,9999,9999,453,234,34,215,999900,999900,999900,99990,320,0.6,9,9,999.0,999,9,'999999999,0,0.0000,0,88,999.000,0.0,1.0
2056/10/2,17:00,?9?9?9?9E0?9?9?9?9*9?9*9?9?9?9?9?9?9*9*_?9*9*9?9?9,28.5,26.1,87,100350,9999,9999,451,116,19,109,999900,999900,999900,99990,320,0.2,9,9,999.0,999,9,'999999999,0,0.0000,0,88,999.000,0.0,1.0
2056/10/2,18:00,?9?9?9?9E0?9?9?9?9*9?9*9?9?9?9?9?9?9*9*_?9*9*9?9?9,28.5,26.7,90,100450,9999,9999,452,26,10,25,999900,999900,999900,99990,320,0.0,9,9,999.0,999,9,'999999999,0,0.0000,0,88,999.000,0.0,1.0
2056/10/2,19:00,?9?9?9?9E0?9?9?9?9*9?9*9?9?9?9?9?9?9*9*_?9*9*9?9?9,28.1,26.3,90,100450,9999,9999,440,0,0,0,999900,999900,999900,99990,320,0.0,8,8,999.0,999,9,'999999999,0,0.0000,0,88,999.000,0.0,1.0
2056/10/2,20:00,?9?9?9?9E0?9?9?9?9*9?9*9?9?9?9?9?9?9*9*_?9*9*9?9?9,27.7,26.5,93,100550,9999,9999,431,0,0,0,999900,999900,999900,99990,320,0.0,7,7,999.0,999,9,'999999999,0,0.0000,0,88,999.000,0.0,1.0
2056/10/2,21:00,?9?9?9?9E0?9?9?9?9*9?9*9?9?9?9?9?9?9*9*_?9*9*9?9?9,27.6,26.4,93,100650,9999,9999,421,0,0,0,999900,999900,999900,99990,140,1.0,5,5,999.0,999,9,'999999999,0,0.0000,0,88,999.000,0.0,1.0
2056/10/2,22:00,?9?9?9?9E0?9?9?9?9*9?9*9?9?9?9?9?9?9*9*_?9*9*9?9?9,27.6,26.6,94,100650,9999,9999,422,0,0,0,999900,999900,999900,99990,140,0.8,5,5,999.0,999,9,'999999999,0,0.0000,0,88,999.000,0.0,1.0
2056/10/2,23:00,?9?9?9?9E0?9?9?9?9*9?9*9?9?9?9?9?9?9*9*_?9*9*9?9?9,27.3,26.1,93,100650,9999,9999,419,0,0,0,999900,999900,999900,99990,140,0.3,5,5,999.0,999,9,'999999999,0,0.0000,0,88,999.000,0.0,1.0
2056/10/2,24:00,?9?9?9?9E0?9?9?9?9*9?9*9?9?9?9?9?9?9*9*_?9*9*9?9?9,27.1,25.9,93,100650,9999,9999,418,0,0,0,999900,999900,999900,99990,230,0.2,5,5,999.0,999,9,'999999999,0,0.0000,0,88,999.000,0.0,1.0
2056/10/3,01:00,?9?9?9?9E0?9?9?9?9*9?9*9?9?9?9?9?9?9*9*_?9*9*9?9?9,27.1,26.1,94,100650,9999,9999,422,0,0,0,999900,999900,999900,99990,230,0.0,6,6,999.0,999,9,'999999999,0,0.0000,0,88,999.000,0.0,1.0
2056/10/3,02:00,?9?9?9?9E0?9?9?9?9*9?9*9?9?9?9?9?9?9*9*_?9*9*9?9?9,27.1,26.1,94,100550,9999,9999,427,0,0,0,999900,999900,999900,99990,230,0.0,7,7,999.0,999,9,'999999999,0,0.0000,0,88,999.000,0.0,1.0
2056/10/3,03:00,?9?9?9?9E0?9?9?9?9*9?9*9?9?9?9?9?9?9*9*_?9*9*9?9?9,27.1,26.2,95,100550,9999,9999,427,0,0,0,999900,999900,999900,99990,230,0.0,7,7,999.0,999,9,'999999999,0,0.0000,0,88,999.000,0.0,1.0
2056/10/3,04:00,?9?9?9?9E0?9?9?9?9*9?9*9?9?9?9?9?9?9*9*_?9*9*9?9?9,26.9,26.0,95,100550,9999,9999,426,0,0,0,999900,999900,999900,99990,230,0.0,7,7,999.0,999,9,'999999999,0,0.0000,0,88,999.000,0.0,1.0
2056/10/3,05:00,?9?9?9?9E0?9?9?9?9*9?9*9?9?9?9?9?9?9*9*_?9*9*9?9?9,26.6,25.6,94,100550,9999,9999,423,0,0,0,999900,999900,999900,99990,230,0.0,7,7,999.0,999,9,'999999999,0,0.0000,0,88,999.000,0.0,1.0
2056/10/3,06:00,?9?9?9?9E0?9?9?9?9*9?9*9?9?9?9?9?9?9*9*_?9*9*9?9?9,26.6,25.8,95,100650,9999,9999,419,0,0,0,999900,999900,999900,99990,230,0.0,6,6,999.0,999,9,'999999999,0,0.0000,0,88,999.000,0.0,1.0
2056/10/3,07:00,?9?9?9?9E0?9?9?9?9*9?9*9?9?9?9?9?9?9*9*_?9*9*9?9?9,26.6,25.8,95,100650,9999,9999,419,48,34,44,999900,999900,999900,99990,230,0.0,6,6,999.0,999,9,'999999999,0,0.0000,0,88,999.000,0.0,1.0
2056/10/3,08:00,?9?9?9?9E0?9?9?9?9*9?9*9?9?9?9?9?9?9*9*_?9*9*9?9?9,27.6,26.4,93,100750,9999,9999,430,177,58,156,999900,999900,999900,99990,230,0.6,7,7,999.0,999,9,'999999999,0,0.0000,0,88,999.000,0.0,1.0
2056/10/3,09:00,?9?9?9?9E0?9?9?9?9*9?9*9?9?9?9?9?9?9*9*_?9*9*9?9?9,29.7,26.7,84,100750,9999,9999,450,297,64,260,999900,999900,999900,99990,270,0.5,8,8,999.0,999,9,'999999999,0,0.0000,0,88,999.000,0.0,1.0
2056/10/3,10:00,?9?9?9?9E0?9?9?9?9*9?9*9?9?9?9?9?9?9*9*_?9*9*9?9?9,30.7,25.8,75,100750,9999,9999,464,379,57,336,999900,999900,999900,99990,270,1.0,9,9,999.0,999,9,'999999999,0,0.0000,0,88,999.000,0.0,1.0
2056/10/3,11:00,?9?9?9?9E0?9?9?9?9*9?9*9?9?9?9?9?9?9*9*_?9*9*9?9?9,32.2,24.8,65,100650,9999,9999,472,494,77,426,999900,999900,999900,99990,270,0.7,9,9,999.0,999,9,'999999999,0,0.0000,0,88,999.000,0.0,1.0
2056/10/3,12:00,?9?9?9?9E0?9?9?9?9*9?9*9?9?9?9?9?9?9*9*_?9*9*9?9?9,32.7,25.0,64,100550,9999,9999,475,563,92,475,999900,999900,999900,99990,320,0.6,9,9,999.0,999,9,'999999999,0,0.0000,0,88,999.000,0.0,1.0
2056/10/3,13:00,?9?9?9?9E0?9?9?9?9*9?9*9?9?9?9?9?9?9*9*_?9*9*9?9?9,33.1,25.1,63,100450,9999,9999,478,562,93,473,999900,999900,999900,99990,320,0.3,9,9,999.0,999,9,'999999999,0,0.0000,0,88,999.000,0.0,1.0
2056/10/3,14:00,?9?9?9?9E0?9?9?9?9*9?9*9?9?9?9?9?9?9*9*_?9*9*9?9?9,32.2,25.8,69,100350,9999,9999,473,501,85,426,999900,999900,999900,99990,320,1.1,9,9,999.0,999,9,'999999999,0,0.0000,0,88,999.000,0.0,1.0
2056/10/3,15:00,?9?9?9?9E0?9?9?9?9*9?9*9?9?9?9?9?9?9*9*_?9*9*9?9?9,31.2,27.1,79,100350,9999,9999,469,386,61,340,999900,999900,999900,99990,90,1.3,9,9,999.0,999,9,'999999999,0,0.0000,0,88,999.000,0.0,1.0
2056/10/3,16:00,?9?9?9?9E0?9?9?9?9*9?9*9?9?9?9?9?9?9*9*_?9*9*9?9?9,30.7,26.9,80,100350,9999,9999,479,216,25,202,999900,999900,999900,99990,90,2.5,10,10,999.0,999,9,'999999999,0,0.0000,0,88,999.000,0.0,1.0
2056/10/3,17:00,?9?9?9?9E0?9?9?9?9*9?9*9?9?9?9?9?9?9*9*_?9*9*9?9?9,27.3,25.0,87,100350,9999,9999,455,97,11,93,999900,999900,999900,99990,90,0.7,10,10,999.0,999,9,'999999999,0,0.0000,0,88,999.000,0.1,1.0
2056/10/3,18:00,?9?9?9?9E0?9?9?9?9*9?9*9?9?9?9?9?9?9*9*_?9*9*9?9?9,27.3,25.7,91,100450,9999,9999,456,17,4,17,999900,999900,999900,99990,230,0.9,10,10,999.0,999,9,'999999999,0,0.0000,0,88,999.000,0.0,1.0
2056/10/3,19:00,?9?9?9?9E0?9?9?9?9*9?9*9?9?9?9?9?9?9*9*_?9*9*9?9?9,27.1,25.3,90,100450,9999,9999,442,0,0,0,999900,999900,999900,99990,230,0.5,9,9,999.0,999,9,'999999999,0,0.0000,0,88,999.000,0.0,1.0
2056/10/3,20:00,?9?9?9?9E0?9?9?9?9*9?9*9?9?9?9?9?9?9*9*_?9*9*9?9?9,27.4,26.0,92,100550,9999,9999,445,0,0,0,999900,999900,999900,99990,230,0.0,9,9,999.0,999,9,'999999999,0,0.0000,0,88,999.000,0.0,1.0
2056/10/3,21:00,?9?9?9?9E0?9?9?9?9*9?9*9?9?9?9?9?9?9*9*_?9*9*9?9?9,27.3,26.1,93,100650,9999,9999,444,0,0,0,999900,999900,999900,99990,270,0.1,9,9,999.0,999,9,'999999999,0,0.0000,0,88,999.000,0.0,1.0
2056/10/3,22:00,?9?9?9?9E0?9?9?9?9*9?9*9?9?9?9?9?9?9*9*_?9*9*9?9?9,27.3,26.4,95,100650,9999,9999,445,0,0,0,999900,999900,999900,99990,270,0.4,9,9,999.0,999,9,'999999999,0,0.0000,0,88,999.000,0.3,1.0
2056/10/3,23:00,?9?9?9?9E0?9?9?9?9*9?9*9?9?9?9?9?9?9*9*_?9*9*9?9?9,27.3,26.4,95,100650,9999,9999,445,0,0,0,999900,999900,999900,99990,270,0.3,9,9,999.0,999,9,'999999999,0,0.0000,0,88,999.000,0.8,1.0
2056/10/3,24:00,?9?9?9?9E0?9?9?9?9*9?9*9?9?9?9?9?9?9*9*_?9*9*9?9?9,26.6,25.8,95,100550,9999,9999,440,0,0,0,999900,999900,999900,99990,270,1.2,9,9,999.0,999,9,'999999999,0,0.0000,0,88,999.000,0.1,1.0
2056/10/4,01:00,?9?9?9?9E0?9?9?9?9*9?9*9?9?9?9?9?9?9*9*_?9*9*9?9?9,26.6,25.8,95,100450,9999,9999,452,0,0,0,999900,999900,999900,99990,270,0.9,10,10,999.0,999,9,'999999999,0,0.0000,0,88,999.000,0.0,1.0
2056/10/4,02:00,?9?9?9?9E0?9?9?9?9*9?9*9?9?9?9?9?9?9*9*_?9*9*9?9?9,26.3,25.6,96,100450,9999,9999,450,0,0,0,999900,999900,999900,99990,270,0.6,10,10,999.0,999,9,'999999999,0,0.0000,0,88,999.000,0.0,1.0
2056/10/4,03:00,?9?9?9?9E0?9?9?9?9*9?9*9?9?9?9?9?9?9*9*_?9*9*9?9?9,26.4,25.7,96,100350,9999,9999,451,0,0,0,999900,999900,999900,99990,90,0.3,10,10,999.0,999,9,'999999999,0,0.0000,0,88,999.000,0.1,1.0
2056/10/4,04:00,?9?9?9?9E0?9?9?9?9*9?9*9?9?9?9?9?9?9*9*_?9*9*9?9?9,26.3,25.6,96,100350,9999,9999,450,0,0,0,999900,999900,999900,99990,90,0.8,10,10,999.0,999,9,'999999999,0,0.0000,0,88,999.000,0.0,1.0
2056/10/4,05:00,?9?9?9?9E0?9?9?9?9*9?9*9?9?9?9?9?9?9*9*_?9*9*9?9?9,26.3,25.5,95,100350,9999,9999,450,0,0,0,999900,999900,999900,99990,90,0.9,10,10,999.0,999,9,'999999999,0,0.0000,0,88,999.000,0.0,1.0
2056/10/4,06:00,?9?9?9?9E0?9?9?9?9*9?9*9?9?9?9?9?9?9*9*_?9*9*9?9?9,26.3,25.3,94,100550,9999,9999,450,0,0,0,999900,999900,999900,99990,90,0.7,10,10,999.0,999,9,'999999999,0,0.0000,0,88,999.000,0.0,1.0
2056/10/4,07:00,?9?9?9?9E0?9?9?9?9*9?9*9?9?9?9?9?9?9*9*_?9*9*9?9?9,26.4,25.2,93,100550,9999,9999,450,15,2,15,999900,999900,999900,99990,90,0.7,10,10,999.0,999,9,'999999999,0,0.0000,0,88,999.000,0.0,1.0
2056/10/4,08:00,?9?9?9?9E0?9?9?9?9*9?9*9?9?9?9?9?9?9*9*_?9*9*9?9?9,26.8,25.2,91,100650,9999,9999,453,87,6,85,999900,999900,999900,99990,90,0.6,10,10,999.0,999,9,'999999999,0,0.0000,0,88,999.000,0.0,1.0
2056/10/4,09:00,?9?9?9?9E0?9?9?9?9*9?9*9?9?9?9?9?9?9*9*_?9*9*9?9?9,27.7,25.7,89,100750,9999,9999,459,187,12,180,999900,999900,999900,99990,90,0.6,10,10,999.0,999,9,'999999999,0,0.0000,0,88,999.000,0.1,1.0
2056/10/4,10:00,?9?9?9?9E0?9?9?9?9*9?9*9?9?9?9?9?9?9*9*_?9*9*9?9?9,27.7,26.1,91,100750,9999,9999,459,275,16,263,999900,999900,999900,99990,90,0.5,10,10,999.0,999,9,'999999999,0,0.0000,0,88,999.000,0.3,1.0
2056/10/4,11:00,?9?9?9?9E0?9?9?9?9*9?9*9?9?9?9?9?9?9*9*_?9*9*9?9?9,27.7,26.3,92,100750,9999,9999,459,346,19,329,999900,999900,999900,99990,90,0.5,10,10,999.0,999,9,'999999999,0,0.0000,0,88,999.000,0.7,1.0
2056/10/4,12:00,?9?9?9?9E0?9?9?9?9*9?9*9?9?9?9?9?9?9*9*_?9*9*9?9?9,28.1,26.5,91,100650,9999,9999,462,399,22,378,999900,999900,999900,99990,230,0.9,10,10,999.0,999,9,'999999999,0,0.0000,0,88,999.000,0.1,1.0
2056/10/4,13:00,?9?9?9?9E0?9?9?9?9*9?9*9?9?9?9?9?9?9*9*_?9*9*9?9?9,28.1,25.9,88,100450,9999,9999,461,403,24,381,999900,999900,999900,99990,230,0.7,10,10,999.0,999,9,'999999999,0,0.0000,0,88,999.000,0.0,1.0
2056/10/4,14:00,?9?9?9?9E0?9?9?9?9*9?9*9?9?9?9?9?9?9*9*_?9*9*9?9?9,29.2,25.6,81,100350,9999,9999,468,370,24,349,999900,999900,999900,99990,230,0.8,10,10,999.0,999,9,'999999999,0,0.0000,0,88,999.000,0.0,1.0
2056/10/4,15:00,?9?9?9?9E0?9?9?9?9*9?9*9?9?9?9?9?9?9*9*_?9*9*9?9?9,29.9,25.7,78,100350,9999,9999,472,299,22,282,999900,999900,999900,99990,230,0.9,10,10,999.0,999,9,'999999999,0,0.0000,0,88,999.000,0.0,1.0
2056/10/4,16:00,?9?9?9?9E0?9?9?9?9*9?9*9?9?9?9?9?9?9*9*_?9*9*9?9?9,29.9,25.7,78,100350,9999,9999,472,198,16,189,999900,999900,999900,99990,230,0.4,10,10,999.0,999,9,'999999999,0,0.0000,0,88,999.000,0.0,1.0
2056/10/4,17:00,?9?9?9?9E0?9?9?9?9*9?9*9?9?9?9?9?9?9*9*_?9*9*9?9?9,29.6,26.0,81,100350,9999,9999,471,91,8,88,999900,999900,999900,99990,230,0.3,10,10,999.0,999,9,'999999999,0,0.0000,0,88,999.000,0.0,1.0
2056/10/4,18:00,?9?9?9?9E0?9?9?9?9*9?9*9?9?9?9?9?9?9*9*_?9*9*9?9?9,29.1,26.7,87,100350,9999,9999,469,15,3,15,999900,999900,999900,99990,270,0.0,10,10,999.0,999,9,'999999999,0,0.0000,0,88,999.000,0.0,1.0
2056/10/4,19:00,?9?9?9?9E0?9?9?9?9*9?9*9?9?9?9?9?9?9*9*_?9*9*9?9?9,28.6,27.0,91,100450,9999,9999,466,0,0,0,999900,999900,999900,99990,270,0.0,10,10,999.0,999,9,'999999999,0,0.0000,0,88,999.000,0.0,1.0
2056/10/4,20:00,?9?9?9?9E0?9?9?9?9*9?9*9?9?9?9?9?9?9*9*_?9*9*9?9?9,28.5,26.9,91,100550,9999,9999,465,0,0,0,999900,999900,999900,99990,270,0.0,10,10,999.0,999,9,'999999999,0,0.0000,0,88,999.000,0.0,1.0
2056/10/4,21:00,?9?9?9?9E0?9?9?9?9*9?9*9?9?9?9?9?9?9*9*_?9*9*9?9?9,28.6,26.8,90,100550,9999,9999,466,0,0,0,999900,999900,999900,99990,270,0.0,10,10,999.0,999,9,'999999999,0,0.0000,0,88,999.000,0.0,1.0
2056/10/4,22:00,?9?9?9?9E0?9?9?9?9*9?9*9?9?9?9?9?9?9*9*_?9*9*9?9?9,27.7,26.5,93,100450,9999,9999,460,0,0,0,999900,999900,999900,99990,270,1.0,10,10,999.0,999,9,'999999999,0,0.0000,0,88,999.000,8.2,1.0
2056/10/4,23:00,?9?9?9?9E0?9?9?9?9*9?9*9?9?9?9?9?9?9*9*_?9*9*9?9?9,27.8,26.6,93,100450,9999,9999,460,0,0,0,999900,999900,999900,99990,270,1.0,10,10,999.0,999,9,'999999999,0,0.0000,0,88,999.000,0.1,1.0
2056/10/4,24:00,?9?9?9?9E0?9?9?9?9*9?9*9?9?9?9?9?9?9*9*_?9*9*9?9?9,27.7,26.5,93,100450,9999,9999,460,0,0,0,999900,999900,999900,99990,270,0.2,10,10,999.0,999,9,'999999999,0,0.0000,0,88,999.000,0.0,1.0
2056/10/5,01:00,?9?9?9?9E0?9?9?9?9*9?9*9?9?9?9?9?9?9*9*_?9*9*9?9?9,27.6,26.6,94,100450,9999,9999,459,0,0,0,999900,999900,999900,99990,270,0.0,10,10,999.0,999,9,'999999999,0,0.0000,0,88,999.000,1.1,1.0
2056/10/5,02:00,?9?9?9?9E0?9?9?9?9*9?9*9?9?9?9?9?9?9*9*_?9*9*9?9?9,27.2,26.2,94,100450,9999,9999,456,0,0,0,999900,999900,999900,99990,270,0.7,10,10,999.0,999,9,'999999999,0,0.0000,0,88,999.000,1.9,1.0
2056/10/5,03:00,?9?9?9?9E0?9?9?9?9*9?9*9?9?9?9?9?9?9*9*_?9*9*9?9?9,26.8,25.8,94,100450,9999,9999,453,0,0,0,999900,999900,999900,99990,230,1.0,10,10,999.0,999,9,'999999999,0,0.0000,0,88,999.000,1.3,1.0
2056/10/5,04:00,?9?9?9?9E0?9?9?9?9*9?9*9?9?9?9?9?9?9*9*_?9*9*9?9?9,26.7,25.7,94,100450,9999,9999,453,0,0,0,999900,999900,999900,99990,230,0.9,10,10,999.0,999,9,'999999999,0,0.0000,0,88,999.000,0.1,1.0
2056/10/5,05:00,?9?9?9?9E0?9?9?9?9*9?9*9?9?9?9?9?9?9*9*_?9*9*9?9?9,26.7,25.7,94,100450,9999,9999,453,0,0,0,999900,999900,999900,99990,230,1.2,10,10,999.0,999,9,'999999999,0,0.0000,0,88,999.000,0.3,1.0
2056/10/5,06:00,?9?9?9?9E0?9?9?9?9*9?9*9?9?9?9?9?9?9*9*_?9*9*9?9?9,26.7,25.7,94,100450,9999,9999,453,0,0,0,999900,999900,999900,99990,230,1.2,10,10,999.0,999,9,'999999999,0,0.0000,0,88,999.000,0.0,1.0
2056/10/5,07:00,?9?9?9?9E0?9?9?9?9*9?9*9?9?9?9?9?9?9*9*_?9*9*9?9?9,26.7,25.7,94,100450,9999,9999,453,15,3,15,999900,999900,999900,99990,230,0.7,10,10,999.0,999,9,'999999999,0,0.0000,0,88,999.000,0.0,1.0
2056/10/5,08:00,?9?9?9?9E0?9?9?9?9*9?9*9?9?9?9?9?9?9*9*_?9*9*9?9?9,27.1,25.9,93,100550,9999,9999,455,86,8,83,999900,999900,999900,99990,230,1.2,10,10,999.0,999,9,'999999999,0,0.0000,0,88,999.000,0.0,1.0
2056/10/5,09:00,?9?9?9?9E0?9?9?9?9*9?9*9?9?9?9?9?9?9*9*_?9*9*9?9?9,27.8,25.6,88,100650,9999,9999,459,193,17,183,999900,999900,999900,99990,180,1.5,10,10,999.0,999,9,'999999999,0,0.0000,0,88,999.000,0.0,1.0
2056/10/5,10:00,?9?9?9?9E0?9?9?9?9*9?9*9?9?9?9?9?9?9*9*_?9*9*9?9?9,30.2,25.3,75,100650,9999,9999,460,383,57,340,999900,999900,999900,99990,180,1.6,9,9,999.0,999,9,'999999999,0,0.0000,0,88,999.000,0.0,1.0
2056/10/5,11:00,?9?9?9?9E0?9?9?9?9*9?9*9?9?9?9?9?9?9*9*_?9*9*9?9?9,31.3,23.2,62,100650,9999,9999,464,507,88,429,999900,999900,999900,99990,180,1.7,9,9,999.0,999,9,'999999999,0,0.0000,0,88,999.000,0.0,1.0
2056/10/5,12:00,?9?9?9?9E0?9?9?9?9*9?9*9?9?9?9?9?9?9*9*_?9*9*9?9?9,33.1,23.7,58,100550,9999,9999,476,571,103,473,999900,999900,999900,99990,230,1.8,9,9,999.0,999,9,'999999999,0,0.0000,0,88,999.000,0.0,1.0
2056/10/5,13:00,?9?9?9?9E0?9?9?9?9*9?9*9?9?9?9?9?9?9*9*_?9*9*9?9?9,33.6,22.4,52,100450,9999,9999,477,597,124,480,999900,999900,999900,99990,230,2.2,9,9,999.0,999,9,'999999999,0,0.0000,0,88,999.000,0.0,1.0
2056/10/5,14:00,?9?9?9?9E0?9?9?9?9*9?9*9?9?9?9?9?9?9*9*_?9*9*9?9?9,33.8,22.3,51,100350,9999,9999,478,541,121,435,999900,999900,999900,99990,230,1.7,9,9,999.0,999,9,'999999999,0,0.0000,0,88,999.000,0.0,1.0
2056/10/5,15:00,?9?9?9?9E0?9?9?9?9*9?9*9?9?9?9?9?9?9*9*_?9*9*9?9?9,34.0,22.8,52,100250,9999,9999,480,440,113,356,999900,999900,999900,99990,200,1.0,9,9,999.0,999,9,'999999999,0,0.0000,0,88,999.000,0.0,1.0
2056/10/5,16:00,?9?9?9?9E0?9?9?9?9*9?9*9?9?9?9?9?9?9*9*_?9*9*9?9?9,33.9,22.0,50,100250,9999,9999,469,360,149,276,999900,999900,999900,99990,200,1.4,8,8,999.0,999,9,'999999999,0,0.0000,0,88,999.000,0.0,1.0
2056/10/5,17:00,?9?9?9?9E0?9?9?9?9*9?9*9?9?9?9?9?9?9*9*_?9*9*9?9?9,33.1,25.4,64,100350,9999,9999,468,176,77,150,999900,999900,999900,99990,200,1.1,8,8,999.0,999,9,'999999999,0,0.0000,0,88,999.000,0.0,1.0
2056/10/5,18:00,?9?9?9?9E0?9?9?9?9*9?9*9?9?9?9?9?9?9*9*_?9*9*9?9?9,30.7,25.1,72,100350,9999,9999,453,42,41,38,999900,999900,999900,99990,160,1.1,8,8,999.0,999,9,'999999999,0,0.0000,0,88,999.000,0.0,1.0
2056/10/5,19:00,?9?9?9?9E0?9?9?9?9*9?9*9?9?9?9?9?9?9*9*_?9*9*9?9?9,29.3,25.7,81,100450,9999,9999,439,0,0,0,999900,999900,999900,99990,160,0.9,7,7,999.0,999,9,'999999999,0,0.0000,0,88,999.000,0.0,1.0
2056/10/5,20:00,?9?9?9?9E0?9?9?9?9*9?9*9?9?9?9?9?9?9*9*_?9*9*9?9?9,29.7,27.3,87,100450,9999,9999,443,0,0,0,999900,999900,999900,99990,160,1.0,7,7,999.0,999,9,'999999999,0,0.0000,0,88,999.000,0.0,1.0
2056/10/5,21:00,?9?9?9?9E0?9?9?9?9*9?9*9?9?9?9?9?9?9*9*_?9*9*9?9?9,29.7,27.9,90,100550,9999,9999,439,0,0,0,999900,999900,999900,99990,180,0.8,6,6,999.0,999,9,'999999999,0,0.0000,0,88,999.000,0.0,1.0
2056/10/5,22:00,?9?9?9?9E0?9?9?9?9*9?9*9?9?9?9?9?9?9*9*_?9*9*9?9?9,30.2,28.4,90,100550,9999,9999,443,0,0,0,999900,999900,999900,99990,180,0.9,6,6,999.0,999,9,'999999999,0,0.0000,0,88,999.000,0.0,1.0
2056/10/5,23:00,?9?9?9?9E0?9?9?9?9*9?9*9?9?9?9?9?9?9*9*_?9*9*9?9?9,30.2,28.2,89,100550,9999,9999,448,0,0,0,999900,999900,999900,99990,180,1.0,7,7,999.0,999,9,'999999999,0,0.0000,0,88,999.000,0.0,1.0
2056/10/5,24:00,?9?9?9?9E0?9?9?9?9*9?9*9?9?9?9?9?9?9*9*_?9*9*9?9?9,29.3,27.5,90,100550,9999,9999,441,0,0,0,999900,999900,999900,99990,180,0.9,7,7,999.0,999,9,'999999999,0,0.0000,0,88,999.000,0.0,1.0
2056/10/6,01:00,?9?9?9?9E0?9?9?9?9*9?9*9?9?9?9?9?9?9*9*_?9*9*9?9?9,29.3,27.3,89,100550,9999,9999,448,0,0,0,999900,999900,999900,99990,180,1.1,8,8,999.0,999,9,'999999999,0,0.0000,0,88,999.000,0.0,1.0
2056/10/6,02:00,?9?9?9?9E0?9?9?9?9*9?9*9?9?9?9?9?9?9*9*_?9*9*9?9?9,29.2,27.4,90,100550,9999,9999,448,0,0,0,999900,999900,999900,99990,180,1.2,8,8,999.0,999,9,'999999999,0,0.0000,0,88,999.000,0.0,1.0
2056/10/6,03:00,?9?9?9?9E0?9?9?9?9*9?9*9?9?9?9?9?9?9*9*_?9*9*9?9?9,29.0,27.2,90,100550,9999,9999,446,0,0,0,999900,999900,999900,99990,180,1.0,8,8,999.0,999,9,'999999999,0,0.0000,0,88,999.000,0.0,1.0
2056/10/6,04:00,?9?9?9?9E0?9?9?9?9*9?9*9?9?9?9?9?9?9*9*_?9*9*9?9?9,29.0,26.6,87,100550,9999,9999,438,0,0,0,999900,999900,999900,99990,180,1.2,7,7,999.0,999,9,'999999999,0,0.0000,0,88,999.000,0.0,1.0
2056/10/6,05:00,?9?9?9?9E0?9?9?9?9*9?9*9?9?9?9?9?9?9*9*_?9*9*9?9?9,28.2,26.2,89,100550,9999,9999,428,0,0,0,999900,999900,999900,99990,180,0.7,6,6,999.0,999,9,'999999999,0,0.0000,0,88,999.000,0.0,1.0
2056/10/6,06:00,?9?9?9?9E0?9?9?9?9*9?9*9?9?9?9?9?9?9*9*_?9*9*9?9?9,27.8,26.0,90,100650,9999,9999,422,0,0,0,999900,999900,999900,99990,180,0.8,5,5,999.0,999,9,'999999999,0,0.0000,0,88,999.000,0.0,1.0
2056/10/6,07:00,?9?9?9?9E0?9?9?9?9*9?9*9?9?9?9?9?9?9*9*_?9*9*9?9?9,28.2,26.0,88,100650,9999,9999,421,63,109,50,999900,999900,999900,99990,180,1.0,4,4,999.0,999,9,'999999999,0,0.0000,0,88,999.000,0.0,1.0
2056/10/6,08:00,?9?9?9?9E0?9?9?9?9*9?9*9?9?9?9?9?9?9*9*_?9*9*9?9?9,29.3,24.4,75,100750,9999,9999,425,254,258,160,999900,999900,999900,99990,180,1.3,4,4,999.0,999,9,'999999999,0,0.0000,0,88,999.000,0.0,1.0
2056/10/6,09:00,?9?9?9?9E0?9?9?9?9*9?9*9?9?9?9?9?9?9*9*_?9*9*9?9?9,31.3,24.5,67,100850,9999,9999,433,478,428,229,999900,999900,999900,99990,200,1.3,3,3,999.0,999,9,'999999999,0,0.0000,0,88,999.000,0.0,1.0
2056/10/6,10:00,?9?9?9?9E0?9?9?9?9*9?9*9?9?9?9?9?9?9*9*_?9*9*9?9?9,32.3,24.1,62,100850,9999,9999,442,649,468,294,999900,999900,999900,99990,200,1.3,4,4,999.0,999,9,'999999999,0,0.0000,0,88,999.000,0.0,1.0
2056/10/6,11:00,?9?9?9?9E0?9?9?9?9*9?9*9?9?9?9?9?9?9*9*_?9*9*9?9?9,32.8,24.3,61,100750,9999,9999,452,706,360,388,999900,999900,999900,99990,200,1.2,6,6,999.0,999,9,'999999999,0,0.0000,0,88,999.000,0.0,1.0
2056/10/6,12:00,?9?9?9?9E0?9?9?9?9*9?9*9?9?9?9?9?9?9*9*_?9*9*9?9?9,33.8,24.4,58,100650,9999,9999,471,666,220,458,999900,999900,999900,99990,180,1.5,8,8,999.0,999,9,'999999999,0,0.0000,0,88,999.000,0.0,1.0
2056/10/6,13:00,?9?9?9?9E0?9?9?9?9*9?9*9?9?9?9?9?9?9*9*_?9*9*9?9?9,34.8,24.4,55,100650,9999,9999,488,586,139,455,999900,999900,999900,99990,180,1.1,9,9,999.0,999,9,'999999999,0,0.0000,0,88,999.000,0.0,1.0
2056/10/6,14:00,?9?9?9?9E0?9?9?9?9*9?9*9?9?9?9?9?9?9*9*_?9*9*9?9?9,34.7,24.0,54,100550,9999,9999,487,530,131,416,999900,999900,999900,99990,180,1.0,9,9,999.0,999,9,'999999999,0,0.0000,0,88,999.000,0.0,1.0
2056/10/6,15:00,?9?9?9?9E0?9?9?9?9*9?9*9?9?9?9?9?9?9*9*_?9*9*9?9?9,34.7,24.0,54,100450,9999,9999,487,435,124,343,999900,999900,999900,99990,200,1.6,9,9,999.0,999,9,'999999999,0,0.0000,0,88,999.000,0.0,1.0
2056/10/6,16:00,?9?9?9?9E0?9?9?9?9*9?9*9?9?9?9?9?9?9*9*_?9*9*9?9?9,32.8,26.4,69,100450,9999,9999,468,330,130,257,999900,999900,999900,99990,200,1.4,8,8,999.0,999,9,'999999999,0,0.0000,0,88,999.000,0.0,1.0
2056/10/6,17:00,?9?9?9?9E0?9?9?9?9*9?9*9?9?9?9?9?9?9*9*_?9*9*9?9?9,32.8,26.9,71,100450,9999,9999,469,169,79,142,999900,999900,999900,99990,200,1.8,8,8,999.0,999,9,'999999999,0,0.0000,0,88,999.000,0.0,1.0
2056/10/6,18:00,?9?9?9?9E0?9?9?9?9*9?9*9?9?9?9?9?9?9*9*_?9*9*9?9?9,30.8,27.0,80,100450,9999,9999,457,38,39,34,999900,999900,999900,99990,180,1.6,8,8,999.0,999,9,'999999999,0,0.0000,0,88,999.000,0.0,1.0
2056/10/6,19:00,?9?9?9?9E0?9?9?9?9*9?9*9?9?9?9?9?9?9*9*_?9*9*9?9?9,30.3,26.5,80,100550,9999,9999,453,0,0,0,999900,999900,999900,99990,180,1.1,8,8,999.0,999,9,'999999999,0,0.0000,0,88,999.000,0.0,1.0
2056/10/6,20:00,?9?9?9?9E0?9?9?9?9*9?9*9?9?9?9?9?9?9*9*_?9*9*9?9?9,29.8,28.4,92,100550,9999,9999,453,0,0,0,999900,999900,999900,99990,180,1.3,8,8,999.0,999,9,'999999999,0,0.0000,0,88,999.000,0.0,1.0
2056/10/6,21:00,?9?9?9?9E0?9?9?9?9*9?9*9?9?9?9?9?9?9*9*_?9*9*9?9?9,29.8,28.4,92,100650,9999,9999,453,0,0,0,999900,999900,999900,99990,180,1.1,8,8,999.0,999,9,'999999999,0,0.0000,0,88,999.000,0.0,1.0
2056/10/6,22:00,?9?9?9?9E0?9?9?9?9*9?9*9?9?9?9?9?9?9*9*_?9*9*9?9?9,29.8,28.4,92,100750,9999,9999,445,0,0,0,999900,999900,999900,99990,180,1.0,7,7,999.0,999,9,'999999999,0,0.0000,0,88,999.000,0.0,1.0
2056/10/6,23:00,?9?9?9?9E0?9?9?9?9*9?9*9?9?9?9?9?9?9*9*_?9*9*9?9?9,29.6,28.2,92,100750,9999,9999,439,0,0,0,999900,999900,999900,99990,180,1.7,6,6,999.0,999,9,'999999999,0,0.0000,0,88,999.000,0.0,1.0
2056/10/6,24:00,?9?9?9?9E0?9?9?9?9*9?9*9?9?9?9?9?9?9*9*_?9*9*9?9?9,29.3,28.2,94,100750,9999,9999,433,0,0,0,999900,999900,999900,99990,180,1.4,5,5,999.0,999,9,'999999999,0,0.0000,0,88,999.000,0.0,1.0
2056/10/7,01:00,?9?9?9?9E0?9?9?9?9*9?9*9?9?9?9?9?9?9*9*_?9*9*9?9?9,29.3,28.2,94,100750,9999,9999,433,0,0,0,999900,999900,999900,99990,180,1.0,5,5,999.0,999,9,'999999999,0,0.0000,0,88,999.000,0.0,1.0
2056/10/7,02:00,?9?9?9?9E0?9?9?9?9*9?9*9?9?9?9?9?9?9*9*_?9*9*9?9?9,29.3,28.2,94,100650,9999,9999,433,0,0,0,999900,999900,999900,99990,180,0.5,5,5,999.0,999,9,'999999999,0,0.0000,0,88,999.000,0.0,1.0
2056/10/7,03:00,?9?9?9?9E0?9?9?9?9*9?9*9?9?9?9?9?9?9*9*_?9*9*9?9?9,28.8,28.5,98,100650,9999,9999,431,0,0,0,999900,999900,999900,99990,140,0.7,5,5,999.0,999,9,'999999999,0,0.0000,0,88,999.000,0.0,1.0
2056/10/7,04:00,?9?9?9?9E0?9?9?9?9*9?9*9?9?9?9?9?9?9*9*_?9*9*9?9?9,28.3,27.4,95,100650,9999,9999,427,0,0,0,999900,999900,999900,99990,140,0.6,5,5,999.0,999,9,'999999999,0,0.0000,0,88,999.000,0.0,1.0
2056/10/7,05:00,?9?9?9?9E0?9?9?9?9*9?9*9?9?9?9?9?9?9*9*_?9*9*9?9?9,28.1,27.2,95,100650,9999,9999,425,0,0,0,999900,999900,999900,99990,140,0.8,5,5,999.0,999,9,'999999999,0,0.0000,0,88,999.000,0.0,1.0
2056/10/7,06:00,?9?9?9?9E0?9?9?9?9*9?9*9?9?9?9?9?9?9*9*_?9*9*9?9?9,27.7,27.0,96,100750,9999,9999,420,0,0,0,999900,999900,999900,99990,90,0.7,4,4,999.0,999,9,'999999999,0,0.0000,0,88,999.000,0.0,1.0
2056/10/7,07:00,?9?9?9?9E0?9?9?9?9*9?9*9?9?9?9?9?9?9*9*_?9*9*9?9?9,27.4,26.5,95,100750,9999,9999,414,63,133,47,999900,999900,999900,99990,90,0.5,3,3,999.0,999,9,'999999999,0,0.0000,0,88,999.000,0.0,1.0
2056/10/7,08:00,?9?9?9?9E0?9?9?9?9*9?9*9?9?9?9?9?9?9*9*_?9*9*9?9?9,29.3,26.1,83,100850,9999,9999,424,253,297,145,999900,999900,999900,99990,90,0.7,3,3,999.0,999,9,'999999999,0,0.0000,0,88,999.000,0.0,1.0
2056/10/7,09:00,?9?9?9?9E0?9?9?9?9*9?9*9?9?9?9?9?9?9*9*_?9*9*9?9?9,31.3,25.9,73,100950,9999,9999,435,463,442,206,999900,999900,999900,99990,90,0.7,3,3,999.0,999,9,'999999999,0,0.0000,0,88,999.000,0.0,1.0
2056/10/7,10:00,?9?9?9?9E0?9?9?9?9*9?9*9?9?9?9?9?9?9*9*_?9*9*9?9?9,32.6,25.7,67,100850,9999,9999,442,649,533,245,999900,999900,999900,99990,90,0.7,3,3,999.0,999,9,'999999999,0,0.0000,0,88,999.000,0.0,1.0
2056/10/7,11:00,?9?9?9?9E0?9?9?9?9*9?9*9?9?9?9?9?9?9*9*_?9*9*9?9?9,34.2,25.3,60,100850,9999,9999,451,805,619,260,999900,999900,999900,99990,90,0.9,3,3,999.0,999,9,'999999999,0,0.0000,0,88,999.000,0.0,1.0
2056/10/7,12:00,?9?9?9?9E0?9?9?9?9*9?9*9?9?9?9?9?9?9*9*_?9*9*9?9?9,34.9,25.1,57,100750,9999,9999,455,901,682,257,999900,999900,999900,99990,90,1.2,3,3,999.0,999,9,'999999999,0,0.0000,0,88,999.000,0.0,1.0
2056/10/7,13:00,?9?9?9?9E0?9?9?9?9*9?9*9?9?9?9?9?9?9*9*_?9*9*9?9?9,35.7,25.3,55,100650,9999,9999,460,904,698,248,999900,999900,999900,99990,90,1.4,3,3,999.0,999,9,'999999999,0,0.0000,0,88,999.000,0.0,1.0
2056/10/7,14:00,?9?9?9?9E0?9?9?9?9*9?9*9?9?9?9?9?9?9*9*_?9*9*9?9?9,35.8,25.1,54,100550,9999,9999,460,829,693,226,999900,999900,999900,99990,90,1.2,3,3,999.0,999,9,'999999999,0,0.0000,0,88,999.000,0.0,1.0
2056/10/7,15:00,?9?9?9?9E0?9?9?9?9*9?9*9?9?9?9?9?9?9*9*_?9*9*9?9?9,34.4,25.2,59,100550,9999,9999,452,681,650,199,999900,999900,999900,99990,90,1.8,3,3,999.0,999,9,'999999999,0,0.0000,0,88,999.000,0.0,1.0
2056/10/7,16:00,?9?9?9?9E0?9?9?9?9*9?9*9?9?9?9?9?9?9*9*_?9*9*9?9?9,33.9,25.3,61,100550,9999,9999,449,486,575,164,999900,999900,999900,99990,90,1.3,3,3,999.0,999,9,'999999999,0,0.0000,0,88,999.000,0.0,1.0
2056/10/7,17:00,?9?9?9?9E0?9?9?9?9*9?9*9?9?9?9?9?9?9*9*_?9*9*9?9?9,32.5,25.8,68,100550,9999,9999,442,261,423,118,999900,999900,999900,99990,90,1.7,3,3,999.0,999,9,'999999999,0,0.0000,0,88,999.000,0.0,1.0
2056/10/7,18:00,?9?9?9?9E0?9?9?9?9*9?9*9?9?9?9?9?9?9*9*_?9*9*9?9?9,30.9,26.2,76,100550,9999,9999,433,64,272,39,999900,999900,999900,99990,90,1.6,3,3,999.0,999,9,'999999999,0,0.0000,0,88,999.000,0.0,1.0
2056/10/7,19:00,?9?9?9?9E0?9?9?9?9*9?9*9?9?9?9?9?9?9*9*_?9*9*9?9?9,30.0,26.2,80,100550,9999,9999,428,0,0,0,999900,999900,999900,99990,90,1.3,3,3,999.0,999,9,'999999999,0,0.0000,0,88,999.000,0.0,1.0
2056/10/7,20:00,?9?9?9?9E0?9?9?9?9*9?9*9?9?9?9?9?9?9*9*_?9*9*9?9?9,29.9,26.1,80,100650,9999,9999,427,0,0,0,999900,999900,999900,99990,90,1.4,3,3,999.0,999,9,'999999999,0,0.0000,0,88,999.000,0.0,1.0
2056/10/7,21:00,?9?9?9?9E0?9?9?9?9*9?9*9?9?9?9?9?9?9*9*_?9*9*9?9?9,29.5,26.1,82,100650,9999,9999,425,0,0,0,999900,999900,999900,99990,90,1.2,3,3,999.0,999,9,'999999999,0,0.0000,0,88,999.000,0.0,1.0
2056/10/7,22:00,?9?9?9?9E0?9?9?9?9*9?9*9?9?9?9?9?9?9*9*_?9*9*9?9?9,29.5,26.5,84,100750,9999,9999,426,0,0,0,999900,999900,999900,99990,90,1.0,3,3,999.0,999,9,'999999999,0,0.0000,0,88,999.000,0.0,1.0
2056/10/7,23:00,?9?9?9?9E0?9?9?9?9*9?9*9?9?9?9?9?9?9*9*_?9*9*9?9?9,29.5,27.1,87,100750,9999,9999,426,0,0,0,999900,999900,999900,99990,90,1.0,3,3,999.0,999,9,'999999999,0,0.0000,0,88,999.000,0.0,1.0
2056/10/7,24:00,?9?9?9?9E0?9?9?9?9*9?9*9?9?9?9?9?9?9*9*_?9*9*9?9?9,29.4,27.6,90,100750,9999,9999,426,0,0,0,999900,999900,999900,99990,90,1.0,3,3,999.0,999,9,'999999999,0,0.0000,0,88,999.000,0.0,1.0
2056/10/8,01:00,?9?9?9?9E0?9?9?9?9*9?9*9?9?9?9?9?9?9*9*_?9*9*9?9?9,29.3,27.9,92,100650,9999,9999,426,0,0,0,999900,999900,999900,99990,90,0.8,3,3,999.0,999,9,'999999999,0,0.0000,0,88,999.000,0.0,1.0
2056/10/8,02:00,?9?9?9?9E0?9?9?9?9*9?9*9?9?9?9?9?9?9*9*_?9*9*9?9?9,29.0,28.0,94,100650,9999,9999,425,0,0,0,999900,999900,999900,99990,90,0.3,3,3,999.0,999,9,'999999999,0,0.0000,0,88,999.000,0.0,1.0
2056/10/8,03:00,?9?9?9?9E0?9?9?9?9*9?9*9?9?9?9?9?9?9*9*_?9*9*9?9?9,28.5,27.8,96,100650,9999,9999,422,0,0,0,999900,999900,999900,99990,90,0.6,3,3,999.0,999,9,'999999999,0,0.0000,0,88,999.000,0.0,1.0
2056/10/8,04:00,?9?9?9?9E0?9?9?9?9*9?9*9?9?9?9?9?9?9*9*_?9*9*9?9?9,28.3,27.6,96,100650,9999,9999,420,0,0,0,999900,999900,999900,99990,90,0.6,3,3,999.0,999,9,'999999999,0,0.0000,0,88,999.000,0.0,1.0
2056/10/8,05:00,?9?9?9?9E0?9?9?9?9*9?9*9?9?9?9?9?9?9*9*_?9*9*9?9?9,28.0,27.3,96,100650,9999,9999,418,0,0,0,999900,999900,999900,99990,90,0.4,3,3,999.0,999,9,'999999999,0,0.0000,0,88,999.000,0.0,1.0
2056/10/8,06:00,?9?9?9?9E0?9?9?9?9*9?9*9?9?9?9?9?9?9*9*_?9*9*9?9?9,27.8,26.2,91,100650,9999,9999,416,0,0,0,999900,999900,999900,99990,140,0.6,3,3,999.0,999,9,'999999999,0,0.0000,0,88,999.000,0.0,1.0
2056/10/8,07:00,?9?9?9?9E0?9?9?9?9*9?9*9?9?9?9?9?9?9*9*_?9*9*9?9?9,27.9,25.9,89,100750,9999,9999,416,65,140,48,999900,999900,999900,99990,140,0.6,3,3,999.0,999,9,'999999999,0,0.0000,0,88,999.000,0.0,1.0
2056/10/8,08:00,?9?9?9?9E0?9?9?9?9*9?9*9?9?9?9?9?9?9*9*_?9*9*9?9?9,30.0,26.0,79,100850,9999,9999,431,246,265,150,999900,999900,999900,99990,140,1.0,4,4,999.0,999,9,'999999999,0,0.0000,0,88,999.000,0.0,1.0
2056/10/8,09:00,?9?9?9?9E0?9?9?9?9*9?9*9?9?9?9?9?9?9*9*_?9*9*9?9?9,31.7,25.8,71,100950,9999,9999,441,450,392,223,999900,999900,999900,99990,230,1.1,4,4,999.0,999,9,'999999999,0,0.0000,0,88,999.000,0.0,1.0
2056/10/8,10:00,?9?9?9?9E0?9?9?9?9*9?9*9?9?9?9?9?9?9*9*_?9*9*9?9?9,32.8,25.6,66,100950,9999,9999,450,602,418,286,999900,999900,999900,99990,230,1.2,5,5,999.0,999,9,'999999999,0,0.0000,0,88,999.000,0.0,1.0
2056/10/8,11:00,?9?9?9?9E0?9?9?9?9*9?9*9?9?9?9?9?9?9*9*_?9*9*9?9?9,34.1,25.2,60,100950,9999,9999,457,747,488,318,999900,999900,999900,99990,230,0.9,5,5,999.0,999,9,'999999999,0,0.0000,0,88,999.000,0.0,1.0
2056/10/8,12:00,?9?9?9?9E0?9?9?9?9*9?9*9?9?9?9?9?9?9*9*_?9*9*9?9?9,34.5,25.1,58,100850,9999,9999,460,833,543,322,999900,999900,999900,99990,270,0.5,5,5,999.0,999,9,'999999999,0,0.0000,0,88,999.000,0.0,1.0
2056/10/8,13:00,?9?9?9?9E0?9?9?9?9*9?9*9?9?9?9?9?9?9*9*_?9*9*9?9?9,34.5,25.3,59,100750,9999,9999,457,868,616,291,999900,999900,999900,99990,270,1.1,4,4,999.0,999,9,'999999999,0,0.0000,0,88,999.000,0.0,1.0
2056/10/8,14:00,?9?9?9?9E0?9?9?9?9*9?9*9?9?9?9?9?9?9*9*_?9*9*9?9?9,34.5,25.3,59,100650,9999,9999,457,795,614,262,999900,999900,999900,99990,270,1.7,4,4,999.0,999,9,'999999999,0,0.0000,0,88,999.000,0.0,1.0
2056/10/8,15:00,?9?9?9?9E0?9?9?9?9*9?9*9?9?9?9?9?9?9*9*_?9*9*9?9?9,34.3,25.4,60,100550,9999,9999,455,652,572,229,999900,999900,999900,99990,90,1.7,4,4,999.0,999,9,'999999999,0,0.0000,0,88,999.000,0.0,1.0
2056/10/8,16:00,?9?9?9?9E0?9?9?9?9*9?9*9?9?9?9?9?9?9*9*_?9*9*9?9?9,33.6,25.3,62,100550,9999,9999,451,463,494,188,999900,999900,999900,99990,90,1.7,4,4,999.0,999,9,'999999999,0,0.0000,0,88,999.000,0.0,1.0
2056/10/8,17:00,?9?9?9?9E0?9?9?9?9*9?9*9?9?9?9?9?9?9*9*_?9*9*9?9?9,31.9,25.5,69,100550,9999,9999,445,233,298,133,999900,999900,999900,99990,90,1.7,5,5,999.0,999,9,'999999999,0,0.0000,0,88,999.000,0.0,1.0
2056/10/8,18:00,?9?9?9?9E0?9?9?9?9*9?9*9?9?9?9?9?9?9*9*_?9*9*9?9?9,30.3,25.6,76,100550,9999,9999,436,56,182,39,999900,999900,999900,99990,180,1.5,5,5,999.0,999,9,'999999999,0,0.0000,0,88,999.000,0.0,1.0
2056/10/8,19:00,?9?9?9?9E0?9?9?9?9*9?9*9?9?9?9?9?9?9*9*_?9*9*9?9?9,29.8,26.0,80,100550,9999,9999,433,0,0,0,999900,999900,999900,99990,180,1.4,5,5,999.0,999,9,'999999999,0,0.0000,0,88,999.000,0.0,1.0
2056/10/8,20:00,?9?9?9?9E0?9?9?9?9*9?9*9?9?9?9?9?9?9*9*_?9*9*9?9?9,29.6,26.0,81,100650,9999,9999,429,0,0,0,999900,999900,999900,99990,180,0.6,4,4,999.0,999,9,'999999999,0,0.0000,0,88,999.000,0.0,1.0
2056/10/8,21:00,?9?9?9?9E0?9?9?9?9*9?9*9?9?9?9?9?9?9*9*_?9*9*9?9?9,29.3,26.3,84,100750,9999,9999,424,0,0,0,999900,999900,999900,99990,110,0.7,3,3,999.0,999,9,'999999999,0,0.0000,0,88,999.000,0.0,1.0
2056/10/8,22:00,?9?9?9?9E0?9?9?9?9*9?9*9?9?9?9?9?9?9*9*_?9*9*9?9?9,29.2,26.4,85,100750,9999,9999,424,0,0,0,999900,999900,999900,99990,110,0.4,3,3,999.0,999,9,'999999999,0,0.0000,0,88,999.000,0.0,1.0
2056/10/8,23:00,?9?9?9?9E0?9?9?9?9*9?9*9?9?9?9?9?9?9*9*_?9*9*9?9?9,29.0,26.6,87,100750,9999,9999,423,0,0,0,999900,999900,999900,99990,110,0.7,3,3,999.0,999,9,'999999999,0,0.0000,0,88,999.000,0.0,1.0
2056/10/8,24:00,?9?9?9?9E0?9?9?9?9*9?9*9?9?9?9?9?9?9*9*_?9*9*9?9?9,28.6,26.6,89,100750,9999,9999,421,0,0,0,999900,999900,999900,99990,140,0.6,3,3,999.0,999,9,'999999999,0,0.0000,0,88,999.000,0.0,1.0
2056/10/9,01:00,?9?9?9?9E0?9?9?9?9*9?9*9?9?9?9?9?9?9*9*_?9*9*9?9?9,28.3,26.7,91,100750,9999,9999,419,0,0,0,999900,999900,999900,99990,140,0.3,3,3,999.0,999,9,'999999999,0,0.0000,0,88,999.000,0.0,1.0
2056/10/9,02:00,?9?9?9?9E0?9?9?9?9*9?9*9?9?9?9?9?9?9*9*_?9*9*9?9?9,27.9,26.7,93,100750,9999,9999,417,0,0,0,999900,999900,999900,99990,140,0.2,3,3,999.0,999,9,'999999999,0,0.0000,0,88,999.000,0.0,1.0
2056/10/9,03:00,?9?9?9?9E0?9?9?9?9*9?9*9?9?9?9?9?9?9*9*_?9*9*9?9?9,27.8,26.6,93,100650,9999,9999,416,0,0,0,999900,999900,999900,99990,140,0.3,3,3,999.0,999,9,'999999999,0,0.0000,0,88,999.000,0.0,1.0
2056/10/9,04:00,?9?9?9?9E0?9?9?9?9*9?9*9?9?9?9?9?9?9*9*_?9*9*9?9?9,27.7,26.7,94,100650,9999,9999,416,0,0,0,999900,999900,999900,99990,140,0.4,3,3,999.0,999,9,'999999999,0,0.0000,0,88,999.000,0.0,1.0
2056/10/9,05:00,?9?9?9?9E0?9?9?9?9*9?9*9?9?9?9?9?9?9*9*_?9*9*9?9?9,27.6,26.7,95,100750,9999,9999,415,0,0,0,999900,999900,999900,99990,140,0.5,3,3,999.0,999,9,'999999999,0,0.0000,0,88,999.000,0.0,1.0
2056/10/9,06:00,?9?9?9?9E0?9?9?9?9*9?9*9?9?9?9?9?9?9*9*_?9*9*9?9?9,27.4,26.7,96,100750,9999,9999,414,0,0,0,999900,999900,999900,99990,140,0.0,3,3,999.0,999,9,'999999999,0,0.0000,0,88,999.000,0.0,1.0
2056/10/9,07:00,?9?9?9?9E0?9?9?9?9*9?9*9?9?9?9?9?9?9*9*_?9*9*9?9?9,27.9,26.7,93,100850,9999,9999,417,62,122,47,999900,999900,999900,99990,140,0.5,3,3,999.0,999,9,'999999999,0,0.0000,0,88,999.000,0.0,1.0
2056/10/9,08:00,?9?9?9?9E0?9?9?9?9*9?9*9?9?9?9?9?9?9*9*_?9*9*9?9?9,29.7,26.3,82,100950,9999,9999,430,241,247,152,999900,999900,999900,99990,140,0.6,4,4,999.0,999,9,'999999999,0,0.0000,0,88,999.000,0.0,1.0
2056/10/9,09:00,?9?9?9?9E0?9?9?9?9*9?9*9?9?9?9?9?9?9*9*_?9*9*9?9?9,30.8,26.1,76,101050,9999,9999,439,418,318,234,999900,999900,999900,99990,230,0.9,5,5,999.0,999,9,'999999999,0,0.0000,0,88,999.000,0.0,1.0
2056/10/9,10:00,?9?9?9?9E0?9?9?9?9*9?9*9?9?9?9?9?9?9*9*_?9*9*9?9?9,32.1,25.7,69,101050,9999,9999,446,596,404,291,999900,999900,999900,99990,230,1.1,5,5,999.0,999,9,'999999999,0,0.0000,0,88,999.000,0.0,1.0
2056/10/9,11:00,?9?9?9?9E0?9?9?9?9*9?9*9?9?9?9?9?9?9*9*_?9*9*9?9?9,33.1,25.4,64,101050,9999,9999,452,738,476,320,999900,999900,999900,99990,230,1.2,5,5,999.0,999,9,'999999999,0,0.0000,0,88,999.000,0.0,1.0
2056/10/9,12:00,?9?9?9?9E0?9?9?9?9*9?9*9?9?9?9?9?9?9*9*_?9*9*9?9?9,34.6,25.1,58,100950,9999,9999,460,827,538,322,999900,999900,999900,99990,230,0.9,5,5,999.0,999,9,'999999999,0,0.0000,0,88,999.000,0.0,1.0
2056/10/9,13:00,?9?9?9?9E0?9?9?9?9*9?9*9?9?9?9?9?9?9*9*_?9*9*9?9?9,34.6,25.1,58,100850,9999,9999,457,864,617,287,999900,999900,999900,99990,230,1.0,4,4,999.0,999,9,'999999999,0,0.0000,0,88,999.000,0.0,1.0
2056/10/9,14:00,?9?9?9?9E0?9?9?9?9*9?9*9?9?9?9?9?9?9*9*_?9*9*9?9?9,34.7,24.9,57,100650,9999,9999,454,817,668,238,999900,999900,999900,99990,230,1.5,3,3,999.0,999,9,'999999999,0,0.0000,0,88,999.000,0.0,1.0
2056/10/9,15:00,?9?9?9?9E0?9?9?9?9*9?9*9?9?9?9?9?9?9*9*_?9*9*9?9?9,34.3,24.9,58,100650,9999,9999,441,693,681,192,999900,999900,999900,99990,140,1.3,1,1,999.0,999,9,'999999999,0,0.0000,0,88,999.000,0.0,1.0
2056/10/9,16:00,?9?9?9?9E0?9?9?9?9*9?9*9?9?9?9?9?9?9*9*_?9*9*9?9?9,33.4,24.9,61,100650,9999,9999,436,493,604,158,999900,999900,999900,99990,140,1.5,1,1,999.0,999,9,'999999999,0,0.0000,0,88,999.000,0.0,1.0
2056/10/9,17:00,?9?9?9?9E0?9?9?9?9*9?9*9?9?9?9?9?9?9*9*_?9*9*9?9?9,32.1,25.2,67,100650,9999,9999,435,261,438,115,999900,999900,999900,99990,140,1.7,2,2,999.0,999,9,'999999999,0,0.0000,0,88,999.000,0.0,1.0
2056/10/9,18:00,?9?9?9?9E0?9?9?9?9*9?9*9?9?9?9?9?9?9*9*_?9*9*9?9?9,30.6,25.2,73,100650,9999,9999,426,63,290,38,999900,999900,999900,99990,160,1.3,2,2,999.0,999,9,'999999999,0,0.0000,0,88,999.000,0.0,1.0
2056/10/9,19:00,?9?9?9?9E0?9?9?9?9*9?9*9?9?9?9?9?9?9*9*_?9*9*9?9?9,30.0,25.3,76,100750,9999,9999,427,0,0,0,999900,999900,999900,99990,160,0.9,3,3,999.0,999,9,'999999999,0,0.0000,0,88,999.000,0.0,1.0
2056/10/9,20:00,?9?9?9?9E0?9?9?9?9*9?9*9?9?9?9?9?9?9*9*_?9*9*9?9?9,29.8,25.8,79,100750,9999,9999,426,0,0,0,999900,999900,999900,99990,160,1.1,3,3,999.0,999,9,'999999999,0,0.0000,0,88,999.000,0.0,1.0
2056/10/9,21:00,?9?9?9?9E0?9?9?9?9*9?9*9?9?9?9?9?9?9*9*_?9*9*9?9?9,29.6,26.0,81,100950,9999,9999,426,0,0,0,999900,999900,999900,99990,160,0.8,3,3,999.0,999,9,'999999999,0,0.0000,0,88,999.000,0.0,1.0
2056/10/9,22:00,?9?9?9?9E0?9?9?9?9*9?9*9?9?9?9?9?9?9*9*_?9*9*9?9?9,29.4,26.2,83,100950,9999,9999,425,0,0,0,999900,999900,999900,99990,160,0.9,3,3,999.0,999,9,'999999999,0,0.0000,0,88,999.000,0.0,1.0
2056/10/9,23:00,?9?9?9?9E0?9?9?9?9*9?9*9?9?9?9?9?9?9*9*_?9*9*9?9?9,29.2,26.4,85,100850,9999,9999,424,0,0,0,999900,999900,999900,99990,160,0.9,3,3,999.0,999,9,'999999999,0,0.0000,0,88,999.000,0.0,1.0
2056/10/9,24:00,?9?9?9?9E0?9?9?9?9*9?9*9?9?9?9?9?9?9*9*_?9*9*9?9?9,28.9,26.7,88,100850,9999,9999,423,0,0,0,999900,999900,999900,99990,180,0.6,3,3,999.0,999,9,'999999999,0,0.0000,0,88,999.000,0.0,1.0
2056/10/10,01:00,?9?9?9?9E0?9?9?9?9*9?9*9?9?9?9?9?9?9*9*_?9*9*9?9?9,28.7,26.9,90,100850,9999,9999,425,0,0,0,999900,999900,999900,99990,180,0.3,4,4,999.0,999,9,'999999999,0,0.0000,0,88,999.000,0.0,1.0
2056/10/10,02:00,?9?9?9?9E0?9?9?9?9*9?9*9?9?9?9?9?9?9*9*_?9*9*9?9?9,28.3,26.9,92,100750,9999,9999,423,0,0,0,999900,999900,999900,99990,180,0.3,4,4,999.0,999,9,'999999999,0,0.0000,0,88,999.000,0.0,1.0
2056/10/10,03:00,?9?9?9?9E0?9?9?9?9*9?9*9?9?9?9?9?9?9*9*_?9*9*9?9?9,28.2,27.2,94,100750,9999,9999,423,0,0,0,999900,999900,999900,99990,230,0.1,4,4,999.0,999,9,'999999999,0,0.0000,0,88,999.000,0.0,1.0
2056/10/10,04:00,?9?9?9?9E0?9?9?9?9*9?9*9?9?9?9?9?9?9*9*_?9*9*9?9?9,27.9,27.2,96,100850,9999,9999,421,0,0,0,999900,999900,999900,99990,230,0.2,4,4,999.0,999,9,'999999999,0,0.0000,0,88,999.000,0.0,1.0
2056/10/10,05:00,?9?9?9?9E0?9?9?9?9*9?9*9?9?9?9?9?9?9*9*_?9*9*9?9?9,27.9,27.2,96,100950,9999,9999,424,0,0,0,999900,999900,999900,99990,230,0.2,5,5,999.0,999,9,'999999999,0,0.0000,0,88,999.000,0.0,1.0
2056/10/10,06:00,?9?9?9?9E0?9?9?9?9*9?9*9?9?9?9?9?9?9*9*_?9*9*9?9?9,27.9,27.2,96,100950,9999,9999,424,0,0,0,999900,999900,999900,99990,270,0.3,5,5,999.0,999,9,'999999999,0,0.0000,0,88,999.000,0.0,1.0
2056/10/10,07:00,?9?9?9?9E0?9?9?9?9*9?9*9?9?9?9?9?9?9*9*_?9*9*9?9?9,28.1,26.9,93,101050,9999,9999,425,54,80,45,999900,999900,999900,99990,270,0.9,5,5,999.0,999,9,'999999999,0,0.0000,0,88,999.000,0.0,1.0
2056/10/10,08:00,?9?9?9?9E0?9?9?9?9*9?9*9?9?9?9?9?9?9*9*_?9*9*9?9?9,30.1,26.5,81,101050,9999,9999,436,227,201,154,999900,999900,999900,99990,270,0.7,5,5,999.0,999,9,'999999999,0,0.0000,0,88,999.000,0.0,1.0
2056/10/10,09:00,?9?9?9?9E0?9?9?9?9*9?9*9?9?9?9?9?9?9*9*_?9*9*9?9?9,31.5,25.9,72,101150,9999,9999,440,446,381,226,999900,999900,999900,99990,230,0.6,4,4,999.0,999,9,'999999999,0,0.0000,0,88,999.000,0.0,1.0
2056/10/10,10:00,?9?9?9?9E0?9?9?9?9*9?9*9?9?9?9?9?9?9*9*_?9*9*9?9?9,33.0,25.6,65,101150,9999,9999,448,631,482,268,999900,999900,999900,99990,230,0.8,4,4,999.0,999,9,'999999999,0,0.0000,0,88,999.000,0.0,1.0
2056/10/10,11:00,?9?9?9?9E0?9?9?9?9*9?9*9?9?9?9?9?9?9*9*_?9*9*9?9?9,34.3,25.2,59,101150,9999,9999,455,781,561,289,999900,999900,999900,99990,230,0.9,4,4,999.0,999,9,'999999999,0,0.0000,0,88,999.000,0.0,1.0
2056/10/10,12:00,?9?9?9?9E0?9?9?9?9*9?9*9?9?9?9?9?9?9*9*_?9*9*9?9?9,34.6,25.1,58,101050,9999,9999,457,866,604,299,999900,999900,999900,99990,200,0.7,4,4,999.0,999,9,'999999999,0,0.0000,0,88,999.000,0.0,1.0
2056/10/10,13:00,?9?9?9?9E0?9?9?9?9*9?9*9?9?9?9?9?9?9*9*_?9*9*9?9?9,33.3,25.3,63,100950,9999,9999,453,821,536,321,999900,999900,999900,99990,200,0.8,5,5,999.0,999,9,'999999999,0,0.0000,0,88,999.000,0.0,1.0
2056/10/10,14:00,?9?9?9?9E0?9?9?9?9*9?9*9?9?9?9?9?9?9*9*_?9*9*9?9?9,34.0,25.4,61,100750,9999,9999,457,751,526,297,999900,999900,999900,99990,200,1.1,5,5,999.0,999,9,'999999999,0,0.0000,0,88,999.000,0.0,1.0
2056/10/10,15:00,?9?9?9?9E0?9?9?9?9*9?9*9?9?9?9?9?9?9*9*_?9*9*9?9?9,33.9,25.6,62,100750,9999,9999,457,614,487,257,999900,999900,999900,99990,200,1.0,5,5,999.0,999,9,'999999999,0,0.0000,0,88,999.000,0.0,1.0
2056/10/10,16:00,?9?9?9?9E0?9?9?9?9*9?9*9?9?9?9?9?9?9*9*_?9*9*9?9?9,33.3,25.3,63,100650,9999,9999,453,430,407,206,999900,999900,999900,99990,200,1.3,5,5,999.0,999,9,'999999999,0,0.0000,0,88,999.000,0.0,1.0
2056/10/10,17:00,?9?9?9?9E0?9?9?9?9*9?9*9?9?9?9?9?9?9*9*_?9*9*9?9?9,31.9,25.5,69,100750,9999,9999,445,226,279,134,999900,999900,999900,99990,200,1.6,5,5,999.0,999,9,'999999999,0,0.0000,0,88,999.000,0.0,1.0
2056/10/10,18:00,?9?9?9?9E0?9?9?9?9*9?9*9?9?9?9?9?9?9*9*_?9*9*9?9?9,31.5,25.4,70,100750,9999,9999,442,53,175,38,999900,999900,999900,99990,180,1.1,5,5,999.0,999,9,'999999999,0,0.0000,0,88,999.000,0.0,1.0
2056/10/10,19:00,?9?9?9?9E0?9?9?9?9*9?9*9?9?9?9?9?9?9*9*_?9*9*9?9?9,30.0,25.8,78,100750,9999,9999,434,0,0,0,999900,999900,999900,99990,180,1.1,5,5,999.0,999,9,'999999999,0,0.0000,0,88,999.000,0.0,1.0
2056/10/10,20:00,?9?9?9?9E0?9?9?9?9*9?9*9?9?9?9?9?9?9*9*_?9*9*9?9?9,29.9,26.1,80,100850,9999,9999,431,0,0,0,999900,999900,999900,99990,180,0.8,4,4,999.0,999,9,'999999999,0,0.0000,0,88,999.000,0.0,1.0
2056/10/10,21:00,?9?9?9?9E0?9?9?9?9*9?9*9?9?9?9?9?9?9*9*_?9*9*9?9?9,29.6,26.8,85,100950,9999,9999,427,0,0,0,999900,999900,999900,99990,110,0.8,3,3,999.0,999,9,'999999999,0,0.0000,0,88,999.000,0.0,1.0
2056/10/10,22:00,?9?9?9?9E0?9?9?9?9*9?9*9?9?9?9?9?9?9*9*_?9*9*9?9?9,29.5,27.1,87,100950,9999,9999,426,0,0,0,999900,999900,999900,99990,110,0.5,3,3,999.0,999,9,'999999999,0,0.0000,0,88,999.000,0.0,1.0
2056/10/10,23:00,?9?9?9?9E0?9?9?9?9*9?9*9?9?9?9?9?9?9*9*_?9*9*9?9?9,29.2,27.0,88,100950,9999,9999,425,0,0,0,999900,999900,999900,99990,110,0.1,3,3,999.0,999,9,'999999999,0,0.0000,0,88,999.000,0.0,1.0
2056/10/10,24:00,?9?9?9?9E0?9?9?9?9*9?9*9?9?9?9?9?9?9*9*_?9*9*9?9?9,29.0,26.8,88,100950,9999,9999,423,0,0,0,999900,999900,999900,99990,140,0.0,3,3,999.0,999,9,'999999999,0,0.0000,0,88,999.000,0.0,1.0
2056/10/11,01:00,?9?9?9?9E0?9?9?9?9*9?9*9?9?9?9?9?9?9*9*_?9*9*9?9?9,28.5,26.7,90,100850,9999,9999,420,0,0,0,999900,999900,999900,99990,140,0.1,3,3,999.0,999,9,'999999999,0,0.0000,0,88,999.000,0.0,1.0
2056/10/11,02:00,?9?9?9?9E0?9?9?9?9*9?9*9?9?9?9?9?9?9*9*_?9*9*9?9?9,28.3,26.9,92,100850,9999,9999,419,0,0,0,999900,999900,999900,99990,140,0.0,3,3,999.0,999,9,'999999999,0,0.0000,0,88,999.000,0.0,1.0
2056/10/11,03:00,?9?9?9?9E0?9?9?9?9*9?9*9?9?9?9?9?9?9*9*_?9*9*9?9?9,28.0,27.0,94,100750,9999,9999,418,0,0,0,999900,999900,999900,99990,140,0.0,3,3,999.0,999,9,'999999999,0,0.0000,0,88,999.000,0.0,1.0
2056/10/11,04:00,?9?9?9?9E0?9?9?9?9*9?9*9?9?9?9?9?9?9*9*_?9*9*9?9?9,27.9,26.9,94,100750,9999,9999,417,0,0,0,999900,999900,999900,99990,140,0.0,3,3,999.0,999,9,'999999999,0,0.0000,0,88,999.000,0.0,1.0
2056/10/11,05:00,?9?9?9?9E0?9?9?9?9*9?9*9?9?9?9?9?9?9*9*_?9*9*9?9?9,27.8,26.9,95,100850,9999,9999,417,0,0,0,999900,999900,999900,99990,140,0.0,3,3,999.0,999,9,'999999999,0,0.0000,0,88,999.000,0.0,1.0
2056/10/11,06:00,?9?9?9?9E0?9?9?9?9*9?9*9?9?9?9?9?9?9*9*_?9*9*9?9?9,27.6,26.9,96,100950,9999,9999,416,0,0,0,999900,999900,999900,99990,180,0.3,3,3,999.0,999,9,'999999999,0,0.0000,0,88,999.000,0.0,1.0
2056/10/11,07:00,?9?9?9?9E0?9?9?9?9*9?9*9?9?9?9?9?9?9*9*_?9*9*9?9?9,28.4,26.8,91,100950,9999,9999,423,59,105,47,999900,999900,999900,99990,180,0.5,4,4,999.0,999,9,'999999999,0,0.0000,0,88,999.000,0.0,1.0
2056/10/11,08:00,?9?9?9?9E0?9?9?9?9*9?9*9?9?9?9?9?9?9*9*_?9*9*9?9?9,30.5,26.9,81,101050,9999,9999,435,239,239,153,999900,999900,999900,99990,180,0.5,4,4,999.0,999,9,'999999999,0,0.0000,0,88,999.000,0.0,1.0
2056/10/11,09:00,?9?9?9?9E0?9?9?9?9*9?9*9?9?9?9?9?9?9*9*_?9*9*9?9?9,32.4,27.0,73,101150,9999,9999,446,441,367,229,999900,999900,999900,99990,180,1.1,4,4,999.0,999,9,'999999999,0,0.0000,0,88,999.000,0.0,1.0
2056/10/11,10:00,?9?9?9?9E0?9?9?9?9*9?9*9?9?9?9?9?9?9*9*_?9*9*9?9?9,33.4,26.7,68,101150,9999,9999,455,591,395,294,999900,999900,999900,99990,180,0.7,5,5,999.0,999,9,'999999999,0,0.0000,0,88,999.000,0.0,1.0
2056/10/11,11:00,?9?9?9?9E0?9?9?9?9*9?9*9?9?9?9?9?9?9*9*_?9*9*9?9?9,35.2,26.3,60,101050,9999,9999,465,737,471,325,999900,999900,999900,99990,180,0.6,5,5,999.0,999,9,'999999999,0,0.0000,0,88,999.000,0.0,1.0
2056/10/11,12:00,?9?9?9?9E0?9?9?9?9*9?9*9?9?9?9?9?9?9*9*_?9*9*9?9?9,33.8,25.8,63,101050,9999,9999,456,820,522,332,999900,999900,999900,99990,180,0.5,5,5,999.0,999,9,'999999999,0,0.0000,0,88,999.000,0.0,1.0
2056/10/11,13:00,?9?9?9?9E0?9?9?9?9*9?9*9?9?9?9?9?9?9*9*_?9*9*9?9?9,34.8,25.0,57,100950,9999,9999,461,835,560,314,999900,999900,999900,99990,180,1.5,5,5,999.0,999,9,'999999999,0,0.0000,0,88,999.000,0.0,1.0
2056/10/11,14:00,?9?9?9?9E0?9?9?9?9*9?9*9?9?9?9?9?9?9*9*_?9*9*9?9?9,35.0,24.6,55,100850,9999,9999,462,766,559,285,999900,999900,999900,99990,180,1.2,5,5,999.0,999,9,'999999999,0,0.0000,0,88,999.000,0.0,1.0
2056/10/11,15:00,?9?9?9?9E0?9?9?9?9*9?9*9?9?9?9?9?9?9*9*_?9*9*9?9?9,31.7,24.1,64,100750,9999,9999,442,614,495,253,999900,999900,999900,99990,140,1.3,5,5,999.0,999,9,'999999999,0,0.0000,0,88,999.000,0.0,1.0
2056/10/11,16:00,?9?9?9?9E0?9?9?9?9*9?9*9?9?9?9?9?9?9*9*_?9*9*9?9?9,33.6,23.9,57,100750,9999,9999,453,443,449,197,999900,999900,999900,99990,140,1.4,5,5,999.0,999,9,'999999999,0,0.0000,0,88,999.000,0.0,1.0
2056/10/11,17:00,?9?9?9?9E0?9?9?9?9*9?9*9?9?9?9?9?9?9*9*_?9*9*9?9?9,32.0,24.6,65,100750,9999,9999,444,230,300,132,999900,999900,999900,99990,140,1.3,5,5,999.0,999,9,'999999999,0,0.0000,0,88,999.000,0.0,1.0
2056/10/11,18:00,?9?9?9?9E0?9?9?9?9*9?9*9?9?9?9?9?9?9*9*_?9*9*9?9?9,30.6,25.2,73,100850,9999,9999,434,45,144,33,999900,999900,999900,99990,180,1.0,4,4,999.0,999,9,'999999999,0,0.0000,0,88,999.000,0.0,1.0
2056/10/11,19:00,?9?9?9?9E0?9?9?9?9*9?9*9?9?9?9?9?9?9*9*_?9*9*9?9?9,30.4,26.1,78,100950,9999,9999,434,0,0,0,999900,999900,999900,99990,180,1.0,4,4,999.0,999,9,'999999999,0,0.0000,0,88,999.000,0.0,1.0
2056/10/11,20:00,?9?9?9?9E0?9?9?9?9*9?9*9?9?9?9?9?9?9*9*_?9*9*9?9?9,30.0,26.6,82,101050,9999,9999,432,0,0,0,999900,999900,999900,99990,180,0.6,4,4,999.0,999,9,'999999999,0,0.0000,0,88,999.000,0.0,1.0
2056/10/11,21:00,?9?9?9?9E0?9?9?9?9*9?9*9?9?9?9?9?9?9*9*_?9*9*9?9?9,29.9,27.3,86,101150,9999,9999,432,0,0,0,999900,999900,999900,99990,200,0.4,4,4,999.0,999,9,'999999999,0,0.0000,0,88,999.000,0.0,1.0
2056/10/11,22:00,?9?9?9?9E0?9?9?9?9*9?9*9?9?9?9?9?9?9*9*_?9*9*9?9?9,29.6,27.6,89,101150,9999,9999,431,0,0,0,999900,999900,999900,99990,200,0.3,4,4,999.0,999,9,'999999999,0,0.0000,0,88,999.000,0.0,1.0
2056/10/11,23:00,?9?9?9?9E0?9?9?9?9*9?9*9?9?9?9?9?9?9*9*_?9*9*9?9?9,29.6,27.6,89,101050,9999,9999,431,0,0,0,999900,999900,999900,99990,200,0.0,4,4,999.0,999,9,'999999999,0,0.0000,0,88,999.000,0.0,1.0
2056/10/11,24:00,?9?9?9?9E0?9?9?9?9*9?9*9?9?9?9?9?9?9*9*_?9*9*9?9?9,29.3,27.5,90,100950,9999,9999,429,0,0,0,999900,999900,999900,99990,200,0.0,4,4,999.0,999,9,'999999999,0,0.0000,0,88,999.000,0.0,1.0
2056/10/12,01:00,?9?9?9?9E0?9?9?9?9*9?9*9?9?9?9?9?9?9*9*_?9*9*9?9?9,28.8,27.2,91,100850,9999,9999,423,0,0,0,999900,999900,999900,99990,200,0.0,3,3,999.0,999,9,'999999999,0,0.0000,0,88,999.000,0.0,1.0
2056/10/12,02:00,?9?9?9?9E0?9?9?9?9*9?9*9?9?9?9?9?9?9*9*_?9*9*9?9?9,28.4,27.2,93,100850,9999,9999,420,0,0,0,999900,999900,999900,99990,200,0.4,3,3,999.0,999,9,'999999999,0,0.0000,0,88,999.000,0.0,1.0
2056/10/12,03:00,?9?9?9?9E0?9?9?9?9*9?9*9?9?9?9?9?9?9*9*_?9*9*9?9?9,27.5,27.2,98,100850,9999,9999,415,0,0,0,999900,999900,999900,99990,200,0.3,3,3,999.0,999,9,'999999999,0,0.0000,0,88,999.000,0.0,1.0
2056/10/12,04:00,?9?9?9?9E0?9?9?9?9*9?9*9?9?9?9?9?9?9*9*_?9*9*9?9?9,27.0,26.7,98,100850,9999,9999,412,0,0,0,999900,999900,999900,99990,200,0.0,3,3,999.0,999,9,'999999999,0,0.0000,0,88,999.000,0.0,1.0
2056/10/12,05:00,?9?9?9?9E0?9?9?9?9*9?9*9?9?9?9?9?9?9*9*_?9*9*9?9?9,26.4,25.7,96,100850,9999,9999,408,0,0,0,999900,999900,999900,99990,200,0.0,3,3,999.0,999,9,'999999999,0,0.0000,0,88,999.000,0.0,1.0
2056/10/12,06:00,?9?9?9?9E0?9?9?9?9*9?9*9?9?9?9?9?9?9*9*_?9*9*9?9?9,26.5,24.9,91,100950,9999,9999,407,0,0,0,999900,999900,999900,99990,200,0.0,3,3,999.0,999,9,'999999999,0,0.0000,0,88,999.000,0.0,1.0
2056/10/12,07:00,?9?9?9?9E0?9?9?9?9*9?9*9?9?9?9?9?9?9*9*_?9*9*9?9?9,26.5,24.9,91,101050,9999,9999,410,59,98,48,999900,999900,999900,99990,200,0.0,4,4,999.0,999,9,'999999999,0,0.0000,0,88,999.000,0.0,1.0
2056/10/12,08:00,?9?9?9?9E0?9?9?9?9*9?9*9?9?9?9?9?9?9*9*_?9*9*9?9?9,28.5,24.9,81,101050,9999,9999,425,225,188,157,999900,999900,999900,99990,200,0.2,5,5,999.0,999,9,'999999999,0,0.0000,0,88,999.000,0.0,1.0
2056/10/12,09:00,?9?9?9?9E0?9?9?9?9*9?9*9?9?9?9?9?9?9*9*_?9*9*9?9?9,30.5,25.1,73,101150,9999,9999,436,417,293,248,999900,999900,999900,99990,180,0.4,5,5,999.0,999,9,'999999999,0,0.0000,0,88,999.000,0.0,1.0
2056/10/12,10:00,?9?9?9?9E0?9?9?9?9*9?9*9?9?9?9?9?9?9*9*_?9*9*9?9?9,32.0,25.1,67,101150,9999,9999,449,550,301,324,999900,999900,999900,99990,180,0.4,6,6,999.0,999,9,'999999999,0,0.0000,0,88,999.000,0.0,1.0
2056/10/12,11:00,?9?9?9?9E0?9?9?9?9*9?9*9?9?9?9?9?9?9*9*_?9*9*9?9?9,33.9,25.1,60,101050,9999,9999,460,686,362,370,999900,999900,999900,99990,180,0.2,6,6,999.0,999,9,'999999999,0,0.0000,0,88,999.000,0.0,1.0
2056/10/12,12:00,?9?9?9?9E0?9?9?9?9*9?9*9?9?9?9?9?9?9*9*_?9*9*9?9?9,33.6,25.1,61,101050,9999,9999,458,772,418,382,999900,999900,999900,99990,180,1.8,6,6,999.0,999,9,'999999999,0,0.0000,0,88,999.000,0.0,1.0
2056/10/12,13:00,?9?9?9?9E0?9?9?9?9*9?9*9?9?9?9?9?9?9*9*_?9*9*9?9?9,34.2,25.1,59,100950,9999,9999,462,772,429,373,999900,999900,999900,99990,180,1.2,6,6,999.0,999,9,'999999999,0,0.0000,0,88,999.000,0.0,1.0
2056/10/12,14:00,?9?9?9?9E0?9?9?9?9*9?9*9?9?9?9?9?9?9*9*_?9*9*9?9?9,34.6,25.1,58,100750,9999,9999,464,704,423,341,999900,999900,999900,99990,180,0.6,6,6,999.0,999,9,'999999999,0,0.0000,0,88,999.000,0.0,1.0
2056/10/12,15:00,?9?9?9?9E0?9?9?9?9*9?9*9?9?9?9?9?9?9*9*_?9*9*9?9?9,34.9,25.1,57,100750,9999,9999,466,574,394,287,999900,999900,999900,99990,180,0.8,6,6,999.0,999,9,'999999999,0,0.0000,0,88,999.000,0.0,1.0
2056/10/12,16:00,?9?9?9?9E0?9?9?9?9*9?9*9?9?9?9?9?9?9*9*_?9*9*9?9?9,33.6,25.1,61,100650,9999,9999,454,431,403,211,999900,999900,999900,99990,180,1.2,5,5,999.0,999,9,'999999999,0,0.0000,0,88,999.000,0.0,1.0
2056/10/12,17:00,?9?9?9?9E0?9?9?9?9*9?9*9?9?9?9?9?9?9*9*_?9*9*9?9?9,32.5,25.1,65,100650,9999,9999,448,225,275,136,999900,999900,999900,99990,180,1.1,5,5,999.0,999,9,'999999999,0,0.0000,0,88,999.000,0.0,1.0
2056/10/12,18:00,?9?9?9?9E0?9?9?9?9*9?9*9?9?9?9?9?9?9*9*_?9*9*9?9?9,31.1,25.2,71,100650,9999,9999,440,43,130,33,999900,999900,999900,99990,180,1.0,5,5,999.0,999,9,'999999999,0,0.0000,0,88,999.000,0.0,1.0
2056/10/12,19:00,?9?9?9?9E0?9?9?9?9*9?9*9?9?9?9?9?9?9*9*_?9*9*9?9?9,30.5,25.8,76,100750,9999,9999,437,0,0,0,999900,999900,999900,99990,180,1.0,5,5,999.0,999,9,'999999999,0,0.0000,0,88,999.000,0.0,1.0
2056/10/12,20:00,?9?9?9?9E0?9?9?9?9*9?9*9?9?9?9?9?9?9*9*_?9*9*9?9?9,30.2,26.2,79,100850,9999,9999,436,0,0,0,999900,999900,999900,99990,180,0.8,5,5,999.0,999,9,'999999999,0,0.0000,0,88,999.000,0.0,1.0
2056/10/12,21:00,?9?9?9?9E0?9?9?9?9*9?9*9?9?9?9?9?9?9*9*_?9*9*9?9?9,30.1,26.7,82,100950,9999,9999,436,0,0,0,999900,999900,999900,99990,180,0.7,5,5,999.0,999,9,'999999999,0,0.0000,0,88,999.000,0.0,1.0
2056/10/12,22:00,?9?9?9?9E0?9?9?9?9*9?9*9?9?9?9?9?9?9*9*_?9*9*9?9?9,30.0,27.0,84,100950,9999,9999,436,0,0,0,999900,999900,999900,99990,180,0.8,5,5,999.0,999,9,'999999999,0,0.0000,0,88,999.000,0.0,1.0
2056/10/12,23:00,?9?9?9?9E0?9?9?9?9*9?9*9?9?9?9?9?9?9*9*_?9*9*9?9?9,29.9,26.9,84,100950,9999,9999,435,0,0,0,999900,999900,999900,99990,180,0.4,5,5,999.0,999,9,'999999999,0,0.0000,0,88,999.000,0.0,1.0
2056/10/12,24:00,?9?9?9?9E0?9?9?9?9*9?9*9?9?9?9?9?9?9*9*_?9*9*9?9?9,29.5,26.9,86,100950,9999,9999,433,0,0,0,999900,999900,999900,99990,180,0.4,5,5,999.0,999,9,'999999999,0,0.0000,0,88,999.000,0.0,1.0
2056/10/13,01:00,?9?9?9?9E0?9?9?9?9*9?9*9?9?9?9?9?9?9*9*_?9*9*9?9?9,28.3,26.9,92,100850,9999,9999,426,0,0,0,999900,999900,999900,99990,180,0.5,5,5,999.0,999,9,'999999999,0,0.0000,0,88,999.000,0.0,1.0
2056/10/13,02:00,?9?9?9?9E0?9?9?9?9*9?9*9?9?9?9?9?9?9*9*_?9*9*9?9?9,29.0,26.8,88,100750,9999,9999,430,0,0,0,999900,999900,999900,99990,180,0.2,5,5,999.0,999,9,'999999999,0,0.0000,0,88,999.000,0.0,1.0
2056/10/13,03:00,?9?9?9?9E0?9?9?9?9*9?9*9?9?9?9?9?9?9*9*_?9*9*9?9?9,28.6,26.8,90,100750,9999,9999,428,0,0,0,999900,999900,999900,99990,180,0.4,5,5,999.0,999,9,'999999999,0,0.0000,0,88,999.000,0.0,1.0
2056/10/13,04:00,?9?9?9?9E0?9?9?9?9*9?9*9?9?9?9?9?9?9*9*_?9*9*9?9?9,28.4,26.4,89,100750,9999,9999,426,0,0,0,999900,999900,999900,99990,180,0.4,5,5,999.0,999,9,'999999999,0,0.0000,0,88,999.000,0.0,1.0
2056/10/13,05:00,?9?9?9?9E0?9?9?9?9*9?9*9?9?9?9?9?9?9*9*_?9*9*9?9?9,28.0,26.0,89,100750,9999,9999,423,0,0,0,999900,999900,999900,99990,180,0.5,5,5,999.0,999,9,'999999999,0,0.0000,0,88,999.000,0.0,1.0
2056/10/13,06:00,?9?9?9?9E0?9?9?9?9*9?9*9?9?9?9?9?9?9*9*_?9*9*9?9?9,27.9,25.6,87,100850,9999,9999,422,0,0,0,999900,999900,999900,99990,180,0.7,5,5,999.0,999,9,'999999999,0,0.0000,0,88,999.000,0.0,1.0
2056/10/13,07:00,?9?9?9?9E0?9?9?9?9*9?9*9?9?9?9?9?9?9*9*_?9*9*9?9?9,28.3,25.4,84,100950,9999,9999,421,61,124,47,999900,999900,999900,99990,180,0.6,4,4,999.0,999,9,'999999999,0,0.0000,0,88,999.000,0.0,1.0
2056/10/13,08:00,?9?9?9?9E0?9?9?9?9*9?9*9?9?9?9?9?9?9*9*_?9*9*9?9?9,30.4,25.5,75,100950,9999,9999,433,246,275,147,999900,999900,999900,99990,180,0.3,4,4,999.0,999,9,'999999999,0,0.0000,0,88,999.000,0.0,1.0
2056/10/13,09:00,?9?9?9?9E0?9?9?9?9*9?9*9?9?9?9?9?9?9*9*_?9*9*9?9?9,32.1,25.5,68,101150,9999,9999,443,450,410,215,999900,999900,999900,99990,360,1.0,4,4,999.0,999,9,'999999999,0,0.0000,0,88,999.000,0.0,1.0
2056/10/13,10:00,?9?9?9?9E0?9?9?9?9*9?9*9?9?9?9?9?9?9*9*_?9*9*9?9?9,33.3,25.0,62,101150,9999,9999,449,634,503,257,999900,999900,999900,99990,360,0.8,4,4,999.0,999,9,'999999999,0,0.0000,0,88,999.000,0.0,1.0
2056/10/13,11:00,?9?9?9?9E0?9?9?9?9*9?9*9?9?9?9?9?9?9*9*_?9*9*9?9?9,34.5,25.1,58,101150,9999,9999,456,780,576,278,999900,999900,999900,99990,360,0.9,4,4,999.0,999,9,'999999999,0,0.0000,0,88,999.000,0.0,1.0
2056/10/13,12:00,?9?9?9?9E0?9?9?9?9*9?9*9?9?9?9?9?9?9*9*_?9*9*9?9?9,35.2,25.1,56,101050,9999,9999,460,867,630,281,999900,999900,999900,99990,230,0.8,4,4,999.0,999,9,'999999999,0,0.0000,0,88,999.000,0.0,1.0
2056/10/13,13:00,?9?9?9?9E0?9?9?9?9*9?9*9?9?9?9?9?9?9*9*_?9*9*9?9?9,36.1,25.6,55,100950,9999,9999,467,863,635,275,999900,999900,999900,99990,230,0.8,4,4,999.0,999,9,'999999999,0,0.0000,0,88,999.000,0.0,1.0
2056/10/13,14:00,?9?9?9?9E0?9?9?9?9*9?9*9?9?9?9?9?9?9*9*_?9*9*9?9?9,35.8,26.0,57,100850,9999,9999,465,783,617,255,999900,999900,999900,99990,230,1.2,4,4,999.0,999,9,'999999999,0,0.0000,0,88,999.000,0.0,1.0
2056/10/13,15:00,?9?9?9?9E0?9?9?9?9*9?9*9?9?9?9?9?9?9*9*_?9*9*9?9?9,34.8,26.5,62,100750,9999,9999,460,635,564,226,999900,999900,999900,99990,110,1.5,4,4,999.0,999,9,'999999999,0,0.0000,0,88,999.000,0.0,1.0
2056/10/13,16:00,?9?9?9?9E0?9?9?9?9*9?9*9?9?9?9?9?9?9*9*_?9*9*9?9?9,34.3,26.5,64,100750,9999,9999,457,449,492,182,999900,999900,999900,99990,110,1.5,4,4,999.0,999,9,'999999999,0,0.0000,0,88,999.000,0.0,1.0
2056/10/13,17:00,?9?9?9?9E0?9?9?9?9*9?9*9?9?9?9?9?9?9*9*_?9*9*9?9?9,32.6,26.9,72,100750,9999,9999,447,231,328,125,999900,999900,999900,99990,110,1.5,4,4,999.0,999,9,'999999999,0,0.0000,0,88,999.000,0.0,1.0
2056/10/13,18:00,?9?9?9?9E0?9?9?9?9*9?9*9?9?9?9?9?9?9*9*_?9*9*9?9?9,30.7,26.7,79,100850,9999,9999,436,42,143,31,999900,999900,999900,99990,140,0.9,4,4,999.0,999,9,'999999999,0,0.0000,0,88,999.000,0.0,1.0
2056/10/13,19:00,?9?9?9?9E0?9?9?9?9*9?9*9?9?9?9?9?9?9*9*_?9*9*9?9?9,30.5,26.7,80,100850,9999,9999,435,0,0,0,999900,999900,999900,99990,140,0.2,4,4,999.0,999,9,'999999999,0,0.0000,0,88,999.000,0.0,1.0
2056/10/13,20:00,?9?9?9?9E0?9?9?9?9*9?9*9?9?9?9?9?9?9*9*_?9*9*9?9?9,30.4,26.8,81,100950,9999,9999,435,0,0,0,999900,999900,999900,99990,140,0.6,4,4,999.0,999,9,'999999999,0,0.0000,0,88,999.000,0.0,1.0
2056/10/13,21:00,?9?9?9?9E0?9?9?9?9*9?9*9?9?9?9?9?9?9*9*_?9*9*9?9?9,30.4,26.8,81,101050,9999,9999,435,0,0,0,999900,999900,999900,99990,140,0.7,4,4,999.0,999,9,'999999999,0,0.0000,0,88,999.000,0.0,1.0
2056/10/13,22:00,?9?9?9?9E0?9?9?9?9*9?9*9?9?9?9?9?9?9*9*_?9*9*9?9?9,30.4,27.0,82,101050,9999,9999,435,0,0,0,999900,999900,999900,99990,140,0.5,4,4,999.0,999,9,'999999999,0,0.0000,0,88,999.000,0.0,1.0
2056/10/13,23:00,?9?9?9?9E0?9?9?9?9*9?9*9?9?9?9?9?9?9*9*_?9*9*9?9?9,30.0,27.0,84,101050,9999,9999,436,0,0,0,999900,999900,999900,99990,140,0.4,5,5,999.0,999,9,'999999999,0,0.0000,0,88,999.000,0.0,1.0
2056/10/13,24:00,?9?9?9?9E0?9?9?9?9*9?9*9?9?9?9?9?9?9*9*_?9*9*9?9?9,29.3,27.1,88,101050,9999,9999,432,0,0,0,999900,999900,999900,99990,180,0.4,5,5,999.0,999,9,'999999999,0,0.0000,0,88,999.000,0.0,1.0
2056/10/14,01:00,?9?9?9?9E0?9?9?9?9*9?9*9?9?9?9?9?9?9*9*_?9*9*9?9?9,29.4,27.0,87,100950,9999,9999,436,0,0,0,999900,999900,999900,99990,180,0.3,6,6,999.0,999,9,'999999999,0,0.0000,0,88,999.000,0.0,1.0
2056/10/14,02:00,?9?9?9?9E0?9?9?9?9*9?9*9?9?9?9?9?9?9*9*_?9*9*9?9?9,29.3,26.7,86,100850,9999,9999,440,0,0,0,999900,999900,999900,99990,180,0.7,7,7,999.0,999,9,'999999999,0,0.0000,0,88,999.000,0.0,1.0
2056/10/14,03:00,?9?9?9?9E0?9?9?9?9*9?9*9?9?9?9?9?9?9*9*_?9*9*9?9?9,28.9,26.5,87,100850,9999,9999,438,0,0,0,999900,999900,999900,99990,180,0.7,7,7,999.0,999,9,'999999999,0,0.0000,0,88,999.000,0.0,1.0
2056/10/14,04:00,?9?9?9?9E0?9?9?9?9*9?9*9?9?9?9?9?9?9*9*_?9*9*9?9?9,28.7,26.3,87,100850,9999,9999,436,0,0,0,999900,999900,999900,99990,180,1.0,7,7,999.0,999,9,'999999999,0,0.0000,0,88,999.000,0.0,1.0
2056/10/14,05:00,?9?9?9?9E0?9?9?9?9*9?9*9?9?9?9?9?9?9*9*_?9*9*9?9?9,28.4,26.4,89,100850,9999,9999,435,0,0,0,999900,999900,999900,99990,180,0.2,7,7,999.0,999,9,'999999999,0,0.0000,0,88,999.000,0.0,1.0
2056/10/14,06:00,?9?9?9?9E0?9?9?9?9*9?9*9?9?9?9?9?9?9*9*_?9*9*9?9?9,28.2,26.4,90,100950,9999,9999,429,0,0,0,999900,999900,999900,99990,270,0.3,6,6,999.0,999,9,'999999999,0,0.0000,0,88,999.000,0.0,1.0
2056/10/14,07:00,?9?9?9?9E0?9?9?9?9*9?9*9?9?9?9?9?9?9*9*_?9*9*9?9?9,28.9,25.9,84,100950,9999,9999,428,56,95,45,999900,999900,999900,99990,270,0.8,5,5,999.0,999,9,'999999999,0,0.0000,0,88,999.000,0.0,1.0
2056/10/14,08:00,?9?9?9?9E0?9?9?9?9*9?9*9?9?9?9?9?9?9*9*_?9*9*9?9?9,30.3,25.6,76,101050,9999,9999,436,232,226,151,999900,999900,999900,99990,270,0.9,5,5,999.0,999,9,'999999999,0,0.0000,0,88,999.000,0.0,1.0
2056/10/14,09:00,?9?9?9?9E0?9?9?9?9*9?9*9?9?9?9?9?9?9*9*_?9*9*9?9?9,31.8,25.4,69,101150,9999,9999,441,449,403,218,999900,999900,999900,99990,270,0.8,4,4,999.0,999,9,'999999999,0,0.0000,0,88,999.000,0.0,1.0
2056/10/14,10:00,?9?9?9?9E0?9?9?9?9*9?9*9?9?9?9?9?9?9*9*_?9*9*9?9?9,33.2,25.2,63,101150,9999,9999,449,632,496,261,999900,999900,999900,99990,270,0.5,4,4,999.0,999,9,'999999999,0,0.0000,0,88,999.000,0.0,1.0
2056/10/14,11:00,?9?9?9?9E0?9?9?9?9*9?9*9?9?9?9?9?9?9*9*_?9*9*9?9?9,34.1,25.2,60,101050,9999,9999,454,771,558,287,999900,999900,999900,99990,270,0.3,4,4,999.0,999,9,'999999999,0,0.0000,0,88,999.000,0.0,1.0
2056/10/14,12:00,?9?9?9?9E0?9?9?9?9*9?9*9?9?9?9?9?9?9*9*_?9*9*9?9?9,35.1,25.3,57,101050,9999,9999,460,859,613,289,999900,999900,999900,99990,270,0.5,4,4,999.0,999,9,'999999999,0,0.0000,0,88,999.000,0.0,1.0
2056/10/14,13:00,?9?9?9?9E0?9?9?9?9*9?9*9?9?9?9?9?9?9*9*_?9*9*9?9?9,34.4,25.5,60,100950,9999,9999,456,855,619,283,999900,999900,999900,99990,270,0.8,4,4,999.0,999,9,'999999999,0,0.0000,0,88,999.000,0.0,1.0
2056/10/14,14:00,?9?9?9?9E0?9?9?9?9*9?9*9?9?9?9?9?9?9*9*_?9*9*9?9?9,34.6,25.7,60,100850,9999,9999,458,774,600,262,999900,999900,999900,99990,270,0.9,4,4,999.0,999,9,'999999999,0,0.0000,0,88,999.000,0.0,1.0
2056/10/14,15:00,?9?9?9?9E0?9?9?9?9*9?9*9?9?9?9?9?9?9*9*_?9*9*9?9?9,34.3,25.7,61,100750,9999,9999,456,635,560,231,999900,999900,999900,99990,90,0.8,4,4,999.0,999,9,'999999999,0,0.0000,0,88,999.000,0.0,1.0
2056/10/14,16:00,?9?9?9?9E0?9?9?9?9*9?9*9?9?9?9?9?9?9*9*_?9*9*9?9?9,32.9,26.0,67,100750,9999,9999,451,417,396,203,999900,999900,999900,99990,90,0.8,5,5,999.0,999,9,'999999999,0,0.0000,0,88,999.000,0.0,1.0
2056/10/14,17:00,?9?9?9?9E0?9?9?9?9*9?9*9?9?9?9?9?9?9*9*_?9*9*9?9?9,27.7,26.1,91,100850,9999,9999,422,201,210,134,999900,999900,999900,99990,90,0.7,5,5,999.0,999,9,'999999999,0,0.0000,0,88,999.000,6.2,1.0
2056/10/14,18:00,?9?9?9?9E0?9?9?9?9*9?9*9?9?9?9?9?9?9*9*_?9*9*9?9?9,27.9,26.3,91,100850,9999,9999,423,34,80,28,999900,999900,999900,99990,140,0.4,5,5,999.0,999,9,'999999999,0,0.0000,0,88,999.000,1.6,1.0
2056/10/14,19:00,?9?9?9?9E0?9?9?9?9*9?9*9?9?9?9?9?9?9*9*_?9*9*9?9?9,28.7,26.9,90,100850,9999,9999,432,0,0,0,999900,999900,999900,99990,140,0.4,6,6,999.0,999,9,'999999999,0,0.0000,0,88,999.000,0.0,1.0
2056/10/14,20:00,?9?9?9?9E0?9?9?9?9*9?9*9?9?9?9?9?9?9*9*_?9*9*9?9?9,28.7,27.3,92,100950,9999,9999,438,0,0,0,999900,999900,999900,99990,140,0.4,7,7,999.0,999,9,'999999999,0,0.0000,0,88,999.000,0.0,1.0
2056/10/14,21:00,?9?9?9?9E0?9?9?9?9*9?9*9?9?9?9?9?9?9*9*_?9*9*9?9?9,28.9,27.9,94,101050,9999,9999,439,0,0,0,999900,999900,999900,99990,180,0.7,7,7,999.0,999,9,'999999999,0,0.0000,0,88,999.000,0.0,1.0
2056/10/14,22:00,?9?9?9?9E0?9?9?9?9*9?9*9?9?9?9?9?9?9*9*_?9*9*9?9?9,29.6,27.6,89,101050,9999,9999,450,0,0,0,999900,999900,999900,99990,180,1.1,8,8,999.0,999,9,'999999999,0,0.0000,0,88,999.000,0.0,1.0
2056/10/14,23:00,?9?9?9?9E0?9?9?9?9*9?9*9?9?9?9?9?9?9*9*_?9*9*9?9?9,27.4,27.1,98,101050,9999,9999,437,0,0,0,999900,999900,999900,99990,180,0.0,8,8,999.0,999,9,'999999999,0,0.0000,0,88,999.000,0.0,1.0
2056/10/14,24:00,?9?9?9?9E0?9?9?9?9*9?9*9?9?9?9?9?9?9*9*_?9*9*9?9?9,27.0,26.5,97,100950,9999,9999,434,0,0,0,999900,999900,999900,99990,180,0.2,8,8,999.0,999,9,'999999999,0,0.0000,0,88,999.000,0.0,1.0
2056/10/15,01:00,?9?9?9?9E0?9?9?9?9*9?9*9?9?9?9?9?9?9*9*_?9*9*9?9?9,27.0,26.1,95,100950,9999,9999,433,0,0,0,999900,999900,999900,99990,180,1.2,8,8,999.0,999,9,'999999999,0,0.0000,0,88,999.000,0.0,1.0
2056/10/15,02:00,?9?9?9?9E0?9?9?9?9*9?9*9?9?9?9?9?9?9*9*_?9*9*9?9?9,27.0,26.1,95,100850,9999,9999,433,0,0,0,999900,999900,999900,99990,180,1.3,8,8,999.0,999,9,'999999999,0,0.0000,0,88,999.000,0.0,1.0
2056/10/15,03:00,?9?9?9?9E0?9?9?9?9*9?9*9?9?9?9?9?9?9*9*_?9*9*9?9?9,26.8,26.0,95,100850,9999,9999,432,0,0,0,999900,999900,999900,99990,360,1.0,8,8,999.0,999,9,'999999999,0,0.0000,0,88,999.000,0.0,1.0
2056/10/15,04:00,?9?9?9?9E0?9?9?9?9*9?9*9?9?9?9?9?9?9*9*_?9*9*9?9?9,26.6,25.9,96,100750,9999,9999,431,0,0,0,999900,999900,999900,99990,360,0.7,8,8,999.0,999,9,'999999999,0,0.0000,0,88,999.000,0.0,1.0
2056/10/15,05:00,?9?9?9?9E0?9?9?9?9*9?9*9?9?9?9?9?9?9*9*_?9*9*9?9?9,26.5,25.8,96,100850,9999,9999,430,0,0,0,999900,999900,999900,99990,360,0.9,8,8,999.0,999,9,'999999999,0,0.0000,0,88,999.000,0.0,1.0
2056/10/15,06:00,?9?9?9?9E0?9?9?9?9*9?9*9?9?9?9?9?9?9*9*_?9*9*9?9?9,25.8,25.7,99,100850,9999,9999,426,0,0,0,999900,999900,999900,99990,360,1.0,8,8,999.0,999,9,'999999999,0,0.0000,0,88,999.000,0.0,1.0
2056/10/15,07:00,?9?9?9?9E0?9?9?9?9*9?9*9?9?9?9?9?9?9*9*_?9*9*9?9?9,26.5,25.5,94,100850,9999,9999,423,38,28,35,999900,999900,999900,99990,360,0.7,7,7,999.0,999,9,'999999999,0,0.0000,0,88,999.000,0.0,1.0
2056/10/15,08:00,?9?9?9?9E0?9?9?9?9*9?9*9?9?9?9?9?9?9*9*_?9*9*9?9?9,27.9,25.4,86,100950,9999,9999,426,201,120,158,999900,999900,999900,99990,360,0.6,6,6,999.0,999,9,'999999999,0,0.0000,0,88,999.000,0.0,1.0
2056/10/15,09:00,?9?9?9?9E0?9?9?9?9*9?9*9?9?9?9?9?9?9*9*_?9*9*9?9?9,30.4,25.0,73,101050,9999,9999,436,414,279,254,999900,999900,999900,99990,220,1.1,5,5,999.0,999,9,'999999999,0,0.0000,0,88,999.000,0.0,1.0
2056/10/15,10:00,?9?9?9?9E0?9?9?9?9*9?9*9?9?9?9?9?9?9*9*_?9*9*9?9?9,31.6,25.0,68,101050,9999,9999,442,588,366,315,999900,999900,999900,99990,220,1.5,5,5,999.0,999,9,'999999999,0,0.0000,0,88,999.000,0.0,1.0
2056/10/15,11:00,?9?9?9?9E0?9?9?9?9*9?9*9?9?9?9?9?9?9*9*_?9*9*9?9?9,33.0,25.0,63,101050,9999,9999,451,724,430,351,999900,999900,999900,99990,220,1.5,5,5,999.0,999,9,'999999999,0,0.0000,0,88,999.000,0.0,1.0
2056/10/15,12:00,?9?9?9?9E0?9?9?9?9*9?9*9?9?9?9?9?9?9*9*_?9*9*9?9?9,33.4,24.9,61,100950,9999,9999,453,817,492,361,999900,999900,999900,99990,360,2.1,5,5,999.0,999,9,'999999999,0,0.0000,0,88,999.000,0.0,1.0
2056/10/15,13:00,?9?9?9?9E0?9?9?9?9*9?9*9?9?9?9?9?9?9*9*_?9*9*9?9?9,33.5,25.2,62,100850,9999,9999,458,759,401,390,999900,999900,999900,99990,360,1.2,6,6,999.0,999,9,'999999999,0,0.0000,0,88,999.000,0.0,1.0
2056/10/15,14:00,?9?9?9?9E0?9?9?9?9*9?9*9?9?9?9?9?9?9*9*_?9*9*9?9?9,33.8,25.8,63,100850,9999,9999,466,629,283,389,999900,999900,999900,99990,360,0.5,7,7,999.0,999,9,'999999999,0,0.0000,0,88,999.000,0.0,1.0
2056/10/15,15:00,?9?9?9?9E0?9?9?9?9*9?9*9?9?9?9?9?9?9*9*_?9*9*9?9?9,33.1,26.2,67,100750,9999,9999,469,452,164,334,999900,999900,999900,99990,360,0.7,8,8,999.0,999,9,'999999999,0,0.0000,0,88,999.000,0.0,1.0
2056/10/15,16:00,?9?9?9?9E0?9?9?9?9*9?9*9?9?9?9?9?9?9*9*_?9*9*9?9?9,33.1,26.4,68,100750,9999,9999,480,262,73,223,999900,999900,999900,99990,360,0.3,9,9,999.0,999,9,'999999999,0,0.0000,0,88,999.000,0.0,1.0
2056/10/15,17:00,?9?9?9?9E0?9?9?9?9*9?9*9?9?9?9?9?9?9*9*_?9*9*9?9?9,32.4,26.5,71,100750,9999,9999,476,124,37,112,999900,999900,999900,99990,360,1.0,9,9,999.0,999,9,'999999999,0,0.0000,0,88,999.000,0.0,1.0
2056/10/15,18:00,?9?9?9?9E0?9?9?9?9*9?9*9?9?9?9?9?9?9*9*_?9*9*9?9?9,31.3,26.6,76,100750,9999,9999,469,13,7,12,999900,999900,999900,99990,360,0.8,9,9,999.0,999,9,'999999999,0,0.0000,0,88,999.000,0.0,1.0
2056/10/15,19:00,?9?9?9?9E0?9?9?9?9*9?9*9?9?9?9?9?9?9*9*_?9*9*9?9?9,30.7,26.7,79,100850,9999,9999,456,0,0,0,999900,999900,999900,99990,360,0.0,8,8,999.0,999,9,'999999999,0,0.0000,0,88,999.000,0.0,1.0
2056/10/15,20:00,?9?9?9?9E0?9?9?9?9*9?9*9?9?9?9?9?9?9*9*_?9*9*9?9?9,30.0,26.4,81,100950,9999,9999,451,0,0,0,999900,999900,999900,99990,360,0.0,8,8,999.0,999,9,'999999999,0,0.0000,0,88,999.000,0.0,1.0
2056/10/15,21:00,?9?9?9?9E0?9?9?9?9*9?9*9?9?9?9?9?9?9*9*_?9*9*9?9?9,29.5,26.3,83,101050,9999,9999,448,0,0,0,999900,999900,999900,99990,360,0.2,8,8,999.0,999,9,'999999999,0,0.0000,0,88,999.000,0.0,1.0
2056/10/15,22:00,?9?9?9?9E0?9?9?9?9*9?9*9?9?9?9?9?9?9*9*_?9*9*9?9?9,29.0,26.0,84,100950,9999,9999,445,0,0,0,999900,999900,999900,99990,360,0.0,8,8,999.0,999,9,'999999999,0,0.0000,0,88,999.000,0.0,1.0
2056/10/15,23:00,?9?9?9?9E0?9?9?9?9*9?9*9?9?9?9?9?9?9*9*_?9*9*9?9?9,28.1,25.7,87,100950,9999,9999,439,0,0,0,999900,999900,999900,99990,360,0.0,8,8,999.0,999,9,'999999999,0,0.0000,0,88,999.000,0.0,1.0
2056/10/15,24:00,?9?9?9?9E0?9?9?9?9*9?9*9?9?9?9?9?9?9*9*_?9*9*9?9?9,27.6,25.5,88,100950,9999,9999,436,0,0,0,999900,999900,999900,99990,360,0.0,8,8,999.0,999,9,'999999999,0,0.0000,0,88,999.000,0.0,1.0
2056/10/16,01:00,?9?9?9?9E0?9?9?9?9*9?9*9?9?9?9?9?9?9*9*_?9*9*9?9?9,27.2,25.1,88,100850,9999,9999,433,0,0,0,999900,999900,999900,99990,360,0.0,8,8,999.0,999,9,'999999999,0,0.0000,0,88,999.000,0.0,1.0
2056/10/16,02:00,?9?9?9?9E0?9?9?9?9*9?9*9?9?9?9?9?9?9*9*_?9*9*9?9?9,27.1,24.8,87,100850,9999,9999,432,0,0,0,999900,999900,999900,99990,360,0.2,8,8,999.0,999,9,'999999999,0,0.0000,0,88,999.000,0.0,1.0
2056/10/16,03:00,?9?9?9?9E0?9?9?9?9*9?9*9?9?9?9?9?9?9*9*_?9*9*9?9?9,27.0,24.3,85,100750,9999,9999,431,0,0,0,999900,999900,999900,99990,360,0.3,8,8,999.0,999,9,'999999999,0,0.0000,0,88,999.000,0.0,1.0
2056/10/16,04:00,?9?9?9?9E0?9?9?9?9*9?9*9?9?9?9?9?9?9*9*_?9*9*9?9?9,26.8,24.1,85,100650,9999,9999,423,0,0,0,999900,999900,999900,99990,360,0.2,7,7,999.0,999,9,'999999999,0,0.0000,0,88,999.000,0.0,1.0
2056/10/16,05:00,?9?9?9?9E0?9?9?9?9*9?9*9?9?9?9?9?9?9*9*_?9*9*9?9?9,27.1,24.4,85,100750,9999,9999,425,0,0,0,999900,999900,999900,99990,360,0.7,7,7,999.0,999,9,'999999999,0,0.0000,0,88,999.000,0.0,1.0
2056/10/16,06:00,?9?9?9?9E0?9?9?9?9*9?9*9?9?9?9?9?9?9*9*_?9*9*9?9?9,26.8,24.7,88,100750,9999,9999,418,0,0,0,999900,999900,999900,99990,360,0.4,6,6,999.0,999,9,'999999999,0,0.0000,0,88,999.000,0.0,1.0
2056/10/16,07:00,?9?9?9?9E0?9?9?9?9*9?9*9?9?9?9?9?9?9*9*_?9*9*9?9?9,27.4,24.9,86,100850,9999,9999,422,48,52,42,999900,999900,999900,99990,360,0.2,6,6,999.0,999,9,'999999999,0,0.0000,0,88,999.000,0.0,1.0
2056/10/16,08:00,?9?9?9?9E0?9?9?9?9*9?9*9?9?9?9?9?9?9*9*_?9*9*9?9?9,29.1,24.9,78,100950,9999,9999,428,226,175,164,999900,999900,999900,99990,360,0.3,5,5,999.0,999,9,'999999999,0,0.0000,0,88,999.000,0.0,1.0
2056/10/16,09:00,?9?9?9?9E0?9?9?9?9*9?9*9?9?9?9?9?9?9*9*_?9*9*9?9?9,30.3,24.9,73,101050,9999,9999,435,415,280,255,999900,999900,999900,99990,270,0.2,5,5,999.0,999,9,'999999999,0,0.0000,0,88,999.000,0.0,1.0
2056/10/16,10:00,?9?9?9?9E0?9?9?9?9*9?9*9?9?9?9?9?9?9*9*_?9*9*9?9?9,32.8,25.1,64,101050,9999,9999,450,592,361,323,999900,999900,999900,99990,270,0.4,5,5,999.0,999,9,'999999999,0,0.0000,0,88,999.000,0.0,1.0
2056/10/16,11:00,?9?9?9?9E0?9?9?9?9*9?9*9?9?9?9?9?9?9*9*_?9*9*9?9?9,33.6,25.1,61,100950,9999,9999,458,684,342,388,999900,999900,999900,99990,270,0.5,6,6,999.0,999,9,'999999999,0,0.0000,0,88,999.000,0.0,1.0
2056/10/16,12:00,?9?9?9?9E0?9?9?9?9*9?9*9?9?9?9?9?9?9*9*_?9*9*9?9?9,31.8,25.4,69,100850,9999,9999,453,692,271,442,999900,999900,999900,99990,50,1.7,7,7,999.0,999,9,'999999999,0,0.0000,0,88,999.000,0.4,1.0
2056/10/16,13:00,?9?9?9?9E0?9?9?9?9*9?9*9?9?9?9?9?9?9*9*_?9*9*9?9?9,30.3,25.6,76,100750,9999,9999,452,611,181,445,999900,999900,999900,99990,50,0.6,8,8,999.0,999,9,'999999999,0,0.0000,0,88,999.000,5.2,1.0
2056/10/16,14:00,?9?9?9?9E0?9?9?9?9*9?9*9?9?9?9?9?9?9*9*_?9*9*9?9?9,31.3,25.9,73,100650,9999,9999,458,557,174,410,999900,999900,999900,99990,50,1.5,8,8,999.0,999,9,'999999999,0,0.0000,0,88,999.000,0.0,1.0
2056/10/16,15:00,?9?9?9?9E0?9?9?9?9*9?9*9?9?9?9?9?9?9*9*_?9*9*9?9?9,32.3,26.4,71,100650,9999,9999,465,441,145,337,999900,999900,999900,99990,140,1.7,8,8,999.0,999,9,'999999999,0,0.0000,0,88,999.000,0.0,1.0
2056/10/16,16:00,?9?9?9?9E0?9?9?9?9*9?9*9?9?9?9?9?9?9*9*_?9*9*9?9?9,30.3,26.5,80,100650,9999,9999,453,286,95,235,999900,999900,999900,99990,140,1.3,8,8,999.0,999,9,'999999999,0,0.0000,0,88,999.000,0.0,1.0
2056/10/16,17:00,?9?9?9?9E0?9?9?9?9*9?9*9?9?9?9?9?9?9*9*_?9*9*9?9?9,29.8,26.4,82,100650,9999,9999,450,137,50,121,999900,999900,999900,99990,140,0.7,8,8,999.0,999,9,'999999999,0,0.0000,0,88,999.000,0.0,1.0
2056/10/16,18:00,?9?9?9?9E0?9?9?9?9*9?9*9?9?9?9?9?9?9*9*_?9*9*9?9?9,29.8,26.4,82,100750,9999,9999,450,18,14,17,999900,999900,999900,99990,140,0.6,8,8,999.0,999,9,'999999999,0,0.0000,0,88,999.000,0.0,1.0
2056/10/16,19:00,?9?9?9?9E0?9?9?9?9*9?9*9?9?9?9?9?9?9*9*_?9*9*9?9?9,29.3,26.3,84,100750,9999,9999,447,0,0,0,999900,999900,999900,99990,140,0.3,8,8,999.0,999,9,'999999999,0,0.0000,0,88,999.000,0.0,1.0
2056/10/16,20:00,?9?9?9?9E0?9?9?9?9*9?9*9?9?9?9?9?9?9*9*_?9*9*9?9?9,28.8,26.6,88,100850,9999,9999,444,0,0,0,999900,999900,999900,99990,140,0.0,8,8,999.0,999,9,'999999999,0,0.0000,0,88,999.000,0.0,1.0
2056/10/16,21:00,?9?9?9?9E0?9?9?9?9*9?9*9?9?9?9?9?9?9*9*_?9*9*9?9?9,28.8,27.0,90,100850,9999,9999,445,0,0,0,999900,999900,999900,99990,140,0.0,8,8,999.0,999,9,'999999999,0,0.0000,0,88,999.000,0.0,1.0
2056/10/16,22:00,?9?9?9?9E0?9?9?9?9*9?9*9?9?9?9?9?9?9*9*_?9*9*9?9?9,28.7,27.1,91,100950,9999,9999,437,0,0,0,999900,999900,999900,99990,140,0.0,7,7,999.0,999,9,'999999999,0,0.0000,0,88,999.000,0.0,1.0
2056/10/16,23:00,?9?9?9?9E0?9?9?9?9*9?9*9?9?9?9?9?9?9*9*_?9*9*9?9?9,28.2,27.2,94,100950,9999,9999,435,0,0,0,999900,999900,999900,99990,140,0.0,7,7,999.0,999,9,'999999999,0,0.0000,0,88,999.000,0.0,1.0
2056/10/16,24:00,?9?9?9?9E0?9?9?9?9*9?9*9?9?9?9?9?9?9*9*_?9*9*9?9?9,27.2,27.2,100,100950,9999,9999,424,0,0,0,999900,999900,999900,99990,360,0.0,6,6,999.0,999,9,'999999999,0,0.0000,0,88,999.000,0.0,1.0
2056/10/17,01:00,?9?9?9?9E0?9?9?9?9*9?9*9?9?9?9?9?9?9*9*_?9*9*9?9?9,27.4,26.9,97,100850,9999,9999,425,0,0,0,999900,999900,999900,99990,360,0.0,6,6,999.0,999,9,'999999999,0,0.0000,0,88,999.000,0.0,1.0
2056/10/17,02:00,?9?9?9?9E0?9?9?9?9*9?9*9?9?9?9?9?9?9*9*_?9*9*9?9?9,27.4,26.0,92,100750,9999,9999,428,0,0,0,999900,999900,999900,99990,360,0.7,7,7,999.0,999,9,'999999999,0,0.0000,0,88,999.000,0.0,1.0
2056/10/17,03:00,?9?9?9?9E0?9?9?9?9*9?9*9?9?9?9?9?9?9*9*_?9*9*9?9?9,27.4,25.1,87,100750,9999,9999,434,0,0,0,999900,999900,999900,99990,360,0.0,8,8,999.0,999,9,'999999999,0,0.0000,0,88,999.000,0.0,1.0
2056/10/17,04:00,?9?9?9?9E0?9?9?9?9*9?9*9?9?9?9?9?9?9*9*_?9*9*9?9?9,26.9,24.6,87,100750,9999,9999,431,0,0,0,999900,999900,999900,99990,360,0.0,8,8,999.0,999,9,'999999999,0,0.0000,0,88,999.000,0.0,1.0
2056/10/17,05:00,?9?9?9?9E0?9?9?9?9*9?9*9?9?9?9?9?9?9*9*_?9*9*9?9?9,27.1,24.8,87,100750,9999,9999,425,0,0,0,999900,999900,999900,99990,360,0.0,7,7,999.0,999,9,'999999999,0,0.0000,0,88,999.000,0.0,1.0
2056/10/17,06:00,?9?9?9?9E0?9?9?9?9*9?9*9?9?9?9?9?9?9*9*_?9*9*9?9?9,26.5,24.7,90,100750,9999,9999,417,0,0,0,999900,999900,999900,99990,50,0.0,6,6,999.0,999,9,'999999999,0,0.0000,0,88,999.000,0.0,1.0
2056/10/17,07:00,?9?9?9?9E0?9?9?9?9*9?9*9?9?9?9?9?9?9*9*_?9*9*9?9?9,26.9,25.0,89,100850,9999,9999,416,53,78,44,999900,999900,999900,99990,50,0.2,5,5,999.0,999,9,'999999999,0,0.0000,0,88,999.000,0.0,1.0
2056/10/17,08:00,?9?9?9?9E0?9?9?9?9*9?9*9?9?9?9?9?9?9*9*_?9*9*9?9?9,30.3,24.9,73,100950,9999,9999,435,230,206,157,999900,999900,999900,99990,50,0.5,5,5,999.0,999,9,'999999999,0,0.0000,0,88,999.000,0.0,1.0
2056/10/17,09:00,?9?9?9?9E0?9?9?9?9*9?9*9?9?9?9?9?9?9*9*_?9*9*9?9?9,31.0,24.9,70,101050,9999,9999,439,418,310,242,999900,999900,999900,99990,360,1.0,5,5,999.0,999,9,'999999999,0,0.0000,0,88,999.000,0.0,1.0
2056/10/17,10:00,?9?9?9?9E0?9?9?9?9*9?9*9?9?9?9?9?9?9*9*_?9*9*9?9?9,31.4,24.8,68,101050,9999,9999,441,587,382,303,999900,999900,999900,99990,360,1.2,5,5,999.0,999,9,'999999999,0,0.0000,0,88,999.000,0.0,1.0
2056/10/17,11:00,?9?9?9?9E0?9?9?9?9*9?9*9?9?9?9?9?9?9*9*_?9*9*9?9?9,31.8,24.7,66,101050,9999,9999,443,731,461,333,999900,999900,999900,99990,360,1.4,5,5,999.0,999,9,'999999999,0,0.0000,0,88,999.000,0.0,1.0
2056/10/17,12:00,?9?9?9?9E0?9?9?9?9*9?9*9?9?9?9?9?9?9*9*_?9*9*9?9?9,32.4,24.5,63,100950,9999,9999,446,812,506,346,999900,999900,999900,99990,50,1.3,5,5,999.0,999,9,'999999999,0,0.0000,0,88,999.000,0.0,1.0
2056/10/17,13:00,?9?9?9?9E0?9?9?9?9*9?9*9?9?9?9?9?9?9*9*_?9*9*9?9?9,32.9,24.4,61,100850,9999,9999,453,761,424,372,999900,999900,999900,99990,50,1.2,6,6,999.0,999,9,'999999999,0,0.0000,0,88,999.000,0.0,1.0
2056/10/17,14:00,?9?9?9?9E0?9?9?9?9*9?9*9?9?9?9?9?9?9*9*_?9*9*9?9?9,32.9,24.4,61,100750,9999,9999,458,632,312,369,999900,999900,999900,99990,50,1.1,7,7,999.0,999,9,'999999999,0,0.0000,0,88,999.000,0.0,1.0
2056/10/17,15:00,?9?9?9?9E0?9?9?9?9*9?9*9?9?9?9?9?9?9*9*_?9*9*9?9?9,32.4,24.5,63,100650,9999,9999,456,510,274,314,999900,999900,999900,99990,110,0.9,7,7,999.0,999,9,'999999999,0,0.0000,0,88,999.000,0.0,1.0
2056/10/17,16:00,?9?9?9?9E0?9?9?9?9*9?9*9?9?9?9?9?9?9*9*_?9*9*9?9?9,32.1,24.2,63,100650,9999,9999,453,355,231,232,999900,999900,999900,99990,110,1.3,7,7,999.0,999,9,'999999999,0,0.0000,0,88,999.000,0.0,1.0
2056/10/17,17:00,?9?9?9?9E0?9?9?9?9*9?9*9?9?9?9?9?9?9*9*_?9*9*9?9?9,31.5,24.1,65,100750,9999,9999,445,197,196,136,999900,999900,999900,99990,110,1.3,6,6,999.0,999,9,'999999999,0,0.0000,0,88,999.000,0.0,1.0
2056/10/17,18:00,?9?9?9?9E0?9?9?9?9*9?9*9?9?9?9?9?9?9*9*_?9*9*9?9?9,30.4,24.6,71,100750,9999,9999,432,36,110,29,999900,999900,999900,99990,50,1.1,4,4,999.0,999,9,'999999999,0,0.0000,0,88,999.000,0.0,1.0
2056/10/17,19:00,?9?9?9?9E0?9?9?9?9*9?9*9?9?9?9?9?9?9*9*_?9*9*9?9?9,30.4,25.3,74,100850,9999,9999,433,0,0,0,999900,999900,999900,99990,50,1.0,4,4,999.0,999,9,'999999999,0,0.0000,0,88,999.000,0.0,1.0
2056/10/17,20:00,?9?9?9?9E0?9?9?9?9*9?9*9?9?9?9?9?9?9*9*_?9*9*9?9?9,27.5,25.5,89,100950,9999,9999,423,0,0,0,999900,999900,999900,99990,50,0.5,6,6,999.0,999,9,'999999999,0,0.0000,0,88,999.000,0.0,1.0
2056/10/17,21:00,?9?9?9?9E0?9?9?9?9*9?9*9?9?9?9?9?9?9*9*_?9*9*9?9?9,27.9,26.1,90,101050,9999,9999,431,0,0,0,999900,999900,999900,99990,360,0.3,7,7,999.0,999,9,'999999999,0,0.0000,0,88,999.000,0.0,1.0
2056/10/17,22:00,?9?9?9?9E0?9?9?9?9*9?9*9?9?9?9?9?9?9*9*_?9*9*9?9?9,27.9,26.3,91,101050,9999,9999,439,0,0,0,999900,999900,999900,99990,360,0.0,8,8,999.0,999,9,'999999999,0,0.0000,0,88,999.000,0.0,1.0
2056/10/17,23:00,?9?9?9?9E0?9?9?9?9*9?9*9?9?9?9?9?9?9*9*_?9*9*9?9?9,27.9,25.9,89,101050,9999,9999,438,0,0,0,999900,999900,999900,99990,360,0.0,8,8,999.0,999,9,'999999999,0,0.0000,0,88,999.000,0.0,1.0
2056/10/17,24:00,?9?9?9?9E0?9?9?9?9*9?9*9?9?9?9?9?9?9*9*_?9*9*9?9?9,25.9,25.4,97,100950,9999,9999,426,0,0,0,999900,999900,999900,99990,360,1.4,8,8,999.0,999,9,'999999999,0,0.0000,0,88,999.000,10.2,1.0
2056/10/18,01:00,?9?9?9?9E0?9?9?9?9*9?9*9?9?9?9?9?9?9*9*_?9*9*9?9?9,26.4,25.6,95,100850,9999,9999,438,0,0,0,999900,999900,999900,99990,360,0.0,9,9,999.0,999,9,'999999999,0,0.0000,0,88,999.000,0.5,1.0
2056/10/18,02:00,?9?9?9?9E0?9?9?9?9*9?9*9?9?9?9?9?9?9*9*_?9*9*9?9?9,26.5,25.8,96,100850,9999,9999,439,0,0,0,999900,999900,999900,99990,360,0.0,9,9,999.0,999,9,'999999999,0,0.0000,0,88,999.000,0.0,1.0
2056/10/18,03:00,?9?9?9?9E0?9?9?9?9*9?9*9?9?9?9?9?9?9*9*_?9*9*9?9?9,26.5,26.0,97,100750,9999,9999,439,0,0,0,999900,999900,999900,99990,360,0.0,9,9,999.0,999,9,'999999999,0,0.0000,0,88,999.000,0.0,1.0
2056/10/18,04:00,?9?9?9?9E0?9?9?9?9*9?9*9?9?9?9?9?9?9*9*_?9*9*9?9?9,26.8,26.1,96,100750,9999,9999,441,0,0,0,999900,999900,999900,99990,360,0.3,9,9,999.0,999,9,'999999999,0,0.0000,0,88,999.000,0.0,1.0
2056/10/18,05:00,?9?9?9?9E0?9?9?9?9*9?9*9?9?9?9?9?9?9*9*_?9*9*9?9?9,25.5,25.5,100,100850,9999,9999,433,0,0,0,999900,999900,999900,99990,360,0.3,9,9,999.0,999,9,'999999999,0,0.0000,0,88,999.000,6.0,1.0
2056/10/18,06:00,?9?9?9?9E0?9?9?9?9*9?9*9?9?9?9?9?9?9*9*_?9*9*9?9?9,25.5,25.5,100,100850,9999,9999,433,0,0,0,999900,999900,999900,99990,360,0.2,9,9,999.0,999,9,'999999999,0,0.0000,0,88,999.000,10.2,1.0
2056/10/18,07:00,?9?9?9?9E0?9?9?9?9*9?9*9?9?9?9?9?9?9*9*_?9*9*9?9?9,25.9,25.6,98,100950,9999,9999,435,17,4,17,999900,999900,999900,99990,360,0.0,9,9,999.0,999,9,'999999999,0,0.0000,0,88,999.000,0.1,1.0
2056/10/18,08:00,?9?9?9?9E0?9?9?9?9*9?9*9?9?9?9?9?9?9*9*_?9*9*9?9?9,26.5,25.8,96,100950,9999,9999,439,110,14,105,999900,999900,999900,99990,360,0.5,9,9,999.0,999,9,'999999999,0,0.0000,0,88,999.000,1.3,1.0
2056/10/18,09:00,?9?9?9?9E0?9?9?9?9*9?9*9?9?9?9?9?9?9*9*_?9*9*9?9?9,28.0,25.8,88,101150,9999,9999,448,235,31,217,999900,999900,999900,99990,360,1.0,9,9,999.0,999,9,'999999999,0,0.0000,0,88,999.000,0.0,1.0
2056/10/18,10:00,?9?9?9?9E0?9?9?9?9*9?9*9?9?9?9?9?9?9*9*_?9*9*9?9?9,29.5,25.7,80,101150,9999,9999,457,356,48,320,999900,999900,999900,99990,360,0.6,9,9,999.0,999,9,'999999999,0,0.0000,0,88,999.000,0.0,1.0
2056/10/18,11:00,?9?9?9?9E0?9?9?9?9*9?9*9?9?9?9?9?9?9*9*_?9*9*9?9?9,30.0,25.5,77,101050,9999,9999,460,449,61,397,999900,999900,999900,99990,360,0.5,9,9,999.0,999,9,'999999999,0,0.0000,0,88,999.000,0.0,1.0
2056/10/18,12:00,?9?9?9?9E0?9?9?9?9*9?9*9?9?9?9?9?9?9*9*_?9*9*9?9?9,30.0,25.5,77,100950,9999,9999,460,511,76,441,999900,999900,999900,99990,50,0.7,9,9,999.0,999,9,'999999999,0,0.0000,0,88,999.000,0.0,1.0
2056/10/18,13:00,?9?9?9?9E0?9?9?9?9*9?9*9?9?9?9?9?9?9*9*_?9*9*9?9?9,29.0,25.6,82,100950,9999,9999,444,581,123,469,999900,999900,999900,99990,50,1.3,8,8,999.0,999,9,'999999999,0,0.0000,0,88,999.000,0.0,1.0
2056/10/18,14:00,?9?9?9?9E0?9?9?9?9*9?9*9?9?9?9?9?9?9*9*_?9*9*9?9?9,30.9,26.0,75,100850,9999,9999,456,529,125,423,999900,999900,999900,99990,50,1.1,8,8,999.0,999,9,'999999999,0,0.0000,0,88,999.000,0.0,1.0
2056/10/18,15:00,?9?9?9?9E0?9?9?9?9*9?9*9?9?9?9?9?9?9*9*_?9*9*9?9?9,30.0,26.4,81,100750,9999,9999,451,415,103,342,999900,999900,999900,99990,360,1.8,8,8,999.0,999,9,'999999999,0,0.0000,0,88,999.000,0.0,1.0
2056/10/18,16:00,?9?9?9?9E0?9?9?9?9*9?9*9?9?9?9?9?9?9*9*_?9*9*9?9?9,30.5,26.5,79,100750,9999,9999,454,279,75,239,999900,999900,999900,99990,360,1.4,8,8,999.0,999,9,'999999999,0,0.0000,0,88,999.000,0.0,1.0
2056/10/18,17:00,?9?9?9?9E0?9?9?9?9*9?9*9?9?9?9?9?9?9*9*_?9*9*9?9?9,29.5,26.5,84,100850,9999,9999,448,132,38,120,999900,999900,999900,99990,360,1.0,8,8,999.0,999,9,'999999999,0,0.0000,0,88,999.000,0.0,1.0
2056/10/18,18:00,?9?9?9?9E0?9?9?9?9*9?9*9?9?9?9?9?9?9*9*_?9*9*9?9?9,29.0,26.4,86,100850,9999,9999,445,14,8,13,999900,999900,999900,99990,360,0.4,8,8,999.0,999,9,'999999999,0,0.0000,0,88,999.000,0.0,1.0
2056/10/18,19:00,?9?9?9?9E0?9?9?9?9*9?9*9?9?9?9?9?9?9*9*_?9*9*9?9?9,28.5,26.3,88,101050,9999,9999,442,0,0,0,999900,999900,999900,99990,360,0.5,8,8,999.0,999,9,'999999999,0,0.0000,0,88,999.000,0.0,1.0
2056/10/18,20:00,?9?9?9?9E0?9?9?9?9*9?9*9?9?9?9?9?9?9*9*_?9*9*9?9?9,28.0,26.4,91,101050,9999,9999,432,0,0,0,999900,999900,999900,99990,360,0.4,7,7,999.0,999,9,'999999999,0,0.0000,0,88,999.000,0.0,1.0
2056/10/18,21:00,?9?9?9?9E0?9?9?9?9*9?9*9?9?9?9?9?9?9*9*_?9*9*9?9?9,27.6,26.6,94,101050,9999,9999,422,0,0,0,999900,999900,999900,99990,90,0.3,5,5,999.0,999,9,'999999999,0,0.0000,0,88,999.000,0.0,1.0
2056/10/18,22:00,?9?9?9?9E0?9?9?9?9*9?9*9?9?9?9?9?9?9*9*_?9*9*9?9?9,27.6,26.6,94,101150,9999,9999,422,0,0,0,999900,999900,999900,99990,90,0.0,5,5,999.0,999,9,'999999999,0,0.0000,0,88,999.000,0.0,1.0
2056/10/18,23:00,?9?9?9?9E0?9?9?9?9*9?9*9?9?9?9?9?9?9*9*_?9*9*9?9?9,27.2,26.5,96,101150,9999,9999,428,0,0,0,999900,999900,999900,99990,90,0.4,7,7,999.0,999,9,'999999999,0,0.0000,0,88,999.000,0.0,1.0
2056/10/18,24:00,?9?9?9?9E0?9?9?9?9*9?9*9?9?9?9?9?9?9*9*_?9*9*9?9?9,26.6,26.4,99,101050,9999,9999,441,0,0,0,999900,999900,999900,99990,360,0.1,9,9,999.0,999,9,'999999999,0,0.0000,0,88,999.000,6.0,1.0
2056/10/19,01:00,?9?9?9?9E0?9?9?9?9*9?9*9?9?9?9?9?9?9*9*_?9*9*9?9?9,26.4,26.4,100,101050,9999,9999,452,0,0,0,999900,999900,999900,99990,360,0.2,10,10,999.0,999,9,'999999999,0,0.0000,0,88,999.000,0.0,1.0
2056/10/19,02:00,?9?9?9?9E0?9?9?9?9*9?9*9?9?9?9?9?9?9*9*_?9*9*9?9?9,26.1,26.1,100,101050,9999,9999,450,0,0,0,999900,999900,999900,99990,360,0.4,10,10,999.0,999,9,'999999999,0,0.0000,0,88,999.000,11.6,1.0
2056/10/19,03:00,?9?9?9?9E0?9?9?9?9*9?9*9?9?9?9?9?9?9*9*_?9*9*9?9?9,26.1,26.1,100,100950,9999,9999,450,0,0,0,999900,999900,999900,99990,360,0.0,10,10,999.0,999,9,'999999999,0,0.0000,0,88,999.000,0.7,1.0
2056/10/19,04:00,?9?9?9?9E0?9?9?9?9*9?9*9?9?9?9?9?9?9*9*_?9*9*9?9?9,25.8,25.8,100,100950,9999,9999,435,0,0,0,999900,999900,999900,99990,360,0.0,9,9,999.0,999,9,'999999999,0,0.0000,0,88,999.000,0.0,1.0
2056/10/19,05:00,?9?9?9?9E0?9?9?9?9*9?9*9?9?9?9?9?9?9*9*_?9*9*9?9?9,25.6,25.6,100,100950,9999,9999,434,0,0,0,999900,999900,999900,99990,360,0.0,9,9,999.0,999,9,'999999999,0,0.0000,0,88,999.000,0.0,1.0
2056/10/19,06:00,?9?9?9?9E0?9?9?9?9*9?9*9?9?9?9?9?9?9*9*_?9*9*9?9?9,25.6,25.6,100,101050,9999,9999,434,0,0,0,999900,999900,999900,99990,360,0.0,9,9,999.0,999,9,'999999999,0,0.0000,0,88,999.000,0.0,1.0
2056/10/19,07:00,?9?9?9?9E0?9?9?9?9*9?9*9?9?9?9?9?9?9*9*_?9*9*9?9?9,25.9,25.9,100,101050,9999,9999,427,25,8,24,999900,999900,999900,99990,360,0.5,8,8,999.0,999,9,'999999999,0,0.0000,0,88,999.000,0.0,1.0
2056/10/19,08:00,?9?9?9?9E0?9?9?9?9*9?9*9?9?9?9?9?9?9*9*_?9*9*9?9?9,27.6,26.4,93,101150,9999,9999,437,141,31,130,999900,999900,999900,99990,360,0.6,8,8,999.0,999,9,'999999999,0,0.0000,0,88,999.000,0.0,1.0
2056/10/19,09:00,?9?9?9?9E0?9?9?9?9*9?9*9?9?9?9?9?9?9*9*_?9*9*9?9?9,28.8,26.4,87,101250,9999,9999,444,280,59,246,999900,999900,999900,99990,50,0.3,8,8,999.0,999,9,'999999999,0,0.0000,0,88,999.000,0.0,1.0
2056/10/19,10:00,?9?9?9?9E0?9?9?9?9*9?9*9?9?9?9?9?9?9*9*_?9*9*9?9?9,29.3,26.3,84,101250,9999,9999,447,407,83,346,999900,999900,999900,99990,50,0.1,8,8,999.0,999,9,'999999999,0,0.0000,0,88,999.000,0.0,1.0
2056/10/19,11:00,?9?9?9?9E0?9?9?9?9*9?9*9?9?9?9?9?9?9*9*_?9*9*9?9?9,30.3,26.3,79,101250,9999,9999,453,518,110,424,999900,999900,999900,99990,50,0.3,8,8,999.0,999,9,'999999999,0,0.0000,0,88,999.000,0.0,1.0
2056/10/19,12:00,?9?9?9?9E0?9?9?9?9*9?9*9?9?9?9?9?9?9*9*_?9*9*9?9?9,31.5,26.1,73,101150,9999,9999,460,594,138,468,999900,999900,999900,99990,90,0.2,8,8,999.0,999,9,'999999999,0,0.0000,0,88,999.000,0.0,1.0
2056/10/19,13:00,?9?9?9?9E0?9?9?9?9*9?9*9?9?9?9?9?9?9*9*_?9*9*9?9?9,31.4,26.0,73,101050,9999,9999,459,590,140,462,999900,999900,999900,99990,90,0.5,8,8,999.0,999,9,'999999999,0,0.0000,0,88,999.000,0.0,1.0
2056/10/19,14:00,?9?9?9?9E0?9?9?9?9*9?9*9?9?9?9?9?9?9*9*_?9*9*9?9?9,31.8,26.1,72,100950,9999,9999,462,531,134,418,999900,999900,999900,99990,90,0.6,8,8,999.0,999,9,'999999999,0,0.0000,0,88,999.000,0.0,1.0
2056/10/19,15:00,?9?9?9?9E0?9?9?9?9*9?9*9?9?9?9?9?9?9*9*_?9*9*9?9?9,30.7,26.2,77,100950,9999,9999,455,424,112,345,999900,999900,999900,99990,140,0.9,8,8,999.0,999,9,'999999999,0,0.0000,0,88,999.000,0.0,1.0
2056/10/19,16:00,?9?9?9?9E0?9?9?9?9*9?9*9?9?9?9?9?9?9*9*_?9*9*9?9?9,28.8,26.4,87,100950,9999,9999,454,229,42,207,999900,999900,999900,99990,140,0.4,9,9,999.0,999,9,'999999999,0,0.0000,0,88,999.000,0.5,1.0
2056/10/19,17:00,?9?9?9?9E0?9?9?9?9*9?9*9?9?9?9?9?9?9*9*_?9*9*9?9?9,28.8,26.6,88,100950,9999,9999,454,102,19,96,999900,999900,999900,99990,140,0.0,9,9,999.0,999,9,'999999999,0,0.0000,0,88,999.000,0.0,1.0
2056/10/19,18:00,?9?9?9?9E0?9?9?9?9*9?9*9?9?9?9?9?9?9*9*_?9*9*9?9?9,28.3,26.7,91,100950,9999,9999,451,7,2,7,999900,999900,999900,99990,90,0.0,9,9,999.0,999,9,'999999999,0,0.0000,0,88,999.000,0.0,1.0
2056/10/19,19:00,?9?9?9?9E0?9?9?9?9*9?9*9?9?9?9?9?9?9*9*_?9*9*9?9?9,28.2,26.8,92,101150,9999,9999,450,0,0,0,999900,999900,999900,99990,90,0.0,9,9,999.0,999,9,'999999999,0,0.0000,0,88,999.000,0.0,1.0
2056/10/19,20:00,?9?9?9?9E0?9?9?9?9*9?9*9?9?9?9?9?9?9*9*_?9*9*9?9?9,28.2,26.8,92,101250,9999,9999,450,0,0,0,999900,999900,999900,99990,90,0.0,9,9,999.0,999,9,'999999999,0,0.0000,0,88,999.000,0.0,1.0
2056/10/19,21:00,?9?9?9?9E0?9?9?9?9*9?9*9?9?9?9?9?9?9*9*_?9*9*9?9?9,27.9,26.9,94,101350,9999,9999,449,0,0,0,999900,999900,999900,99990,90,0.0,9,9,999.0,999,9,'999999999,0,0.0000,0,88,999.000,0.0,1.0
2056/10/19,22:00,?9?9?9?9E0?9?9?9?9*9?9*9?9?9?9?9?9?9*9*_?9*9*9?9?9,27.9,27.0,95,101350,9999,9999,449,0,0,0,999900,999900,999900,99990,90,0.0,9,9,999.0,999,9,'999999999,0,0.0000,0,88,999.000,0.0,1.0
2056/10/19,23:00,?9?9?9?9E0?9?9?9?9*9?9*9?9?9?9?9?9?9*9*_?9*9*9?9?9,27.9,27.2,96,101350,9999,9999,449,0,0,0,999900,999900,999900,99990,90,0.0,9,9,999.0,999,9,'999999999,0,0.0000,0,88,999.000,0.0,1.0
2056/10/19,24:00,?9?9?9?9E0?9?9?9?9*9?9*9?9?9?9?9?9?9*9*_?9*9*9?9?9,27.6,27.3,98,101250,9999,9999,448,0,0,0,999900,999900,999900,99990,90,0.0,9,9,999.0,999,9,'999999999,0,0.0000,0,88,999.000,0.0,1.0
2056/10/20,01:00,?9?9?9?9E0?9?9?9?9*9?9*9?9?9?9?9?9?9*9*_?9*9*9?9?9,27.4,27.1,98,101150,9999,9999,430,0,0,0,999900,999900,999900,99990,90,0.0,7,7,999.0,999,9,'999999999,0,0.0000,0,88,999.000,0.0,1.0
2056/10/20,02:00,?9?9?9?9E0?9?9?9?9*9?9*9?9?9?9?9?9?9*9*_?9*9*9?9?9,26.4,26.4,100,101150,9999,9999,415,0,0,0,999900,999900,999900,99990,90,0.0,5,5,999.0,999,9,'999999999,0,0.0000,0,88,999.000,0.0,1.0
2056/10/20,03:00,?9?9?9?9E0?9?9?9?9*9?9*9?9?9?9?9?9?9*9*_?9*9*9?9?9,25.9,25.9,100,101050,9999,9999,401,0,0,0,999900,999900,999900,99990,90,0.0,2,2,999.0,999,9,'999999999,0,0.0000,0,88,999.000,0.0,1.0
2056/10/20,04:00,?9?9?9?9E0?9?9?9?9*9?9*9?9?9?9?9?9?9*9*_?9*9*9?9?9,26.4,26.1,98,101050,9999,9999,399,0,0,0,999900,999900,999900,99990,90,0.0,1,1,999.0,999,9,'999999999,0,0.0000,0,88,999.000,0.0,1.0
2056/10/20,05:00,?9?9?9?9E0?9?9?9?9*9?9*9?9?9?9?9?9?9*9*_?9*9*9?9?9,26.4,25.9,97,101050,9999,9999,398,0,0,0,999900,999900,999900,99990,90,0.0,1,1,999.0,999,9,'999999999,0,0.0000,0,88,999.000,0.0,1.0
2056/10/20,06:00,?9?9?9?9E0?9?9?9?9*9?9*9?9?9?9?9?9?9*9*_?9*9*9?9?9,26.1,25.8,98,101150,9999,9999,397,0,0,0,999900,999900,999900,99990,90,0.0,1,1,999.0,999,9,'999999999,0,0.0000,0,88,999.000,0.0,1.0
2056/10/20,07:00,?9?9?9?9E0?9?9?9?9*9?9*9?9?9?9?9?9?9*9*_?9*9*9?9?9,26.5,26.0,97,101150,9999,9999,399,59,110,47,999900,999900,999900,99990,90,0.0,1,1,999.0,999,9,'999999999,0,0.0000,0,88,999.000,0.0,1.0
2056/10/20,08:00,?9?9?9?9E0?9?9?9?9*9?9*9?9?9?9?9?9?9*9*_?9*9*9?9?9,28.8,26.4,87,101250,9999,9999,418,242,246,156,999900,999900,999900,99990,90,0.4,2,2,999.0,999,9,'999999999,0,0.0000,0,88,999.000,0.0,1.0
2056/10/20,09:00,?9?9?9?9E0?9?9?9?9*9?9*9?9?9?9?9?9?9*9*_?9*9*9?9?9,29.6,26.8,85,101350,9999,9999,427,426,327,241,999900,999900,999900,99990,90,0.1,3,3,999.0,999,9,'999999999,0,0.0000,0,88,999.000,0.0,1.0
2056/10/20,10:00,?9?9?9?9E0?9?9?9?9*9?9*9?9?9?9?9?9?9*9*_?9*9*9?9?9,30.6,27.0,81,101350,9999,9999,436,578,354,317,999900,999900,999900,99990,90,0.0,4,4,999.0,999,9,'999999999,0,0.0000,0,88,999.000,0.0,1.0
2056/10/20,11:00,?9?9?9?9E0?9?9?9?9*9?9*9?9?9?9?9?9?9*9*_?9*9*9?9?9,31.5,27.0,77,101350,9999,9999,448,638,282,396,999900,999900,999900,99990,90,0.0,6,6,999.0,999,9,'999999999,0,0.0000,0,88,999.000,0.0,1.0
2056/10/20,12:00,?9?9?9?9E0?9?9?9?9*9?9*9?9?9?9?9?9?9*9*_?9*9*9?9?9,32.1,26.9,74,101250,9999,9999,464,592,170,437,999900,999900,999900,99990,110,0.5,8,8,999.0,999,9,'999999999,0,0.0000,0,88,999.000,0.0,1.0
2056/10/20,13:00,?9?9?9?9E0?9?9?9?9*9?9*9?9?9?9?9?9?9*9*_?9*9*9?9?9,32.2,27.0,74,101150,9999,9999,465,587,172,431,999900,999900,999900,99990,110,0.4,8,8,999.0,999,9,'999999999,0,0.0000,0,88,999.000,0.0,1.0
2056/10/20,14:00,?9?9?9?9E0?9?9?9?9*9?9*9?9?9?9?9?9?9*9*_?9*9*9?9?9,32.3,27.3,75,101050,9999,9999,454,638,313,376,999900,999900,999900,99990,110,0.5,6,6,999.0,999,9,'999999999,0,0.0000,0,88,999.000,0.0,1.0
2056/10/20,15:00,?9?9?9?9E0?9?9?9?9*9?9*9?9?9?9?9?9?9*9*_?9*9*9?9?9,32.1,27.3,76,100950,9999,9999,445,581,422,283,999900,999900,999900,99990,90,0.8,4,4,999.0,999,9,'999999999,0,0.0000,0,88,999.000,0.0,1.0
2056/10/20,16:00,?9?9?9?9E0?9?9?9?9*9?9*9?9?9?9?9?9?9*9*_?9*9*9?9?9,31.6,27.3,78,100950,9999,9999,442,402,356,215,999900,999900,999900,99990,90,0.7,4,4,999.0,999,9,'999999999,0,0.0000,0,88,999.000,0.0,1.0
2056/10/20,17:00,?9?9?9?9E0?9?9?9?9*9?9*9?9?9?9?9?9?9*9*_?9*9*9?9?9,30.6,27.2,82,100950,9999,9999,436,201,219,134,999900,999900,999900,99990,90,0.8,4,4,999.0,999,9,'999999999,0,0.0000,0,88,999.000,0.0,1.0
2056/10/20,18:00,?9?9?9?9E0?9?9?9?9*9?9*9?9?9?9?9?9?9*9*_?9*9*9?9?9,30.1,26.7,82,100950,9999,9999,433,28,68,24,999900,999900,999900,99990,70,0.4,4,4,999.0,999,9,'999999999,0,0.0000,0,88,999.000,0.0,1.0
2056/10/20,19:00,?9?9?9?9E0?9?9?9?9*9?9*9?9?9?9?9?9?9*9*_?9*9*9?9?9,29.6,26.6,84,101050,9999,9999,426,0,0,0,999900,999900,999900,99990,70,0.2,3,3,999.0,999,9,'999999999,0,0.0000,0,88,999.000,0.0,1.0
2056/10/20,20:00,?9?9?9?9E0?9?9?9?9*9?9*9?9?9?9?9?9?9*9*_?9*9*9?9?9,29.1,26.5,86,101150,9999,9999,419,0,0,0,999900,999900,999900,99990,70,0.1,2,2,999.0,999,9,'999999999,0,0.0000,0,88,999.000,0.0,1.0
2056/10/20,21:00,?9?9?9?9E0?9?9?9?9*9?9*9?9?9?9?9?9?9*9*_?9*9*9?9?9,28.7,26.3,87,101250,9999,9999,404,0,0,0,999900,999900,999900,99990,70,0.0,0,0,999.0,999,9,'999999999,0,0.0000,0,88,999.000,0.0,1.0
2056/10/20,22:00,?9?9?9?9E0?9?9?9?9*9?9*9?9?9?9?9?9?9*9*_?9*9*9?9?9,28.2,26.2,89,101250,9999,9999,401,0,0,0,999900,999900,999900,99990,70,0.0,0,0,999.0,999,9,'999999999,0,0.0000,0,88,999.000,0.0,1.0
2056/10/20,23:00,?9?9?9?9E0?9?9?9?9*9?9*9?9?9?9?9?9?9*9*_?9*9*9?9?9,27.9,26.5,92,101250,9999,9999,407,0,0,0,999900,999900,999900,99990,70,0.0,1,1,999.0,999,9,'999999999,0,0.0000,0,88,999.000,0.0,1.0
2056/10/20,24:00,?9?9?9?9E0?9?9?9?9*9?9*9?9?9?9?9?9?9*9*_?9*9*9?9?9,27.4,26.5,95,101150,9999,9999,410,0,0,0,999900,999900,999900,99990,70,0.0,2,2,999.0,999,9,'999999999,0,0.0000,0,88,999.000,0.0,1.0
2056/10/21,01:00,?9?9?9?9E0?9?9?9?9*9?9*9?9?9?9?9?9?9*9*_?9*9*9?9?9,27.2,26.3,95,101050,9999,9999,413,0,0,0,999900,999900,999900,99990,70,0.0,3,3,999.0,999,9,'999999999,0,0.0000,0,88,999.000,0.0,1.0
2056/10/21,02:00,?9?9?9?9E0?9?9?9?9*9?9*9?9?9?9?9?9?9*9*_?9*9*9?9?9,27.1,26.1,94,101050,9999,9999,415,0,0,0,999900,999900,999900,99990,70,0.0,4,4,999.0,999,9,'999999999,0,0.0000,0,88,999.000,0.0,1.0
2056/10/21,03:00,?9?9?9?9E0?9?9?9?9*9?9*9?9?9?9?9?9?9*9*_?9*9*9?9?9,26.7,25.9,95,100950,9999,9999,416,0,0,0,999900,999900,999900,99990,70,0.0,5,5,999.0,999,9,'999999999,0,0.0000,0,88,999.000,0.0,1.0
2056/10/21,04:00,?9?9?9?9E0?9?9?9?9*9?9*9?9?9?9?9?9?9*9*_?9*9*9?9?9,26.7,25.5,93,100950,9999,9999,415,0,0,0,999900,999900,999900,99990,70,0.0,5,5,999.0,999,9,'999999999,0,0.0000,0,88,999.000,0.0,1.0
2056/10/21,05:00,?9?9?9?9E0?9?9?9?9*9?9*9?9?9?9?9?9?9*9*_?9*9*9?9?9,26.7,25.5,93,101050,9999,9999,415,0,0,0,999900,999900,999900,99990,70,0.0,5,5,999.0,999,9,'999999999,0,0.0000,0,88,999.000,0.0,1.0
2056/10/21,06:00,?9?9?9?9E0?9?9?9?9*9?9*9?9?9?9?9?9?9*9*_?9*9*9?9?9,26.5,25.5,94,101050,9999,9999,411,0,0,0,999900,999900,999900,99990,70,0.0,4,4,999.0,999,9,'999999999,0,0.0000,0,88,999.000,0.0,1.0
2056/10/21,07:00,?9?9?9?9E0?9?9?9?9*9?9*9?9?9?9?9?9?9*9*_?9*9*9?9?9,27.2,26.0,93,101150,9999,9999,416,53,85,44,999900,999900,999900,99990,70,0.0,4,4,999.0,999,9,'999999999,0,0.0000,0,88,999.000,0.0,1.0
2056/10/21,08:00,?9?9?9?9E0?9?9?9?9*9?9*9?9?9?9?9?9?9*9*_?9*9*9?9?9,26.5,26.5,100,101150,9999,9999,412,214,179,151,999900,999900,999900,99990,70,0.4,4,4,999.0,999,9,'999999999,0,0.0000,0,88,999.000,0.0,1.0
2056/10/21,09:00,?9?9?9?9E0?9?9?9?9*9?9*9?9?9?9?9?9?9*9*_?9*9*9?9?9,30.7,27.3,82,101150,9999,9999,437,413,315,235,999900,999900,999900,99990,320,0.5,4,4,999.0,999,9,'999999999,0,0.0000,0,88,999.000,0.0,1.0
2056/10/21,10:00,?9?9?9?9E0?9?9?9?9*9?9*9?9?9?9?9?9?9*9*_?9*9*9?9?9,31.4,27.3,79,101150,9999,9999,441,582,394,292,999900,999900,999900,99990,320,0.6,4,4,999.0,999,9,'999999999,0,0.0000,0,88,999.000,0.0,1.0
2056/10/21,11:00,?9?9?9?9E0?9?9?9?9*9?9*9?9?9?9?9?9?9*9*_?9*9*9?9?9,32.5,27.3,74,101050,9999,9999,447,710,450,326,999900,999900,999900,99990,320,0.9,4,4,999.0,999,9,'999999999,0,0.0000,0,88,999.000,0.0,1.0
2056/10/21,12:00,?9?9?9?9E0?9?9?9?9*9?9*9?9?9?9?9?9?9*9*_?9*9*9?9?9,33.1,26.9,70,101050,9999,9999,450,810,536,321,999900,999900,999900,99990,90,0.5,4,4,999.0,999,9,'999999999,0,0.0000,0,88,999.000,0.0,1.0
2056/10/21,13:00,?9?9?9?9E0?9?9?9?9*9?9*9?9?9?9?9?9?9*9*_?9*9*9?9?9,34.3,26.8,65,100950,9999,9999,457,812,557,308,999900,999900,999900,99990,90,0.5,4,4,999.0,999,9,'999999999,0,0.0000,0,88,999.000,0.0,1.0
2056/10/21,14:00,?9?9?9?9E0?9?9?9?9*9?9*9?9?9?9?9?9?9*9*_?9*9*9?9?9,33.8,26.6,66,100850,9999,9999,454,736,544,282,999900,999900,999900,99990,90,0.8,4,4,999.0,999,9,'999999999,0,0.0000,0,88,999.000,0.0,1.0
2056/10/21,15:00,?9?9?9?9E0?9?9?9?9*9?9*9?9?9?9?9?9?9*9*_?9*9*9?9?9,33.3,26.4,67,100750,9999,9999,451,598,508,241,999900,999900,999900,99990,90,0.7,4,4,999.0,999,9,'999999999,0,0.0000,0,88,999.000,0.0,1.0
2056/10/21,16:00,?9?9?9?9E0?9?9?9?9*9?9*9?9?9?9?9?9?9*9*_?9*9*9?9?9,32.9,26.5,69,100750,9999,9999,445,434,485,181,999900,999900,999900,99990,90,0.9,3,3,999.0,999,9,'999999999,0,0.0000,0,88,999.000,0.0,1.0
2056/10/21,17:00,?9?9?9?9E0?9?9?9?9*9?9*9?9?9?9?9?9?9*9*_?9*9*9?9?9,31.9,26.2,72,100750,9999,9999,439,218,319,122,999900,999900,999900,99990,90,0.8,3,3,999.0,999,9,'999999999,0,0.0000,0,88,999.000,0.0,1.0
2056/10/21,18:00,?9?9?9?9E0?9?9?9?9*9?9*9?9?9?9?9?9?9*9*_?9*9*9?9?9,30.4,26.4,79,100850,9999,9999,431,30,102,24,999900,999900,999900,99990,70,0.4,3,3,999.0,999,9,'999999999,0,0.0000,0,88,999.000,0.0,1.0
2056/10/21,19:00,?9?9?9?9E0?9?9?9?9*9?9*9?9?9?9?9?9?9*9*_?9*9*9?9?9,29.9,26.3,81,100850,9999,9999,428,0,0,0,999900,999900,999900,99990,70,0.4,3,3,999.0,999,9,'999999999,0,0.0000,0,88,999.000,0.0,1.0
2056/10/21,20:00,?9?9?9?9E0?9?9?9?9*9?9*9?9?9?9?9?9?9*9*_?9*9*9?9?9,29.5,26.3,83,101050,9999,9999,425,0,0,0,999900,999900,999900,99990,70,0.5,3,3,999.0,999,9,'999999999,0,0.0000,0,88,999.000,0.0,1.0
2056/10/21,21:00,?9?9?9?9E0?9?9?9?9*9?9*9?9?9?9?9?9?9*9*_?9*9*9?9?9,29.9,26.3,81,101050,9999,9999,428,0,0,0,999900,999900,999900,99990,70,0.1,3,3,999.0,999,9,'999999999,0,0.0000,0,88,999.000,0.0,1.0
2056/10/21,22:00,?9?9?9?9E0?9?9?9?9*9?9*9?9?9?9?9?9?9*9*_?9*9*9?9?9,29.4,26.4,84,101150,9999,9999,428,0,0,0,999900,999900,999900,99990,70,0.0,4,4,999.0,999,9,'999999999,0,0.0000,0,88,999.000,0.0,1.0
2056/10/21,23:00,?9?9?9?9E0?9?9?9?9*9?9*9?9?9?9?9?9?9*9*_?9*9*9?9?9,28.9,26.5,87,101050,9999,9999,426,0,0,0,999900,999900,999900,99990,70,0.0,4,4,999.0,999,9,'999999999,0,0.0000,0,88,999.000,0.0,1.0
2056/10/21,24:00,?9?9?9?9E0?9?9?9?9*9?9*9?9?9?9?9?9?9*9*_?9*9*9?9?9,28.4,26.6,90,101050,9999,9999,423,0,0,0,999900,999900,999900,99990,70,0.0,4,4,999.0,999,9,'999999999,0,0.0000,0,88,999.000,0.0,1.0
2056/10/22,01:00,?9?9?9?9E0?9?9?9?9*9?9*9?9?9?9?9?9?9*9*_?9*9*9?9?9,28.3,26.5,90,101050,9999,9999,422,0,0,0,999900,999900,999900,99990,70,0.0,4,4,999.0,999,9,'999999999,0,0.0000,0,88,999.000,0.0,1.0
2056/10/22,02:00,?9?9?9?9E0?9?9?9?9*9?9*9?9?9?9?9?9?9*9*_?9*9*9?9?9,27.9,26.5,92,100950,9999,9999,420,0,0,0,999900,999900,999900,99990,70,0.0,4,4,999.0,999,9,'999999999,0,0.0000,0,88,999.000,0.0,1.0
2056/10/22,03:00,?9?9?9?9E0?9?9?9?9*9?9*9?9?9?9?9?9?9*9*_?9*9*9?9?9,27.9,26.5,92,100950,9999,9999,420,0,0,0,999900,999900,999900,99990,70,0.0,4,4,999.0,999,9,'999999999,0,0.0000,0,88,999.000,0.0,1.0
2056/10/22,04:00,?9?9?9?9E0?9?9?9?9*9?9*9?9?9?9?9?9?9*9*_?9*9*9?9?9,27.5,26.6,95,101050,9999,9999,418,0,0,0,999900,999900,999900,99990,70,0.0,4,4,999.0,999,9,'999999999,0,0.0000,0,88,999.000,0.0,1.0
2056/10/22,05:00,?9?9?9?9E0?9?9?9?9*9?9*9?9?9?9?9?9?9*9*_?9*9*9?9?9,27.5,26.8,96,101050,9999,9999,418,0,0,0,999900,999900,999900,99990,70,0.0,4,4,999.0,999,9,'999999999,0,0.0000,0,88,999.000,0.0,1.0
2056/10/22,06:00,?9?9?9?9E0?9?9?9?9*9?9*9?9?9?9?9?9?9*9*_?9*9*9?9?9,27.2,26.9,98,101050,9999,9999,417,0,0,0,999900,999900,999900,99990,180,0.0,4,4,999.0,999,9,'999999999,0,0.0000,0,88,999.000,0.0,1.0
2056/10/22,07:00,?9?9?9?9E0?9?9?9?9*9?9*9?9?9?9?9?9?9*9*_?9*9*9?9?9,27.2,26.9,98,101050,9999,9999,420,46,55,40,999900,999900,999900,99990,180,0.0,5,5,999.0,999,9,'999999999,0,0.0000,0,88,999.000,0.1,1.0
2056/10/22,08:00,?9?9?9?9E0?9?9?9?9*9?9*9?9?9?9?9?9?9*9*_?9*9*9?9?9,27.4,26.7,96,101150,9999,9999,421,204,144,154,999900,999900,999900,99990,180,0.0,5,5,999.0,999,9,'999999999,0,0.0000,0,88,999.000,0.0,1.0
2056/10/22,09:00,?9?9?9?9E0?9?9?9?9*9?9*9?9?9?9?9?9?9*9*_?9*9*9?9?9,28.7,26.7,89,101250,9999,9999,428,384,242,248,999900,999900,999900,99990,20,0.0,5,5,999.0,999,9,'999999999,0,0.0000,0,88,999.000,0.0,1.0
2056/10/22,10:00,?9?9?9?9E0?9?9?9?9*9?9*9?9?9?9?9?9?9*9*_?9*9*9?9?9,30.9,26.6,78,101250,9999,9999,441,559,334,314,999900,999900,999900,99990,20,1.1,5,5,999.0,999,9,'999999999,0,0.0000,0,88,999.000,0.0,1.0
2056/10/22,11:00,?9?9?9?9E0?9?9?9?9*9?9*9?9?9?9?9?9?9*9*_?9*9*9?9?9,31.0,26.7,78,101150,9999,9999,441,675,376,354,999900,999900,999900,99990,20,0.9,5,5,999.0,999,9,'999999999,0,0.0000,0,88,999.000,0.0,1.0
2056/10/22,12:00,?9?9?9?9E0?9?9?9?9*9?9*9?9?9?9?9?9?9*9*_?9*9*9?9?9,32.0,26.8,74,101050,9999,9999,444,793,491,346,999900,999900,999900,99990,20,0.9,4,4,999.0,999,9,'999999999,0,0.0000,0,88,999.000,0.0,1.0
2056/10/22,13:00,?9?9?9?9E0?9?9?9?9*9?9*9?9?9?9?9?9?9*9*_?9*9*9?9?9,32.4,26.7,72,100950,9999,9999,446,795,511,334,999900,999900,999900,99990,20,0.2,4,4,999.0,999,9,'999999999,0,0.0000,0,88,999.000,0.0,1.0
2056/10/22,14:00,?9?9?9?9E0?9?9?9?9*9?9*9?9?9?9?9?9?9*9*_?9*9*9?9?9,32.5,26.8,72,100850,9999,9999,450,684,431,325,999900,999900,999900,99990,20,1.1,5,5,999.0,999,9,'999999999,0,0.0000,0,88,999.000,0.0,1.0
2056/10/22,15:00,?9?9?9?9E0?9?9?9?9*9?9*9?9?9?9?9?9?9*9*_?9*9*9?9?9,32.3,26.6,72,100750,9999,9999,449,557,398,278,999900,999900,999900,99990,90,0.9,5,5,999.0,999,9,'999999999,0,0.0000,0,88,999.000,0.0,1.0
2056/10/22,16:00,?9?9?9?9E0?9?9?9?9*9?9*9?9?9?9?9?9?9*9*_?9*9*9?9?9,32.3,26.4,71,100750,9999,9999,448,389,340,213,999900,999900,999900,99990,90,1.0,5,5,999.0,999,9,'999999999,0,0.0000,0,88,999.000,0.0,1.0
2056/10/22,17:00,?9?9?9?9E0?9?9?9?9*9?9*9?9?9?9?9?9?9*9*_?9*9*9?9?9,31.4,26.2,74,100750,9999,9999,443,192,204,131,999900,999900,999900,99990,90,0.6,5,5,999.0,999,9,'999999999,0,0.0000,0,88,999.000,0.0,1.0
2056/10/22,18:00,?9?9?9?9E0?9?9?9?9*9?9*9?9?9?9?9?9?9*9*_?9*9*9?9?9,30.0,26.2,80,100750,9999,9999,435,24,54,21,999900,999900,999900,99990,90,0.3,5,5,999.0,999,9,'999999999,0,0.0000,0,88,999.000,0.0,1.0
2056/10/22,19:00,?9?9?9?9E0?9?9?9?9*9?9*9?9?9?9?9?9?9*9*_?9*9*9?9?9,30.0,26.4,81,100850,9999,9999,432,0,0,0,999900,999900,999900,99990,90,0.5,4,4,999.0,999,9,'999999999,0,0.0000,0,88,999.000,0.0,1.0
2056/10/22,20:00,?9?9?9?9E0?9?9?9?9*9?9*9?9?9?9?9?9?9*9*_?9*9*9?9?9,29.5,26.7,85,101050,9999,9999,429,0,0,0,999900,999900,999900,99990,90,0.3,4,4,999.0,999,9,'999999999,0,0.0000,0,88,999.000,0.0,1.0
2056/10/22,21:00,?9?9?9?9E0?9?9?9?9*9?9*9?9?9?9?9?9?9*9*_?9*9*9?9?9,29.5,27.1,87,101150,9999,9999,426,0,0,0,999900,999900,999900,99990,50,0.0,3,3,999.0,999,9,'999999999,0,0.0000,0,88,999.000,0.0,1.0
2056/10/22,22:00,?9?9?9?9E0?9?9?9?9*9?9*9?9?9?9?9?9?9*9*_?9*9*9?9?9,28.5,27.3,93,101150,9999,9999,421,0,0,0,999900,999900,999900,99990,50,0.0,3,3,999.0,999,9,'999999999,0,0.0000,0,88,999.000,0.0,1.0
2056/10/22,23:00,?9?9?9?9E0?9?9?9?9*9?9*9?9?9?9?9?9?9*9*_?9*9*9?9?9,28.5,27.3,93,101150,9999,9999,421,0,0,0,999900,999900,999900,99990,50,0.0,3,3,999.0,999,9,'999999999,0,0.0000,0,88,999.000,0.0,1.0
2056/10/22,24:00,?9?9?9?9E0?9?9?9?9*9?9*9?9?9?9?9?9?9*9*_?9*9*9?9?9,28.1,27.2,95,101150,9999,9999,419,0,0,0,999900,999900,999900,99990,50,0.0,3,3,999.0,999,9,'999999999,0,0.0000,0,88,999.000,0.0,1.0
2056/10/23,01:00,?9?9?9?9E0?9?9?9?9*9?9*9?9?9?9?9?9?9*9*_?9*9*9?9?9,28.1,26.7,92,101050,9999,9999,421,0,0,0,999900,999900,999900,99990,50,0.0,4,4,999.0,999,9,'999999999,0,0.0000,0,88,999.000,0.0,1.0
2056/10/23,02:00,?9?9?9?9E0?9?9?9?9*9?9*9?9?9?9?9?9?9*9*_?9*9*9?9?9,27.6,25.8,90,100950,9999,9999,418,0,0,0,999900,999900,999900,99990,50,0.4,4,4,999.0,999,9,'999999999,0,0.0000,0,88,999.000,0.0,1.0
2056/10/23,03:00,?9?9?9?9E0?9?9?9?9*9?9*9?9?9?9?9?9?9*9*_?9*9*9?9?9,27.1,25.0,88,100950,9999,9999,414,0,0,0,999900,999900,999900,99990,50,0.0,4,4,999.0,999,9,'999999999,0,0.0000,0,88,999.000,0.0,1.0
2056/10/23,04:00,?9?9?9?9E0?9?9?9?9*9?9*9?9?9?9?9?9?9*9*_?9*9*9?9?9,26.6,24.7,89,100950,9999,9999,411,0,0,0,999900,999900,999900,99990,50,0.0,4,4,999.0,999,9,'999999999,0,0.0000,0,88,999.000,0.0,1.0
2056/10/23,05:00,?9?9?9?9E0?9?9?9?9*9?9*9?9?9?9?9?9?9*9*_?9*9*9?9?9,26.6,25.0,91,100950,9999,9999,411,0,0,0,999900,999900,999900,99990,50,0.0,4,4,999.0,999,9,'999999999,0,0.0000,0,88,999.000,0.0,1.0
2056/10/23,06:00,?9?9?9?9E0?9?9?9?9*9?9*9?9?9?9?9?9?9*9*_?9*9*9?9?9,26.4,25.2,93,101050,9999,9999,410,0,0,0,999900,999900,999900,99990,50,0.0,4,4,999.0,999,9,'999999999,0,0.0000,0,88,999.000,0.0,1.0
2056/10/23,07:00,?9?9?9?9E0?9?9?9?9*9?9*9?9?9?9?9?9?9*9*_?9*9*9?9?9,27.2,25.1,88,101150,9999,9999,414,54,90,44,999900,999900,999900,99990,50,0.4,4,4,999.0,999,9,'999999999,0,0.0000,0,88,999.000,0.0,1.0
2056/10/23,08:00,?9?9?9?9E0?9?9?9?9*9?9*9?9?9?9?9?9?9*9*_?9*9*9?9?9,29.0,23.9,74,101150,9999,9999,423,237,238,154,999900,999900,999900,99990,50,0.0,4,4,999.0,999,9,'999999999,0,0.0000,0,88,999.000,0.0,1.0
2056/10/23,09:00,?9?9?9?9E0?9?9?9?9*9?9*9?9?9?9?9?9?9*9*_?9*9*9?9?9,31.1,23.2,63,101250,9999,9999,434,443,380,230,999900,999900,999900,99990,360,0.1,4,4,999.0,999,9,'999999999,0,0.0000,0,88,999.000,0.0,1.0
2056/10/23,10:00,?9?9?9?9E0?9?9?9?9*9?9*9?9?9?9?9?9?9*9*_?9*9*9?9?9,32.2,24.8,65,101250,9999,9999,446,580,371,308,999900,999900,999900,99990,360,0.2,5,5,999.0,999,9,'999999999,0,0.0000,0,88,999.000,0.0,1.0
2056/10/23,11:00,?9?9?9?9E0?9?9?9?9*9?9*9?9?9?9?9?9?9*9*_?9*9*9?9?9,31.2,26.7,77,101150,9999,9999,446,639,300,384,999900,999900,999900,99990,360,0.7,6,6,999.0,999,9,'999999999,0,0.0000,0,88,999.000,0.0,1.0
2056/10/23,12:00,?9?9?9?9E0?9?9?9?9*9?9*9?9?9?9?9?9?9*9*_?9*9*9?9?9,32.1,27.1,75,101050,9999,9999,457,658,257,425,999900,999900,999900,99990,360,0.2,7,7,999.0,999,9,'999999999,0,0.0000,0,88,999.000,0.0,1.0
2056/10/23,13:00,?9?9?9?9E0?9?9?9?9*9?9*9?9?9?9?9?9?9*9*_?9*9*9?9?9,33.1,27.1,71,100950,9999,9999,463,663,268,422,999900,999900,999900,99990,360,0.6,7,7,999.0,999,9,'999999999,0,0.0000,0,88,999.000,0.0,1.0
2056/10/23,14:00,?9?9?9?9E0?9?9?9?9*9?9*9?9?9?9?9?9?9*9*_?9*9*9?9?9,33.1,27.1,71,100850,9999,9999,463,588,250,381,999900,999900,999900,99990,360,1.0,7,7,999.0,999,9,'999999999,0,0.0000,0,88,999.000,0.0,1.0
2056/10/23,15:00,?9?9?9?9E0?9?9?9?9*9?9*9?9?9?9?9?9?9*9*_?9*9*9?9?9,32.7,27.0,72,100750,9999,9999,456,517,301,307,999900,999900,999900,99990,360,0.6,6,6,999.0,999,9,'999999999,0,0.0000,0,88,999.000,0.0,1.0
2056/10/23,16:00,?9?9?9?9E0?9?9?9?9*9?9*9?9?9?9?9?9?9*9*_?9*9*9?9?9,32.2,27.0,74,100750,9999,9999,449,383,312,222,999900,999900,999900,99990,360,0.7,5,5,999.0,999,9,'999999999,0,0.0000,0,88,999.000,0.0,1.0
2056/10/23,17:00,?9?9?9?9E0?9?9?9?9*9?9*9?9?9?9?9?9?9*9*_?9*9*9?9?9,31.1,27.0,79,100750,9999,9999,442,186,182,132,999900,999900,999900,99990,360,0.4,5,5,999.0,999,9,'999999999,0,0.0000,0,88,999.000,0.0,1.0
2056/10/23,18:00,?9?9?9?9E0?9?9?9?9*9?9*9?9?9?9?9?9?9*9*_?9*9*9?9?9,30.2,27.0,83,100850,9999,9999,434,25,61,22,999900,999900,999900,99990,140,0.3,4,4,999.0,999,9,'999999999,0,0.0000,0,88,999.000,0.0,1.0
2056/10/23,19:00,?9?9?9?9E0?9?9?9?9*9?9*9?9?9?9?9?9?9*9*_?9*9*9?9?9,29.5,26.9,86,100950,9999,9999,426,0,0,0,999900,999900,999900,99990,140,0.3,3,3,999.0,999,9,'999999999,0,0.0000,0,88,999.000,0.0,1.0
2056/10/23,20:00,?9?9?9?9E0?9?9?9?9*9?9*9?9?9?9?9?9?9*9*_?9*9*9?9?9,29.7,26.9,85,100950,9999,9999,427,0,0,0,999900,999900,999900,99990,140,0.0,3,3,999.0,999,9,'999999999,0,0.0000,0,88,999.000,0.0,1.0
2056/10/23,21:00,?9?9?9?9E0?9?9?9?9*9?9*9?9?9?9?9?9?9*9*_?9*9*9?9?9,29.5,26.7,85,101050,9999,9999,426,0,0,0,999900,999900,999900,99990,140,0.0,3,3,999.0,999,9,'999999999,0,0.0000,0,88,999.000,0.0,1.0
2056/10/23,22:00,?9?9?9?9E0?9?9?9?9*9?9*9?9?9?9?9?9?9*9*_?9*9*9?9?9,29.2,26.8,87,101050,9999,9999,424,0,0,0,999900,999900,999900,99990,140,0.0,3,3,999.0,999,9,'999999999,0,0.0000,0,88,999.000,0.0,1.0
2056/10/23,23:00,?9?9?9?9E0?9?9?9?9*9?9*9?9?9?9?9?9?9*9*_?9*9*9?9?9,29.0,26.8,88,101050,9999,9999,423,0,0,0,999900,999900,999900,99990,140,0.0,3,3,999.0,999,9,'999999999,0,0.0000,0,88,999.000,0.0,1.0
2056/10/23,24:00,?9?9?9?9E0?9?9?9?9*9?9*9?9?9?9?9?9?9*9*_?9*9*9?9?9,28.5,26.9,91,101050,9999,9999,421,0,0,0,999900,999900,999900,99990,140,0.0,3,3,999.0,999,9,'999999999,0,0.0000,0,88,999.000,0.0,1.0
2056/10/24,01:00,?9?9?9?9E0?9?9?9?9*9?9*9?9?9?9?9?9?9*9*_?9*9*9?9?9,28.2,27.2,94,100950,9999,9999,419,0,0,0,999900,999900,999900,99990,140,0.0,3,3,999.0,999,9,'999999999,0,0.0000,0,88,999.000,0.0,1.0
2056/10/24,02:00,?9?9?9?9E0?9?9?9?9*9?9*9?9?9?9?9?9?9*9*_?9*9*9?9?9,28.1,27.1,94,100950,9999,9999,419,0,0,0,999900,999900,999900,99990,140,0.0,3,3,999.0,999,9,'999999999,0,0.0000,0,88,999.000,0.0,1.0
2056/10/24,03:00,?9?9?9?9E0?9?9?9?9*9?9*9?9?9?9?9?9?9*9*_?9*9*9?9?9,27.8,26.9,95,100850,9999,9999,417,0,0,0,999900,999900,999900,99990,140,0.0,3,3,999.0,999,9,'999999999,0,0.0000,0,88,999.000,0.0,1.0
2056/10/24,04:00,?9?9?9?9E0?9?9?9?9*9?9*9?9?9?9?9?9?9*9*_?9*9*9?9?9,27.7,27.0,96,100850,9999,9999,416,0,0,0,999900,999900,999900,99990,140,0.0,3,3,999.0,999,9,'999999999,0,0.0000,0,88,999.000,0.0,1.0
2056/10/24,05:00,?9?9?9?9E0?9?9?9?9*9?9*9?9?9?9?9?9?9*9*_?9*9*9?9?9,27.3,26.8,97,100950,9999,9999,414,0,0,0,999900,999900,999900,99990,140,0.0,3,3,999.0,999,9,'999999999,0,0.0000,0,88,999.000,0.0,1.0
2056/10/24,06:00,?9?9?9?9E0?9?9?9?9*9?9*9?9?9?9?9?9?9*9*_?9*9*9?9?9,27.3,26.8,97,100950,9999,9999,414,0,0,0,999900,999900,999900,99990,140,0.0,3,3,999.0,999,9,'999999999,0,0.0000,0,88,999.000,0.0,1.0
2056/10/24,07:00,?9?9?9?9E0?9?9?9?9*9?9*9?9?9?9?9?9?9*9*_?9*9*9?9?9,27.6,26.7,95,101050,9999,9999,415,54,91,44,999900,999900,999900,99990,140,0.0,3,3,999.0,999,9,'999999999,0,0.0000,0,88,999.000,0.0,1.0
2056/10/24,08:00,?9?9?9?9E0?9?9?9?9*9?9*9?9?9?9?9?9?9*9*_?9*9*9?9?9,29.2,26.6,86,101150,9999,9999,424,234,229,155,999900,999900,999900,99990,140,0.0,3,3,999.0,999,9,'999999999,0,0.0000,0,88,999.000,0.0,1.0
2056/10/24,09:00,?9?9?9?9E0?9?9?9?9*9?9*9?9?9?9?9?9?9*9*_?9*9*9?9?9,30.5,26.7,80,101250,9999,9999,432,431,351,235,999900,999900,999900,99990,140,0.0,3,3,999.0,999,9,'999999999,0,0.0000,0,88,999.000,0.0,1.0
2056/10/24,10:00,?9?9?9?9E0?9?9?9?9*9?9*9?9?9?9?9?9?9*9*_?9*9*9?9?9,31.5,26.8,76,101250,9999,9999,441,585,380,308,999900,999900,999900,99990,140,0.0,4,4,999.0,999,9,'999999999,0,0.0000,0,88,999.000,0.0,1.0
2056/10/24,11:00,?9?9?9?9E0?9?9?9?9*9?9*9?9?9?9?9?9?9*9*_?9*9*9?9?9,31.1,26.8,78,101150,9999,9999,446,633,285,391,999900,999900,999900,99990,140,0.0,6,6,999.0,999,9,'999999999,0,0.0000,0,88,999.000,0.1,1.0
2056/10/24,12:00,?9?9?9?9E0?9?9?9?9*9?9*9?9?9?9?9?9?9*9*_?9*9*9?9?9,30.5,26.9,81,101050,9999,9999,455,576,161,430,999900,999900,999900,99990,140,0.0,8,8,999.0,999,9,'999999999,0,0.0000,0,88,999.000,3.0,1.0
2056/10/24,13:00,?9?9?9?9E0?9?9?9?9*9?9*9?9?9?9?9?9?9*9*_?9*9*9?9?9,31.5,26.8,76,100950,9999,9999,461,582,174,426,999900,999900,999900,99990,140,0.0,8,8,999.0,999,9,'999999999,0,0.0000,0,88,999.000,0.7,1.0
2056/10/24,14:00,?9?9?9?9E0?9?9?9?9*9?9*9?9?9?9?9?9?9*9*_?9*9*9?9?9,32.7,26.8,71,100850,9999,9999,455,637,325,368,999900,999900,999900,99990,140,0.5,6,6,999.0,999,9,'999999999,0,0.0000,0,88,999.000,0.0,1.0
2056/10/24,15:00,?9?9?9?9E0?9?9?9?9*9?9*9?9?9?9?9?9?9*9*_?9*9*9?9?9,32.7,26.8,71,100750,9999,9999,448,574,426,277,999900,999900,999900,99990,90,0.6,4,4,999.0,999,9,'999999999,0,0.0000,0,88,999.000,0.0,1.0
2056/10/24,16:00,?9?9?9?9E0?9?9?9?9*9?9*9?9?9?9?9?9?9*9*_?9*9*9?9?9,32.2,27.0,74,100750,9999,9999,445,396,361,210,999900,999900,999900,99990,90,0.6,4,4,999.0,999,9,'999999999,0,0.0000,0,88,999.000,0.0,1.0
2056/10/24,17:00,?9?9?9?9E0?9?9?9?9*9?9*9?9?9?9?9?9?9*9*_?9*9*9?9?9,31.2,26.9,78,100750,9999,9999,439,197,225,131,999900,999900,999900,99990,90,0.5,4,4,999.0,999,9,'999999999,0,0.0000,0,88,999.000,0.0,1.0
2056/10/24,18:00,?9?9?9?9E0?9?9?9?9*9?9*9?9?9?9?9?9?9*9*_?9*9*9?9?9,30.2,27.0,83,100750,9999,9999,434,24,61,21,999900,999900,999900,99990,90,0.4,4,4,999.0,999,9,'999999999,0,0.0000,0,88,999.000,0.0,1.0
2056/10/24,19:00,?9?9?9?9E0?9?9?9?9*9?9*9?9?9?9?9?9?9*9*_?9*9*9?9?9,29.9,27.1,85,100850,9999,9999,432,0,0,0,999900,999900,999900,99990,90,0.1,4,4,999.0,999,9,'999999999,0,0.0000,0,88,999.000,0.0,1.0
2056/10/24,20:00,?9?9?9?9E0?9?9?9?9*9?9*9?9?9?9?9?9?9*9*_?9*9*9?9?9,29.3,27.1,88,100950,9999,9999,429,0,0,0,999900,999900,999900,99990,90,0.0,4,4,999.0,999,9,'999999999,0,0.0000,0,88,999.000,0.0,1.0
2056/10/24,21:00,?9?9?9?9E0?9?9?9?9*9?9*9?9?9?9?9?9?9*9*_?9*9*9?9?9,28.7,26.9,90,101050,9999,9999,425,0,0,0,999900,999900,999900,99990,90,0.0,4,4,999.0,999,9,'999999999,0,0.0000,0,88,999.000,0.0,1.0
2056/10/24,22:00,?9?9?9?9E0?9?9?9?9*9?9*9?9?9?9?9?9?9*9*_?9*9*9?9?9,28.5,26.9,91,101050,9999,9999,424,0,0,0,999900,999900,999900,99990,90,0.0,4,4,999.0,999,9,'999999999,0,0.0000,0,88,999.000,0.0,1.0
2056/10/24,23:00,?9?9?9?9E0?9?9?9?9*9?9*9?9?9?9?9?9?9*9*_?9*9*9?9?9,28.2,27.2,94,100950,9999,9999,423,0,0,0,999900,999900,999900,99990,90,0.0,4,4,999.0,999,9,'999999999,0,0.0000,0,88,999.000,0.0,1.0
2056/10/24,24:00,?9?9?9?9E0?9?9?9?9*9?9*9?9?9?9?9?9?9*9*_?9*9*9?9?9,28.2,27.2,94,100950,9999,9999,423,0,0,0,999900,999900,999900,99990,90,0.0,4,4,999.0,999,9,'999999999,0,0.0000,0,88,999.000,0.0,1.0
2056/10/25,01:00,?9?9?9?9E0?9?9?9?9*9?9*9?9?9?9?9?9?9*9*_?9*9*9?9?9,28.1,27.2,95,100850,9999,9999,422,0,0,0,999900,999900,999900,99990,90,0.0,4,4,999.0,999,9,'999999999,0,0.0000,0,88,999.000,0.0,1.0
2056/10/25,02:00,?9?9?9?9E0?9?9?9?9*9?9*9?9?9?9?9?9?9*9*_?9*9*9?9?9,27.8,27.1,96,100850,9999,9999,420,0,0,0,999900,999900,999900,99990,90,0.0,4,4,999.0,999,9,'999999999,0,0.0000,0,88,999.000,0.0,1.0
2056/10/25,03:00,?9?9?9?9E0?9?9?9?9*9?9*9?9?9?9?9?9?9*9*_?9*9*9?9?9,27.6,27.1,97,100850,9999,9999,416,0,0,0,999900,999900,999900,99990,90,0.0,3,3,999.0,999,9,'999999999,0,0.0000,0,88,999.000,0.0,1.0
2056/10/25,04:00,?9?9?9?9E0?9?9?9?9*9?9*9?9?9?9?9?9?9*9*_?9*9*9?9?9,27.3,26.8,97,100850,9999,9999,414,0,0,0,999900,999900,999900,99990,90,0.0,3,3,999.0,999,9,'999999999,0,0.0000,0,88,999.000,0.0,1.0
2056/10/25,05:00,?9?9?9?9E0?9?9?9?9*9?9*9?9?9?9?9?9?9*9*_?9*9*9?9?9,27.3,26.8,97,100850,9999,9999,414,0,0,0,999900,999900,999900,99990,90,0.0,3,3,999.0,999,9,'999999999,0,0.0000,0,88,999.000,0.0,1.0
2056/10/25,06:00,?9?9?9?9E0?9?9?9?9*9?9*9?9?9?9?9?9?9*9*_?9*9*9?9?9,26.3,26.3,100,100850,9999,9999,408,0,0,0,999900,999900,999900,99990,90,0.0,3,3,999.0,999,9,'999999999,0,0.0000,0,88,999.000,0.0,1.0
2056/10/25,07:00,?9?9?9?9E0?9?9?9?9*9?9*9?9?9?9?9?9?9*9*_?9*9*9?9?9,27.3,26.6,96,100950,9999,9999,414,53,81,44,999900,999900,999900,99990,90,0.0,3,3,999.0,999,9,'999999999,0,0.0000,0,88,999.000,0.0,1.0
2056/10/25,08:00,?9?9?9?9E0?9?9?9?9*9?9*9?9?9?9?9?9?9*9*_?9*9*9?9?9,29.3,26.5,85,101050,9999,9999,425,234,214,160,999900,999900,999900,99990,90,0.2,3,3,999.0,999,9,'999999999,0,0.0000,0,88,999.000,0.0,1.0
2056/10/25,09:00,?9?9?9?9E0?9?9?9?9*9?9*9?9?9?9?9?9?9*9*_?9*9*9?9?9,30.7,26.7,79,101150,9999,9999,433,429,326,247,999900,999900,999900,99990,320,0.6,3,3,999.0,999,9,'999999999,0,0.0000,0,88,999.000,0.0,1.0
2056/10/25,10:00,?9?9?9?9E0?9?9?9?9*9?9*9?9?9?9?9?9?9*9*_?9*9*9?9?9,31.7,26.7,75,101150,9999,9999,442,585,361,323,999900,999900,999900,99990,320,0.5,4,4,999.0,999,9,'999999999,0,0.0000,0,88,999.000,0.0,1.0
2056/10/25,11:00,?9?9?9?9E0?9?9?9?9*9?9*9?9?9?9?9?9?9*9*_?9*9*9?9?9,32.7,27.0,72,101050,9999,9999,456,642,277,408,999900,999900,999900,99990,320,0.1,6,6,999.0,999,9,'999999999,0,0.0000,0,88,999.000,0.0,1.0
2056/10/25,12:00,?9?9?9?9E0?9?9?9?9*9?9*9?9?9?9?9?9?9*9*_?9*9*9?9?9,27.3,27.0,98,101050,9999,9999,436,546,124,434,999900,999900,999900,99990,20,1.3,8,8,999.0,999,9,'999999999,0,0.0000,0,88,999.000,10.1,1.0
2056/10/25,13:00,?9?9?9?9E0?9?9?9?9*9?9*9?9?9?9?9?9?9*9*_?9*9*9?9?9,31.1,27.3,80,100850,9999,9999,459,572,140,447,999900,999900,999900,99990,20,0.1,8,8,999.0,999,9,'999999999,0,0.0000,0,88,999.000,3.4,1.0
2056/10/25,14:00,?9?9?9?9E0?9?9?9?9*9?9*9?9?9?9?9?9?9*9*_?9*9*9?9?9,28.5,27.5,94,100850,9999,9999,444,486,111,394,999900,999900,999900,99990,20,0.2,8,8,999.0,999,9,'999999999,0,0.0000,0,88,999.000,16.3,1.0
2056/10/25,15:00,?9?9?9?9E0?9?9?9?9*9?9*9?9?9?9?9?9?9*9*_?9*9*9?9?9,28.7,27.7,94,100750,9999,9999,445,362,78,308,999900,999900,999900,99990,20,0.0,8,8,999.0,999,9,'999999999,0,0.0000,0,88,999.000,0.1,1.0
2056/10/25,16:00,?9?9?9?9E0?9?9?9?9*9?9*9?9?9?9?9?9?9*9*_?9*9*9?9?9,28.7,27.8,95,100750,9999,9999,445,250,64,217,999900,999900,999900,99990,20,0.0,8,8,999.0,999,9,'999999999,0,0.0000,0,88,999.000,0.0,1.0
2056/10/25,17:00,?9?9?9?9E0?9?9?9?9*9?9*9?9?9?9?9?9?9*9*_?9*9*9?9?9,28.6,27.9,96,100750,9999,9999,445,107,27,99,999900,999900,999900,99990,20,0.0,8,8,999.0,999,9,'999999999,0,0.0000,0,88,999.000,0.0,1.0
2056/10/25,18:00,?9?9?9?9E0?9?9?9?9*9?9*9?9?9?9?9?9?9*9*_?9*9*9?9?9,28.2,28.0,99,100750,9999,9999,443,5,2,5,999900,999900,999900,99990,50,0.0,8,8,999.0,999,9,'999999999,0,0.0000,0,88,999.000,0.0,1.0
2056/10/25,19:00,?9?9?9?9E0?9?9?9?9*9?9*9?9?9?9?9?9?9*9*_?9*9*9?9?9,27.9,27.9,100,100850,9999,9999,434,0,0,0,999900,999900,999900,99990,50,0.0,7,7,999.0,999,9,'999999999,0,0.0000,0,88,999.000,0.0,1.0
2056/10/25,20:00,?9?9?9?9E0?9?9?9?9*9?9*9?9?9?9?9?9?9*9*_?9*9*9?9?9,27.8,27.6,99,100950,9999,9999,433,0,0,0,999900,999900,999900,99990,50,0.0,7,7,999.0,999,9,'999999999,0,0.0000,0,88,999.000,0.0,1.0
2056/10/25,21:00,?9?9?9?9E0?9?9?9?9*9?9*9?9?9?9?9?9?9*9*_?9*9*9?9?9,27.5,27.3,99,100950,9999,9999,426,0,0,0,999900,999900,999900,99990,320,0.0,6,6,999.0,999,9,'999999999,0,0.0000,0,88,999.000,0.0,1.0
2056/10/25,22:00,?9?9?9?9E0?9?9?9?9*9?9*9?9?9?9?9?9?9*9*_?9*9*9?9?9,27.3,27.0,98,101050,9999,9999,420,0,0,0,999900,999900,999900,99990,320,0.0,5,5,999.0,999,9,'999999999,0,0.0000,0,88,999.000,0.4,1.0
2056/10/25,23:00,?9?9?9?9E0?9?9?9?9*9?9*9?9?9?9?9?9?9*9*_?9*9*9?9?9,27.2,26.9,98,100950,9999,9999,420,0,0,0,999900,999900,999900,99990,320,0.3,5,5,999.0,999,9,'999999999,0,0.0000,0,88,999.000,0.0,1.0
2056/10/25,24:00,?9?9?9?9E0?9?9?9?9*9?9*9?9?9?9?9?9?9*9*_?9*9*9?9?9,26.8,26.8,100,100950,9999,9999,417,0,0,0,999900,999900,999900,99990,320,0.0,5,5,999.0,999,9,'999999999,0,0.0000,0,88,999.000,0.0,1.0
2056/10/26,01:00,?9?9?9?9E0?9?9?9?9*9?9*9?9?9?9?9?9?9*9*_?9*9*9?9?9,26.8,26.8,100,100850,9999,9999,417,0,0,0,999900,999900,999900,99990,320,0.0,5,5,999.0,999,9,'999999999,0,0.0000,0,88,999.000,0.0,1.0
2056/10/26,02:00,?9?9?9?9E0?9?9?9?9*9?9*9?9?9?9?9?9?9*9*_?9*9*9?9?9,26.8,26.6,99,100850,9999,9999,421,0,0,0,999900,999900,999900,99990,320,0.0,6,6,999.0,999,9,'999999999,0,0.0000,0,88,999.000,0.0,1.0
2056/10/26,03:00,?9?9?9?9E0?9?9?9?9*9?9*9?9?9?9?9?9?9*9*_?9*9*9?9?9,26.7,26.5,99,100850,9999,9999,425,0,0,0,999900,999900,999900,99990,320,0.0,7,7,999.0,999,9,'999999999,0,0.0000,0,88,999.000,0.0,1.0
2056/10/26,04:00,?9?9?9?9E0?9?9?9?9*9?9*9?9?9?9?9?9?9*9*_?9*9*9?9?9,26.6,26.6,100,100850,9999,9999,431,0,0,0,999900,999900,999900,99990,320,0.0,8,8,999.0,999,9,'999999999,0,0.0000,0,88,999.000,0.0,1.0
2056/10/26,05:00,?9?9?9?9E0?9?9?9?9*9?9*9?9?9?9?9?9?9*9*_?9*9*9?9?9,26.4,26.4,100,100850,9999,9999,430,0,0,0,999900,999900,999900,99990,320,0.0,8,8,999.0,999,9,'999999999,0,0.0000,0,88,999.000,0.0,1.0
2056/10/26,06:00,?9?9?9?9E0?9?9?9?9*9?9*9?9?9?9?9?9?9*9*_?9*9*9?9?9,26.4,26.4,100,100950,9999,9999,430,0,0,0,999900,999900,999900,99990,320,0.0,8,8,999.0,999,9,'999999999,0,0.0000,0,88,999.000,0.0,1.0
2056/10/26,07:00,?9?9?9?9E0?9?9?9?9*9?9*9?9?9?9?9?9?9*9*_?9*9*9?9?9,26.7,26.4,98,101050,9999,9999,432,23,8,22,999900,999900,999900,99990,320,0.0,8,8,999.0,999,9,'999999999,0,0.0000,0,88,999.000,1.1,1.0
2056/10/26,08:00,?9?9?9?9E0?9?9?9?9*9?9*9?9?9?9?9?9?9*9*_?9*9*9?9?9,27.1,26.2,95,101050,9999,9999,434,136,30,126,999900,999900,999900,99990,320,0.2,8,8,999.0,999,9,'999999999,0,0.0000,0,88,999.000,1.3,1.0
2056/10/26,09:00,?9?9?9?9E0?9?9?9?9*9?9*9?9?9?9?9?9?9*9*_?9*9*9?9?9,27.9,26.3,91,101150,9999,9999,439,272,57,240,999900,999900,999900,99990,320,0.2,8,8,999.0,999,9,'999999999,0,0.0000,0,88,999.000,0.0,1.0
2056/10/26,10:00,?9?9?9?9E0?9?9?9?9*9?9*9?9?9?9?9?9?9*9*_?9*9*9?9?9,28.3,26.1,88,101150,9999,9999,441,398,81,339,999900,999900,999900,99990,320,0.1,8,8,999.0,999,9,'999999999,0,0.0000,0,88,999.000,0.0,1.0
2056/10/26,11:00,?9?9?9?9E0?9?9?9?9*9?9*9?9?9?9?9?9?9*9*_?9*9*9?9?9,30.5,26.2,78,101050,9999,9999,454,509,109,417,999900,999900,999900,99990,320,0.3,8,8,999.0,999,9,'999999999,0,0.0000,0,88,999.000,0.0,1.0
2056/10/26,12:00,?9?9?9?9E0?9?9?9?9*9?9*9?9?9?9?9?9?9*9*_?9*9*9?9?9,30.9,26.2,76,100950,9999,9999,456,573,127,459,999900,999900,999900,99990,360,0.3,8,8,999.0,999,9,'999999999,0,0.0000,0,88,999.000,0.0,1.0
2056/10/26,13:00,?9?9?9?9E0?9?9?9?9*9?9*9?9?9?9?9?9?9*9*_?9*9*9?9?9,27.9,26.3,91,100850,9999,9999,439,542,111,443,999900,999900,999900,99990,360,1.4,8,8,999.0,999,9,'999999999,0,0.0000,0,88,999.000,1.3,1.0
2056/10/26,14:00,?9?9?9?9E0?9?9?9?9*9?9*9?9?9?9?9?9?9*9*_?9*9*9?9?9,29.4,26.4,84,100750,9999,9999,448,497,113,404,999900,999900,999900,99990,360,0.1,8,8,999.0,999,9,'999999999,0,0.0000,0,88,999.000,1.3,1.0
2056/10/26,15:00,?9?9?9?9E0?9?9?9?9*9?9*9?9?9?9?9?9?9*9*_?9*9*9?9?9,30.4,26.6,80,100650,9999,9999,454,403,104,331,999900,999900,999900,99990,360,0.6,8,8,999.0,999,9,'999999999,0,0.0000,0,88,999.000,0.0,1.0
2056/10/26,16:00,?9?9?9?9E0?9?9?9?9*9?9*9?9?9?9?9?9?9*9*_?9*9*9?9?9,29.5,26.7,85,100650,9999,9999,449,255,65,222,999900,999900,999900,99990,360,0.7,8,8,999.0,999,9,'999999999,0,0.0000,0,88,999.000,0.0,1.0
2056/10/26,17:00,?9?9?9?9E0?9?9?9?9*9?9*9?9?9?9?9?9?9*9*_?9*9*9?9?9,29.4,26.8,86,100650,9999,9999,448,116,31,107,999900,999900,999900,99990,360,0.6,8,8,999.0,999,9,'999999999,0,0.0000,0,88,999.000,0.0,1.0
2056/10/26,18:00,?9?9?9?9E0?9?9?9?9*9?9*9?9?9?9?9?9?9*9*_?9*9*9?9?9,28.9,26.9,89,100750,9999,9999,445,6,0,6,999900,999900,999900,99990,50,0.1,8,8,999.0,999,9,'999999999,0,0.0000,0,88,999.000,0.0,1.0
2056/10/26,19:00,?9?9?9?9E0?9?9?9?9*9?9*9?9?9?9?9?9?9*9*_?9*9*9?9?9,28.7,27.1,91,100750,9999,9999,437,0,0,0,999900,999900,999900,99990,50,0.0,7,7,999.0,999,9,'999999999,0,0.0000,0,88,999.000,0.0,1.0
2056/10/26,20:00,?9?9?9?9E0?9?9?9?9*9?9*9?9?9?9?9?9?9*9*_?9*9*9?9?9,28.4,27.2,93,100850,9999,9999,431,0,0,0,999900,999900,999900,99990,50,0.0,6,6,999.0,999,9,'999999999,0,0.0000,0,88,999.000,0.0,1.0
2056/10/26,21:00,?9?9?9?9E0?9?9?9?9*9?9*9?9?9?9?9?9?9*9*_?9*9*9?9?9,27.9,27.2,96,100950,9999,9999,421,0,0,0,999900,999900,999900,99990,90,0.0,4,4,999.0,999,9,'999999999,0,0.0000,0,88,999.000,0.0,1.0
2056/10/26,22:00,?9?9?9?9E0?9?9?9?9*9?9*9?9?9?9?9?9?9*9*_?9*9*9?9?9,27.5,27.3,99,100950,9999,9999,419,0,0,0,999900,999900,999900,99990,90,0.4,4,4,999.0,999,9,'999999999,0,0.0000,0,88,999.000,0.5,1.0
2056/10/26,23:00,?9?9?9?9E0?9?9?9?9*9?9*9?9?9?9?9?9?9*9*_?9*9*9?9?9,27.0,27.0,100,100850,9999,9999,423,0,0,0,999900,999900,999900,99990,90,0.0,6,6,999.0,999,9,'999999999,0,0.0000,0,88,999.000,4.3,1.0
2056/10/26,24:00,?9?9?9?9E0?9?9?9?9*9?9*9?9?9?9?9?9?9*9*_?9*9*9?9?9,27.0,27.0,100,100850,9999,9999,427,0,0,0,999900,999900,999900,99990,270,0.0,7,7,999.0,999,9,'999999999,0,0.0000,0,88,999.000,0.0,1.0
2056/10/27,01:00,?9?9?9?9E0?9?9?9?9*9?9*9?9?9?9?9?9?9*9*_?9*9*9?9?9,27.0,27.0,100,100750,9999,9999,427,0,0,0,999900,999900,999900,99990,270,0.3,7,7,999.0,999,9,'999999999,0,0.0000,0,88,999.000,0.0,1.0
2056/10/27,02:00,?9?9?9?9E0?9?9?9?9*9?9*9?9?9?9?9?9?9*9*_?9*9*9?9?9,26.5,26.5,100,100650,9999,9999,424,0,0,0,999900,999900,999900,99990,270,0.2,7,7,999.0,999,9,'999999999,0,0.0000,0,88,999.000,0.0,1.0
2056/10/27,03:00,?9?9?9?9E0?9?9?9?9*9?9*9?9?9?9?9?9?9*9*_?9*9*9?9?9,26.5,26.5,100,100650,9999,9999,419,0,0,0,999900,999900,999900,99990,270,0.0,6,6,999.0,999,9,'999999999,0,0.0000,0,88,999.000,0.0,1.0
2056/10/27,04:00,?9?9?9?9E0?9?9?9?9*9?9*9?9?9?9?9?9?9*9*_?9*9*9?9?9,26.5,26.5,100,100750,9999,9999,419,0,0,0,999900,999900,999900,99990,270,0.0,6,6,999.0,999,9,'999999999,0,0.0000,0,88,999.000,0.5,1.0
2056/10/27,05:00,?9?9?9?9E0?9?9?9?9*9?9*9?9?9?9?9?9?9*9*_?9*9*9?9?9,26.5,26.5,100,100750,9999,9999,424,0,0,0,999900,999900,999900,99990,270,0.0,7,7,999.0,999,9,'999999999,0,0.0000,0,88,999.000,0.0,1.0
2056/10/27,06:00,?9?9?9?9E0?9?9?9?9*9?9*9?9?9?9?9?9?9*9*_?9*9*9?9?9,26.5,26.5,100,100850,9999,9999,431,0,0,0,999900,999900,999900,99990,270,0.0,8,8,999.0,999,9,'999999999,0,0.0000,0,88,999.000,0.0,1.0
2056/10/27,07:00,?9?9?9?9E0?9?9?9?9*9?9*9?9?9?9?9?9?9*9*_?9*9*9?9?9,26.4,26.4,100,100950,9999,9999,439,13,2,13,999900,999900,999900,99990,270,0.2,9,9,999.0,999,9,'999999999,0,0.0000,0,88,999.000,2.2,1.0
2056/10/27,08:00,?9?9?9?9E0?9?9?9?9*9?9*9?9?9?9?9?9?9*9*_?9*9*9?9?9,26.4,26.4,100,100950,9999,9999,439,101,11,97,999900,999900,999900,99990,270,0.0,9,9,999.0,999,9,'999999999,0,0.0000,0,88,999.000,1.5,1.0
2056/10/27,09:00,?9?9?9?9E0?9?9?9?9*9?9*9?9?9?9?9?9?9*9*_?9*9*9?9?9,26.9,26.4,97,101050,9999,9999,442,216,22,204,999900,999900,999900,99990,270,0.0,9,9,999.0,999,9,'999999999,0,0.0000,0,88,999.000,1.8,1.0
2056/10/27,10:00,?9?9?9?9E0?9?9?9?9*9?9*9?9?9?9?9?9?9*9*_?9*9*9?9?9,26.9,26.4,97,101050,9999,9999,455,249,15,238,999900,999900,999900,99990,270,0.0,10,10,999.0,999,9,'999999999,0,0.0000,0,88,999.000,1.6,1.0
2056/10/27,11:00,?9?9?9?9E0?9?9?9?9*9?9*9?9?9?9?9?9?9*9*_?9*9*9?9?9,27.3,26.6,96,100950,9999,9999,457,318,18,303,999900,999900,999900,99990,270,0.5,10,10,999.0,999,9,'999999999,0,0.0000,0,88,999.000,0.1,1.0
2056/10/27,12:00,?9?9?9?9E0?9?9?9?9*9?9*9?9?9?9?9?9?9*9*_?9*9*9?9?9,27.9,26.7,93,100950,9999,9999,461,368,23,347,999900,999900,999900,99990,270,0.3,10,10,999.0,999,9,'999999999,0,0.0000,0,88,999.000,0.0,1.0
2056/10/27,13:00,?9?9?9?9E0?9?9?9?9*9?9*9?9?9?9?9?9?9*9*_?9*9*9?9?9,28.9,26.7,88,100950,9999,9999,455,458,48,415,999900,999900,999900,99990,270,0.7,9,9,999.0,999,9,'999999999,0,0.0000,0,88,999.000,0.0,1.0
2056/10/27,14:00,?9?9?9?9E0?9?9?9?9*9?9*9?9?9?9?9?9?9*9*_?9*9*9?9?9,29.3,26.7,86,100850,9999,9999,457,407,47,369,999900,999900,999900,99990,270,0.5,9,9,999.0,999,9,'999999999,0,0.0000,0,88,999.000,0.0,1.0
2056/10/27,15:00,?9?9?9?9E0?9?9?9?9*9?9*9?9?9?9?9?9?9*9*_?9*9*9?9?9,29.5,26.7,85,100750,9999,9999,458,323,43,294,999900,999900,999900,99990,360,0.8,9,9,999.0,999,9,'999999999,0,0.0000,0,88,999.000,0.0,1.0
2056/10/27,16:00,?9?9?9?9E0?9?9?9?9*9?9*9?9?9?9?9?9?9*9*_?9*9*9?9?9,29.1,26.7,87,100750,9999,9999,446,254,54,227,999900,999900,999900,99990,360,0.6,8,8,999.0,999,9,'999999999,0,0.0000,0,88,999.000,0.0,1.0
2056/10/27,17:00,?9?9?9?9E0?9?9?9?9*9?9*9?9?9?9?9?9?9*9*_?9*9*9?9?9,28.9,26.7,88,100750,9999,9999,445,113,26,106,999900,999900,999900,99990,360,0.3,8,8,999.0,999,9,'999999999,0,0.0000,0,88,999.000,0.0,1.0
2056/10/27,18:00,?9?9?9?9E0?9?9?9?9*9?9*9?9?9?9?9?9?9*9*_?9*9*9?9?9,28.1,26.9,93,100850,9999,9999,434,9,0,9,999900,999900,999900,99990,360,0.3,7,7,999.0,999,9,'999999999,0,0.0000,0,88,999.000,0.0,1.0
2056/10/27,19:00,?9?9?9?9E0?9?9?9?9*9?9*9?9?9?9?9?9?9*9*_?9*9*9?9?9,27.9,26.9,94,100950,9999,9999,432,0,0,0,999900,999900,999900,99990,360,0.3,7,7,999.0,999,9,'999999999,0,0.0000,0,88,999.000,0.0,1.0
2056/10/27,20:00,?9?9?9?9E0?9?9?9?9*9?9*9?9?9?9?9?9?9*9*_?9*9*9?9?9,27.9,26.7,93,100950,9999,9999,427,0,0,0,999900,999900,999900,99990,360,0.4,6,6,999.0,999,9,'999999999,0,0.0000,0,88,999.000,0.0,1.0
2056/10/27,21:00,?9?9?9?9E0?9?9?9?9*9?9*9?9?9?9?9?9?9*9*_?9*9*9?9?9,27.3,26.8,97,101050,9999,9999,424,0,0,0,999900,999900,999900,99990,20,0.2,6,6,999.0,999,9,'999999999,0,0.0000,0,88,999.000,0.0,1.0
2056/10/27,22:00,?9?9?9?9E0?9?9?9?9*9?9*9?9?9?9?9?9?9*9*_?9*9*9?9?9,27.0,26.7,98,101050,9999,9999,418,0,0,0,999900,999900,999900,99990,20,0.0,5,5,999.0,999,9,'999999999,0,0.0000,0,88,999.000,0.0,1.0
2056/10/27,23:00,?9?9?9?9E0?9?9?9?9*9?9*9?9?9?9?9?9?9*9*_?9*9*9?9?9,27.5,26.6,95,100950,9999,9999,421,0,0,0,999900,999900,999900,99990,20,0.7,5,5,999.0,999,9,'999999999,0,0.0000,0,88,999.000,0.0,1.0
2056/10/27,24:00,?9?9?9?9E0?9?9?9?9*9?9*9?9?9?9?9?9?9*9*_?9*9*9?9?9,27.5,26.3,93,100950,9999,9999,421,0,0,0,999900,999900,999900,99990,360,0.0,5,5,999.0,999,9,'999999999,0,0.0000,0,88,999.000,0.0,1.0
2056/10/28,01:00,?9?9?9?9E0?9?9?9?9*9?9*9?9?9?9?9?9?9*9*_?9*9*9?9?9,27.5,26.3,93,100850,9999,9999,421,0,0,0,999900,999900,999900,99990,360,0.0,5,5,999.0,999,9,'999999999,0,0.0000,0,88,999.000,2.0,1.0
2056/10/28,02:00,?9?9?9?9E0?9?9?9?9*9?9*9?9?9?9?9?9?9*9*_?9*9*9?9?9,27.0,26.1,95,100850,9999,9999,426,0,0,0,999900,999900,999900,99990,360,0.0,7,7,999.0,999,9,'999999999,0,0.0000,0,88,999.000,10.9,1.0
2056/10/28,03:00,?9?9?9?9E0?9?9?9?9*9?9*9?9?9?9?9?9?9*9*_?9*9*9?9?9,26.8,26.1,96,100750,9999,9999,432,0,0,0,999900,999900,999900,99990,360,0.0,8,8,999.0,999,9,'999999999,0,0.0000,0,88,999.000,0.0,1.0
2056/10/28,04:00,?9?9?9?9E0?9?9?9?9*9?9*9?9?9?9?9?9?9*9*_?9*9*9?9?9,26.8,26.1,96,100750,9999,9999,441,0,0,0,999900,999900,999900,99990,360,0.0,9,9,999.0,999,9,'999999999,0,0.0000,0,88,999.000,0.0,1.0
2056/10/28,05:00,?9?9?9?9E0?9?9?9?9*9?9*9?9?9?9?9?9?9*9*_?9*9*9?9?9,26.6,25.9,96,100750,9999,9999,440,0,0,0,999900,999900,999900,99990,360,0.4,9,9,999.0,999,9,'999999999,0,0.0000,0,88,999.000,0.0,1.0
2056/10/28,06:00,?9?9?9?9E0?9?9?9?9*9?9*9?9?9?9?9?9?9*9*_?9*9*9?9?9,26.6,25.9,96,100850,9999,9999,440,0,0,0,999900,999900,999900,99990,360,0.6,9,9,999.0,999,9,'999999999,0,0.0000,0,88,999.000,0.0,1.0
2056/10/28,07:00,?9?9?9?9E0?9?9?9?9*9?9*9?9?9?9?9?9?9*9*_?9*9*9?9?9,26.9,26.2,96,100950,9999,9999,442,13,3,13,999900,999900,999900,99990,360,0.4,9,9,999.0,999,9,'999999999,0,0.0000,0,88,999.000,0.0,1.0
2056/10/28,08:00,?9?9?9?9E0?9?9?9?9*9?9*9?9?9?9?9?9?9*9*_?9*9*9?9?9,27.3,26.6,96,101050,9999,9999,445,105,14,100,999900,999900,999900,99990,360,0.6,9,9,999.0,999,9,'999999999,0,0.0000,0,88,999.000,8.9,1.0
2056/10/28,09:00,?9?9?9?9E0?9?9?9?9*9?9*9?9?9?9?9?9?9*9*_?9*9*9?9?9,27.7,27.0,96,101050,9999,9999,448,215,28,200,999900,999900,999900,99990,360,0.0,9,9,999.0,999,9,'999999999,0,0.0000,0,88,999.000,3.1,1.0
2056/10/28,10:00,?9?9?9?9E0?9?9?9?9*9?9*9?9?9?9?9?9?9*9*_?9*9*9?9?9,28.5,27.1,92,101050,9999,9999,443,385,70,335,999900,999900,999900,99990,360,0.0,8,8,999.0,999,9,'999999999,0,0.0000,0,88,999.000,0.0,1.0
2056/10/28,11:00,?9?9?9?9E0?9?9?9?9*9?9*9?9?9?9?9?9?9*9*_?9*9*9?9?9,30.6,27.2,82,101050,9999,9999,456,498,101,414,999900,999900,999900,99990,360,1.1,8,8,999.0,999,9,'999999999,0,0.0000,0,88,999.000,0.0,1.0
2056/10/28,12:00,?9?9?9?9E0?9?9?9?9*9?9*9?9?9?9?9?9?9*9*_?9*9*9?9?9,31.0,27.4,81,100950,9999,9999,458,558,118,452,999900,999900,999900,99990,360,1.4,8,8,999.0,999,9,'999999999,0,0.0000,0,88,999.000,0.0,1.0
2056/10/28,13:00,?9?9?9?9E0?9?9?9?9*9?9*9?9?9?9?9?9?9*9*_?9*9*9?9?9,31.5,27.0,77,100850,9999,9999,461,562,127,450,999900,999900,999900,99990,360,1.2,8,8,999.0,999,9,'999999999,0,0.0000,0,88,999.000,0.0,1.0
2056/10/28,14:00,?9?9?9?9E0?9?9?9?9*9?9*9?9?9?9?9?9?9*9*_?9*9*9?9?9,31.0,26.9,79,100750,9999,9999,458,504,121,405,999900,999900,999900,99990,360,0.9,8,8,999.0,999,9,'999999999,0,0.0000,0,88,999.000,0.0,1.0
2056/10/28,15:00,?9?9?9?9E0?9?9?9?9*9?9*9?9?9?9?9?9?9*9*_?9*9*9?9?9,31.6,26.9,76,100750,9999,9999,461,406,110,331,999900,999900,999900,99990,90,0.7,8,8,999.0,999,9,'999999999,0,0.0000,0,88,999.000,0.0,1.0
2056/10/28,16:00,?9?9?9?9E0?9?9?9?9*9?9*9?9?9?9?9?9?9*9*_?9*9*9?9?9,31.3,26.8,77,100750,9999,9999,459,270,81,229,999900,999900,999900,99990,90,0.4,8,8,999.0,999,9,'999999999,0,0.0000,0,88,999.000,0.0,1.0
2056/10/28,17:00,?9?9?9?9E0?9?9?9?9*9?9*9?9?9?9?9?9?9*9*_?9*9*9?9?9,31.0,26.7,78,100750,9999,9999,457,121,37,110,999900,999900,999900,99990,90,0.2,8,8,999.0,999,9,'999999999,0,0.0000,0,88,999.000,0.0,1.0
2056/10/28,18:00,?9?9?9?9E0?9?9?9?9*9?9*9?9?9?9?9?9?9*9*_?9*9*9?9?9,29.5,26.9,86,100850,9999,9999,449,6,0,6,999900,999900,999900,99990,90,0.3,8,8,999.0,999,9,'999999999,0,0.0000,0,88,999.000,0.0,1.0
2056/10/28,19:00,?9?9?9?9E0?9?9?9?9*9?9*9?9?9?9?9?9?9*9*_?9*9*9?9?9,29.0,27.0,89,100850,9999,9999,439,0,0,0,999900,999900,999900,99990,90,0.5,7,7,999.0,999,9,'999999999,0,0.0000,0,88,999.000,0.0,1.0
2056/10/28,20:00,?9?9?9?9E0?9?9?9?9*9?9*9?9?9?9?9?9?9*9*_?9*9*9?9?9,28.5,26.9,91,100950,9999,9999,431,0,0,0,999900,999900,999900,99990,90,0.4,6,6,999.0,999,9,'999999999,0,0.0000,0,88,999.000,0.0,1.0
2056/10/28,21:00,?9?9?9?9E0?9?9?9?9*9?9*9?9?9?9?9?9?9*9*_?9*9*9?9?9,28.0,26.8,93,100950,9999,9999,421,0,0,0,999900,999900,999900,99990,90,0.3,4,4,999.0,999,9,'999999999,0,0.0000,0,88,999.000,0.0,1.0
2056/10/28,22:00,?9?9?9?9E0?9?9?9?9*9?9*9?9?9?9?9?9?9*9*_?9*9*9?9?9,27.6,26.7,95,100950,9999,9999,419,0,0,0,999900,999900,999900,99990,90,0.0,4,4,999.0,999,9,'999999999,0,0.0000,0,88,999.000,0.0,1.0
2056/10/28,23:00,?9?9?9?9E0?9?9?9?9*9?9*9?9?9?9?9?9?9*9*_?9*9*9?9?9,27.1,26.2,95,100950,9999,9999,415,0,0,0,999900,999900,999900,99990,90,0.0,4,4,999.0,999,9,'999999999,0,0.0000,0,88,999.000,0.0,1.0
2056/10/28,24:00,?9?9?9?9E0?9?9?9?9*9?9*9?9?9?9?9?9?9*9*_?9*9*9?9?9,26.6,26.1,97,100950,9999,9999,412,0,0,0,999900,999900,999900,99990,270,0.0,4,4,999.0,999,9,'999999999,0,0.0000,0,88,999.000,0.0,1.0
2056/10/29,01:00,?9?9?9?9E0?9?9?9?9*9?9*9?9?9?9?9?9?9*9*_?9*9*9?9?9,26.1,25.8,98,100950,9999,9999,409,0,0,0,999900,999900,999900,99990,270,0.0,4,4,999.0,999,9,'999999999,0,0.0000,0,88,999.000,0.0,1.0
2056/10/29,02:00,?9?9?9?9E0?9?9?9?9*9?9*9?9?9?9?9?9?9*9*_?9*9*9?9?9,26.3,25.8,97,100850,9999,9999,413,0,0,0,999900,999900,999900,99990,270,0.0,5,5,999.0,999,9,'999999999,0,0.0000,0,88,999.000,0.0,1.0
2056/10/29,03:00,?9?9?9?9E0?9?9?9?9*9?9*9?9?9?9?9?9?9*9*_?9*9*9?9?9,26.4,25.9,97,100850,9999,9999,414,0,0,0,999900,999900,999900,99990,270,0.0,5,5,999.0,999,9,'999999999,0,0.0000,0,88,999.000,0.0,1.0
2056/10/29,04:00,?9?9?9?9E0?9?9?9?9*9?9*9?9?9?9?9?9?9*9*_?9*9*9?9?9,26.4,25.9,97,100850,9999,9999,414,0,0,0,999900,999900,999900,99990,270,0.6,5,5,999.0,999,9,'999999999,0,0.0000,0,88,999.000,0.0,1.0
2056/10/29,05:00,?9?9?9?9E0?9?9?9?9*9?9*9?9?9?9?9?9?9*9*_?9*9*9?9?9,26.5,25.8,96,100850,9999,9999,415,0,0,0,999900,999900,999900,99990,270,0.6,5,5,999.0,999,9,'999999999,0,0.0000,0,88,999.000,0.0,1.0
2056/10/29,06:00,?9?9?9?9E0?9?9?9?9*9?9*9?9?9?9?9?9?9*9*_?9*9*9?9?9,26.6,25.8,95,100950,9999,9999,415,0,0,0,999900,999900,999900,99990,180,0.6,5,5,999.0,999,9,'999999999,0,0.0000,0,88,999.000,0.0,1.0
2056/10/29,07:00,?9?9?9?9E0?9?9?9?9*9?9*9?9?9?9?9?9?9*9*_?9*9*9?9?9,26.6,25.9,96,101050,9999,9999,415,43,39,39,999900,999900,999900,99990,180,0.3,5,5,999.0,999,9,'999999999,0,0.0000,0,88,999.000,0.0,1.0
2056/10/29,08:00,?9?9?9?9E0?9?9?9?9*9?9*9?9?9?9?9?9?9*9*_?9*9*9?9?9,27.6,26.2,92,101150,9999,9999,425,182,80,155,999900,999900,999900,99990,180,0.6,6,6,999.0,999,9,'999999999,0,0.0000,0,88,999.000,0.0,1.0
2056/10/29,09:00,?9?9?9?9E0?9?9?9?9*9?9*9?9?9?9?9?9?9*9*_?9*9*9?9?9,25.6,25.6,100,101150,9999,9999,418,300,83,255,999900,999900,999900,99990,20,1.1,7,7,999.0,999,9,'999999999,0,0.0000,0,88,999.000,0.0,1.0
2056/10/29,10:00,?9?9?9?9E0?9?9?9?9*9?9*9?9?9?9?9?9?9*9*_?9*9*9?9?9,25.6,25.6,100,101150,9999,9999,424,375,67,327,999900,999900,999900,99990,20,1.2,8,8,999.0,999,9,'999999999,0,0.0000,0,88,999.000,0.0,1.0
2056/10/29,11:00,?9?9?9?9E0?9?9?9?9*9?9*9?9?9?9?9?9?9*9*_?9*9*9?9?9,25.6,25.6,100,101150,9999,9999,424,467,79,401,999900,999900,999900,99990,20,1.1,8,8,999.0,999,9,'999999999,0,0.0000,0,88,999.000,0.0,1.0
2056/10/29,12:00,?9?9?9?9E0?9?9?9?9*9?9*9?9?9?9?9?9?9*9*_?9*9*9?9?9,26.1,26.1,100,101050,9999,9999,428,512,85,436,999900,999900,999900,99990,20,1.0,8,8,999.0,999,9,'999999999,0,0.0000,0,88,999.000,0.0,1.0
2056/10/29,13:00,?9?9?9?9E0?9?9?9?9*9?9*9?9?9?9?9?9?9*9*_?9*9*9?9?9,26.1,26.1,100,100850,9999,9999,428,503,83,430,999900,999900,999900,99990,20,0.8,8,8,999.0,999,9,'999999999,0,0.0000,0,88,999.000,0.0,1.0
2056/10/29,14:00,?9?9?9?9E0?9?9?9?9*9?9*9?9?9?9?9?9?9*9*_?9*9*9?9?9,26.0,26.0,100,100850,9999,9999,427,446,76,384,999900,999900,999900,99990,20,1.3,8,8,999.0,999,9,'999999999,0,0.0000,0,88,999.000,0.0,1.0
2056/10/29,15:00,?9?9?9?9E0?9?9?9?9*9?9*9?9?9?9?9?9?9*9*_?9*9*9?9?9,26.1,26.1,100,100750,9999,9999,428,350,66,305,999900,999900,999900,99990,20,0.5,8,8,999.0,999,9,'999999999,0,0.0000,0,88,999.000,0.0,1.0
2056/10/29,16:00,?9?9?9?9E0?9?9?9?9*9?9*9?9?9?9?9?9?9*9*_?9*9*9?9?9,26.0,26.0,100,100750,9999,9999,421,266,75,228,999900,999900,999900,99990,20,0.6,7,7,999.0,999,9,'999999999,0,0.0000,0,88,999.000,1.8,1.0
2056/10/29,17:00,?9?9?9?9E0?9?9?9?9*9?9*9?9?9?9?9?9?9*9*_?9*9*9?9?9,26.0,26.0,100,100750,9999,9999,421,118,35,108,999900,999900,999900,99990,20,0.7,7,7,999.0,999,9,'999999999,0,0.0000,0,88,999.000,0.0,1.0
2056/10/29,18:00,?9?9?9?9E0?9?9?9?9*9?9*9?9?9?9?9?9?9*9*_?9*9*9?9?9,25.5,25.5,100,100750,9999,9999,412,9,0,9,999900,999900,999900,99990,20,0.3,6,6,999.0,999,9,'999999999,0,0.0000,0,88,999.000,0.0,1.0
2056/10/29,19:00,?9?9?9?9E0?9?9?9?9*9?9*9?9?9?9?9?9?9*9*_?9*9*9?9?9,25.3,25.3,100,100850,9999,9999,411,0,0,0,999900,999900,999900,99990,20,0.2,6,6,999.0,999,9,'999999999,0,0.0000,0,88,999.000,0.0,1.0
2056/10/29,20:00,?9?9?9?9E0?9?9?9?9*9?9*9?9?9?9?9?9?9*9*_?9*9*9?9?9,25.1,25.1,100,100950,9999,9999,410,0,0,0,999900,999900,999900,99990,20,0.3,6,6,999.0,999,9,'999999999,0,0.0000,0,88,999.000,0.0,1.0
2056/10/29,21:00,?9?9?9?9E0?9?9?9?9*9?9*9?9?9?9?9?9?9*9*_?9*9*9?9?9,25.1,25.1,100,101050,9999,9999,410,0,0,0,999900,999900,999900,99990,20,0.2,6,6,999.0,999,9,'999999999,0,0.0000,0,88,999.000,0.0,1.0
2056/10/29,22:00,?9?9?9?9E0?9?9?9?9*9?9*9?9?9?9?9?9?9*9*_?9*9*9?9?9,25.3,25.3,100,101050,9999,9999,411,0,0,0,999900,999900,999900,99990,20,0.0,6,6,999.0,999,9,'999999999,0,0.0000,0,88,999.000,0.0,1.0
2056/10/29,23:00,?9?9?9?9E0?9?9?9?9*9?9*9?9?9?9?9?9?9*9*_?9*9*9?9?9,25.6,25.6,100,100950,9999,9999,424,0,0,0,999900,999900,999900,99990,20,1.5,8,8,999.0,999,9,'999999999,0,0.0000,0,88,999.000,0.0,1.0
2056/10/29,24:00,?9?9?9?9E0?9?9?9?9*9?9*9?9?9?9?9?9?9*9*_?9*9*9?9?9,25.4,25.4,100,101050,9999,9999,432,0,0,0,999900,999900,999900,99990,20,0.3,9,9,999.0,999,9,'999999999,0,0.0000,0,88,999.000,15.6,1.0
2056/10/30,01:00,?9?9?9?9E0?9?9?9?9*9?9*9?9?9?9?9?9?9*9*_?9*9*9?9?9,25.7,25.7,100,100850,9999,9999,434,0,0,0,999900,999900,999900,99990,20,0.4,9,9,999.0,999,9,'999999999,0,0.0000,0,88,999.000,0.0,1.0
2056/10/30,02:00,?9?9?9?9E0?9?9?9?9*9?9*9?9?9?9?9?9?9*9*_?9*9*9?9?9,25.4,25.4,100,100750,9999,9999,432,0,0,0,999900,999900,999900,99990,20,0.2,9,9,999.0,999,9,'999999999,0,0.0000,0,88,999.000,0.0,1.0
2056/10/30,03:00,?9?9?9?9E0?9?9?9?9*9?9*9?9?9?9?9?9?9*9*_?9*9*9?9?9,25.7,25.0,96,100750,9999,9999,433,0,0,0,999900,999900,999900,99990,20,0.3,9,9,999.0,999,9,'999999999,0,0.0000,0,88,999.000,1.8,1.0
2056/10/30,04:00,?9?9?9?9E0?9?9?9?9*9?9*9?9?9?9?9?9?9*9*_?9*9*9?9?9,25.7,24.9,95,100750,9999,9999,433,0,0,0,999900,999900,999900,99990,20,0.4,9,9,999.0,999,9,'999999999,0,0.0000,0,88,999.000,0.0,1.0
2056/10/30,05:00,?9?9?9?9E0?9?9?9?9*9?9*9?9?9?9?9?9?9*9*_?9*9*9?9?9,25.4,24.9,97,100750,9999,9999,432,0,0,0,999900,999900,999900,99990,20,0.5,9,9,999.0,999,9,'999999999,0,0.0000,0,88,999.000,0.1,1.0
2056/10/30,06:00,?9?9?9?9E0?9?9?9?9*9?9*9?9?9?9?9?9?9*9*_?9*9*9?9?9,25.6,24.9,96,100850,9999,9999,433,0,0,0,999900,999900,999900,99990,50,0.0,9,9,999.0,999,9,'999999999,0,0.0000,0,88,999.000,2.2,1.0
2056/10/30,07:00,?9?9?9?9E0?9?9?9?9*9?9*9?9?9?9?9?9?9*9*_?9*9*9?9?9,25.1,24.8,98,100850,9999,9999,442,13,2,13,999900,999900,999900,99990,50,0.0,10,10,999.0,999,9,'999999999,0,0.0000,0,88,999.000,9.4,1.0
2056/10/30,08:00,?9?9?9?9E0?9?9?9?9*9?9*9?9?9?9?9?9?9*9*_?9*9*9?9?9,25.4,24.9,97,100950,9999,9999,444,72,5,70,999900,999900,999900,99990,50,0.6,10,10,999.0,999,9,'999999999,0,0.0000,0,88,999.000,33.3,1.0
2056/10/30,09:00,?9?9?9?9E0?9?9?9?9*9?9*9?9?9?9?9?9?9*9*_?9*9*9?9?9,25.6,25.1,97,101050,9999,9999,445,164,10,159,999900,999900,999900,99990,50,0.5,10,10,999.0,999,9,'999999999,0,0.0000,0,88,999.000,7.0,1.0
2056/10/30,10:00,?9?9?9?9E0?9?9?9?9*9?9*9?9?9?9?9?9?9*9*_?9*9*9?9?9,25.5,25.2,98,101150,9999,9999,445,247,13,237,999900,999900,999900,99990,50,0.7,10,10,999.0,999,9,'999999999,0,0.0000,0,88,999.000,14.5,1.0
2056/10/30,11:00,?9?9?9?9E0?9?9?9?9*9?9*9?9?9?9?9?9?9*9*_?9*9*9?9?9,25.6,25.3,98,101050,9999,9999,445,314,16,300,999900,999900,999900,99990,50,0.7,10,10,999.0,999,9,'999999999,0,0.0000,0,88,999.000,15.5,1.0
2056/10/30,12:00,?9?9?9?9E0?9?9?9?9*9?9*9?9?9?9?9?9?9*9*_?9*9*9?9?9,25.6,25.5,99,100850,9999,9999,446,358,19,341,999900,999900,999900,99990,360,1.5,10,10,999.0,999,9,'999999999,0,0.0000,0,88,999.000,11.3,1.0
2056/10/30,13:00,?9?9?9?9E0?9?9?9?9*9?9*9?9?9?9?9?9?9*9*_?9*9*9?9?9,26.1,25.4,96,100750,9999,9999,449,356,20,339,999900,999900,999900,99990,360,1.4,10,10,999.0,999,9,'999999999,0,0.0000,0,88,999.000,0.7,1.0
2056/10/30,14:00,?9?9?9?9E0?9?9?9?9*9?9*9?9?9?9?9?9?9*9*_?9*9*9?9?9,26.0,25.5,97,100650,9999,9999,448,309,17,295,999900,999900,999900,99990,360,2.0,10,10,999.0,999,9,'999999999,0,0.0000,0,88,999.000,2.6,1.0
2056/10/30,15:00,?9?9?9?9E0?9?9?9?9*9?9*9?9?9?9?9?9?9*9*_?9*9*9?9?9,26.1,25.4,96,100650,9999,9999,449,238,14,228,999900,999900,999900,99990,360,2.2,10,10,999.0,999,9,'999999999,0,0.0000,0,88,999.000,0.9,1.0
2056/10/30,16:00,?9?9?9?9E0?9?9?9?9*9?9*9?9?9?9?9?9?9*9*_?9*9*9?9?9,25.9,25.4,97,100650,9999,9999,447,146,9,141,999900,999900,999900,99990,360,1.4,10,10,999.0,999,9,'999999999,0,0.0000,0,88,999.000,7.1,1.0
2056/10/30,17:00,?9?9?9?9E0?9?9?9?9*9?9*9?9?9?9?9?9?9*9*_?9*9*9?9?9,26.0,25.3,96,100650,9999,9999,448,52,4,51,999900,999900,999900,99990,360,1.5,10,10,999.0,999,9,'999999999,0,0.0000,0,88,999.000,19.5,1.0
2056/10/30,18:00,?9?9?9?9E0?9?9?9?9*9?9*9?9?9?9?9?9?9*9*_?9*9*9?9?9,25.4,25.3,99,100650,9999,9999,444,5,0,5,999900,999900,999900,99990,50,1.8,10,10,999.0,999,9,'999999999,0,0.0000,0,88,999.000,19.3,1.0
2056/10/30,19:00,?9?9?9?9E0?9?9?9?9*9?9*9?9?9?9?9?9?9*9*_?9*9*9?9?9,25.3,25.2,99,100750,9999,9999,443,0,0,0,999900,999900,999900,99990,50,2.2,10,10,999.0,999,9,'999999999,0,0.0000,0,88,999.000,14.2,1.0
2056/10/30,20:00,?9?9?9?9E0?9?9?9?9*9?9*9?9?9?9?9?9?9*9*_?9*9*9?9?9,25.1,25.1,100,100750,9999,9999,442,0,0,0,999900,999900,999900,99990,50,2.0,10,10,999.0,999,9,'999999999,0,0.0000,0,88,999.000,20.8,1.0
2056/10/30,21:00,?9?9?9?9E0?9?9?9?9*9?9*9?9?9?9?9?9?9*9*_?9*9*9?9?9,25.1,25.1,100,100750,9999,9999,442,0,0,0,999900,999900,999900,99990,20,1.5,10,10,999.0,999,9,'999999999,0,0.0000,0,88,999.000,0.0,1.0
2056/10/30,22:00,?9?9?9?9E0?9?9?9?9*9?9*9?9?9?9?9?9?9*9*_?9*9*9?9?9,25.3,25.2,99,100650,9999,9999,443,0,0,0,999900,999900,999900,99990,20,2.1,10,10,999.0,999,9,'999999999,0,0.0000,0,88,999.000,0.0,1.0
2056/10/30,23:00,?9?9?9?9E0?9?9?9?9*9?9*9?9?9?9?9?9?9*9*_?9*9*9?9?9,25.6,25.3,98,100550,9999,9999,445,0,0,0,999900,999900,999900,99990,20,2.7,10,10,999.0,999,9,'999999999,0,0.0000,0,88,999.000,0.0,1.0
2056/10/30,24:00,?9?9?9?9E0?9?9?9?9*9?9*9?9?9?9?9?9?9*9*_?9*9*9?9?9,25.4,25.4,100,100350,9999,9999,444,0,0,0,999900,999900,999900,99990,50,2.0,10,10,999.0,999,9,'999999999,0,0.0000,0,88,999.000,19.1,1.0
2056/10/31,01:00,?9?9?9?9E0?9?9?9?9*9?9*9?9?9?9?9?9?9*9*_?9*9*9?9?9,25.6,25.3,98,100050,9999,9999,445,0,0,0,999900,999900,999900,99990,20,3.6,10,10,999.0,999,9,'999999999,0,0.0000,0,88,999.000,0.0,1.0
2056/10/31,02:00,?9?9?9?9E0?9?9?9?9*9?9*9?9?9?9?9?9?9*9*_?9*9*9?9?9,25.4,25.1,98,99350,9999,9999,444,0,0,0,999900,999900,999900,99990,20,6.3,10,10,999.0,999,9,'999999999,0,0.0000,0,88,999.000,0.0,1.0
2056/10/31,03:00,?9?9?9?9E0?9?9?9?9*9?9*9?9?9?9?9?9?9*9*_?9*9*9?9?9,25.6,25.1,97,99350,9999,9999,445,0,0,0,999900,999900,999900,99990,90,5.0,10,10,999.0,999,9,'999999999,0,0.0000,0,88,999.000,0.0,1.0
2056/10/31,04:00,?9?9?9?9E0?9?9?9?9*9?9*9?9?9?9?9?9?9*9*_?9*9*9?9?9,25.9,24.9,94,99050,9999,9999,447,0,0,0,999900,999900,999900,99990,90,2.4,10,10,999.0,999,9,'999999999,0,0.0000,0,88,999.000,0.4,1.0
2056/10/31,05:00,?9?9?9?9E0?9?9?9?9*9?9*9?9?9?9?9?9?9*9*_?9*9*9?9?9,26.1,24.9,93,99150,9999,9999,448,0,0,0,999900,999900,999900,99990,90,2.9,10,10,999.0,999,9,'999999999,0,0.0000,0,88,999.000,0.0,1.0
2056/10/31,06:00,?9?9?9?9E0?9?9?9?9*9?9*9?9?9?9?9?9?9*9*_?9*9*9?9?9,25.8,25.0,95,99850,9999,9999,446,0,0,0,999900,999900,999900,99990,90,5.1,10,10,999.0,999,9,'999999999,0,0.0000,0,88,999.000,0.7,1.0
2056/10/31,07:00,?9?9?9?9E0?9?9?9?9*9?9*9?9?9?9?9?9?9*9*_?9*9*9?9?9,25.4,24.7,96,100250,9999,9999,444,13,2,13,999900,999900,999900,99990,90,3.5,10,10,999.0,999,9,'999999999,0,0.0000,0,88,999.000,3.6,1.0
2056/10/31,08:00,?9?9?9?9E0?9?9?9?9*9?9*9?9?9?9?9?9?9*9*_?9*9*9?9?9,25.2,24.7,97,100550,9999,9999,442,77,5,75,999900,999900,999900,99990,90,3.2,10,10,999.0,999,9,'999999999,0,0.0000,0,88,999.000,4.7,1.0
2056/10/31,09:00,?9?9?9?9E0?9?9?9?9*9?9*9?9?9?9?9?9?9*9*_?9*9*9?9?9,24.9,24.6,98,100750,9999,9999,440,167,10,161,999900,999900,999900,99990,230,1.7,10,10,999.0,999,9,'999999999,0,0.0000,0,88,999.000,1.3,1.0
2056/10/31,10:00,?9?9?9?9E0?9?9?9?9*9?9*9?9?9?9?9?9?9*9*_?9*9*9?9?9,25.1,24.4,96,100850,9999,9999,441,258,15,247,999900,999900,999900,99990,230,1.9,10,10,999.0,999,9,'999999999,0,0.0000,0,88,999.000,0.1,1.0
2056/10/31,11:00,?9?9?9?9E0?9?9?9?9*9?9*9?9?9?9?9?9?9*9*_?9*9*9?9?9,25.1,24.4,96,100850,9999,9999,441,324,18,309,999900,999900,999900,99990,230,1.8,10,10,999.0,999,9,'999999999,0,0.0000,0,88,999.000,1.2,1.0
2056/10/31,12:00,?9?9?9?9E0?9?9?9?9*9?9*9?9?9?9?9?9?9*9*_?9*9*9?9?9,25.5,24.5,94,100850,9999,9999,444,369,21,350,999900,999900,999900,99990,230,1.3,10,10,999.0,999,9,'999999999,0,0.0000,0,88,999.000,0.3,1.0
2056/10/31,13:00,?9?9?9?9E0?9?9?9?9*9?9*9?9?9?9?9?9?9*9*_?9*9*9?9?9,25.4,24.7,96,100750,9999,9999,444,357,20,339,999900,999900,999900,99990,230,1.4,10,10,999.0,999,9,'999999999,0,0.0000,0,88,999.000,0.1,1.0
2056/10/31,14:00,?9?9?9?9E0?9?9?9?9*9?9*9?9?9?9?9?9?9*9*_?9*9*9?9?9,26.2,25.0,93,100750,9999,9999,449,310,18,295,999900,999900,999900,99990,230,0.6,10,10,999.0,999,9,'999999999,0,0.0000,0,88,999.000,0.0,1.0
2056/10/31,15:00,?9?9?9?9E0?9?9?9?9*9?9*9?9?9?9?9?9?9*9*_?9*9*9?9?9,26.6,25.2,92,100650,9999,9999,451,238,15,228,999900,999900,999900,99990,180,0.2,10,10,999.0,999,9,'999999999,0,0.0000,0,88,999.000,0.0,1.0
2056/10/31,16:00,?9?9?9?9E0?9?9?9?9*9?9*9?9?9?9?9?9?9*9*_?9*9*9?9?9,27.0,25.6,92,100650,9999,9999,454,146,10,141,999900,999900,999900,99990,180,0.3,10,10,999.0,999,9,'999999999,0,0.0000,0,88,999.000,0.0,1.0
2056/10/31,17:00,?9?9?9?9E0?9?9?9?9*9?9*9?9?9?9?9?9?9*9*_?9*9*9?9?9,27.0,25.8,93,100750,9999,9999,455,51,4,50,999900,999900,999900,99990,180,0.0,10,10,999.0,999,9,'999999999,0,0.0000,0,88,999.000,0.0,1.0
2056/10/31,18:00,?9?9?9?9E0?9?9?9?9*9?9*9?9?9?9?9?9?9*9*_?9*9*9?9?9,26.9,26.0,95,100750,9999,9999,454,4,0,4,999900,999900,999900,99990,180,0.0,10,10,999.0,999,9,'999999999,0,0.0000,0,88,999.000,0.0,1.0
2056/10/31,19:00,?9?9?9?9E0?9?9?9?9*9?9*9?9?9?9?9?9?9*9*_?9*9*9?9?9,26.0,26.0,100,100850,9999,9999,449,0,0,0,999900,999900,999900,99990,180,1.2,10,10,999.0,999,9,'999999999,0,0.0000,0,88,999.000,16.8,1.0
2056/10/31,20:00,?9?9?9?9E0?9?9?9?9*9?9*9?9?9?9?9?9?9*9*_?9*9*9?9?9,26.0,25.9,99,100950,9999,9999,449,0,0,0,999900,999900,999900,99990,180,0.0,10,10,999.0,999,9,'999999999,0,0.0000,0,88,999.000,1.3,1.0
2056/10/31,21:00,?9?9?9?9E0?9?9?9?9*9?9*9?9?9?9?9?9?9*9*_?9*9*9?9?9,26.2,26.0,99,100950,9999,9999,438,0,0,0,999900,999900,999900,99990,140,0.8,9,9,999.0,999,9,'999999999,0,0.0000,0,88,999.000,0.3,1.0
2056/10/31,22:00,?9?9?9?9E0?9?9?9?9*9?9*9?9?9?9?9?9?9*9*_?9*9*9?9?9,26.1,26.1,100,100950,9999,9999,428,0,0,0,999900,999900,999900,99990,140,1.0,8,8,999.0,999,9,'999999999,0,0.0000,0,88,999.000,0.3,1.0
2056/10/31,23:00,?9?9?9?9E0?9?9?9?9*9?9*9?9?9?9?9?9?9*9*_?9*9*9?9?9,26.4,26.4,100,100850,9999,9999,430,0,0,0,999900,999900,999900,99990,140,0.8,8,8,999.0,999,9,'999999999,0,0.0000,0,88,999.000,0.3,1.0
2056/10/31,24:00,?9?9?9?9E0?9?9?9?9*9?9*9?9?9?9?9?9?9*9*_?9*9*9?9?9,26.7,26.4,98,100750,9999,9999,425,0,0,0,999900,999900,999900,99990,180,0.7,7,7,999.0,999,9,'999999999,0,0.0000,0,88,999.000,0.1,1.0
2056/11/1,01:00,?9?9?9?9E0?9?9?9?9*9?9*9?9?9?9?9?9?9*9*_?9*9*9?9?9,27.1,26.8,98,100649,9999,9999,428,0,0,0,999900,999900,999900,99990,90,0.0,7,7,999.0,999,9,'999999999,0,0.0000,0,88,999.000,0.1,1.0
2056/11/1,02:00,?9?9?9?9E0?9?9?9?9*9?9*9?9?9?9?9?9?9*9*_?9*9*9?9?9,27.4,27.1,98,100649,9999,9999,425,0,0,0,999900,999900,999900,99990,90,0.0,6,6,999.0,999,9,'999999999,0,0.0000,0,88,999.000,0.1,1.0
2056/11/1,03:00,?9?9?9?9E0?9?9?9?9*9?9*9?9?9?9?9?9?9*9*_?9*9*9?9?9,27.6,27.3,98,100649,9999,9999,426,0,0,0,999900,999900,999900,99990,90,0.0,6,6,999.0,999,9,'999999999,0,0.0000,0,88,999.000,0.0,1.0
2056/11/1,04:00,?9?9?9?9E0?9?9?9?9*9?9*9?9?9?9?9?9?9*9*_?9*9*9?9?9,27.8,27.6,99,100549,9999,9999,424,0,0,0,999900,999900,999900,99990,90,0.0,5,5,999.0,999,9,'999999999,0,0.0000,0,88,999.000,0.0,1.0
2056/11/1,05:00,?9?9?9?9E0?9?9?9?9*9?9*9?9?9?9?9?9?9*9*_?9*9*9?9?9,27.8,27.6,99,100549,9999,9999,424,0,0,0,999900,999900,999900,99990,90,0.0,5,5,999.0,999,9,'999999999,0,0.0000,0,88,999.000,0.0,1.0
2056/11/1,06:00,?9?9?9?9E0?9?9?9?9*9?9*9?9?9?9?9?9?9*9*_?9*9*9?9?9,27.6,27.4,99,100649,9999,9999,423,0,0,0,999900,999900,999900,99990,90,0.0,5,5,999.0,999,9,'999999999,0,0.0000,0,88,999.000,0.0,1.0
2056/11/1,07:00,?9?9?9?9E0?9?9?9?9*9?9*9?9?9?9?9?9?9*9*_?9*9*9?9?9,27.8,27.6,99,100649,9999,9999,421,61,195,42,999900,999900,999900,99990,90,0.3,4,4,999.0,999,9,'999999999,0,0.0000,0,88,999.000,0.0,1.0
2056/11/1,08:00,?9?9?9?9E0?9?9?9?9*9?9*9?9?9?9?9?9?9*9*_?9*9*9?9?9,28.6,28.1,97,100749,9999,9999,426,239,320,132,999900,999900,999900,99990,90,0.8,4,4,999.0,999,9,'999999999,0,0.0000,0,88,999.000,0.0,1.0
2056/11/1,09:00,?9?9?9?9E0?9?9?9?9*9?9*9?9?9?9?9?9?9*9*_?9*9*9?9?9,30.4,27.0,82,100849,9999,9999,435,454,498,184,999900,999900,999900,99990,320,1.4,4,4,999.0,999,9,'999999999,0,0.0000,0,88,999.000,0.0,1.0
2056/11/1,10:00,?9?9?9?9E0?9?9?9?9*9?9*9?9?9?9?9?9?9*9*_?9*9*9?9?9,31.7,24.6,66,100849,9999,9999,439,655,628,208,999900,999900,999900,99990,320,0.1,4,4,999.0,999,9,'999999999,0,0.0000,0,88,999.000,0.0,1.0
2056/11/1,11:00,?9?9?9?9E0?9?9?9?9*9?9*9?9?9?9?9?9?9*9*_?9*9*9?9?9,32.7,23.9,60,100649,9999,9999,447,756,614,247,999900,999900,999900,99990,320,0.5,5,5,999.0,999,9,'999999999,0,0.0000,0,88,999.000,0.0,1.0
2056/11/1,12:00,?9?9?9?9E0?9?9?9?9*9?9*9?9?9?9?9?9?9*9*_?9*9*9?9?9,33.5,21.7,50,100549,9999,9999,449,850,684,245,999900,999900,999900,99990,360,1.3,5,5,999.0,999,9,'999999999,0,0.0000,0,88,999.000,0.0,1.0
2056/11/1,13:00,?9?9?9?9E0?9?9?9?9*9?9*9?9?9?9?9?9?9*9*_?9*9*9?9?9,33.7,23.7,56,100449,9999,9999,453,819,646,252,999900,999900,999900,99990,360,0.5,5,5,999.0,999,9,'999999999,0,0.0000,0,88,999.000,0.0,1.0
2056/11/1,14:00,?9?9?9?9E0?9?9?9?9*9?9*9?9?9?9?9?9?9*9*_?9*9*9?9?9,33.9,23.0,53,100349,9999,9999,453,751,650,227,999900,999900,999900,99990,360,1.0,5,5,999.0,999,9,'999999999,0,0.0000,0,88,999.000,0.0,1.0
2056/11/1,15:00,?9?9?9?9E0?9?9?9?9*9?9*9?9?9?9?9?9?9*9*_?9*9*9?9?9,33.7,22.2,51,100449,9999,9999,451,614,620,195,999900,999900,999900,99990,20,0.8,5,5,999.0,999,9,'999999999,0,0.0000,0,88,999.000,0.0,1.0
2056/11/1,16:00,?9?9?9?9E0?9?9?9?9*9?9*9?9?9?9?9?9?9*9*_?9*9*9?9?9,33.4,27.2,70,100449,9999,9999,453,409,494,164,999900,999900,999900,99990,20,0.9,4,4,999.0,999,9,'999999999,0,0.0000,0,88,999.000,0.0,1.0
2056/11/1,17:00,?9?9?9?9E0?9?9?9?9*9?9*9?9?9?9?9?9?9*9*_?9*9*9?9?9,31.6,25.5,70,100549,9999,9999,440,206,368,103,999900,999900,999900,99990,20,0.6,4,4,999.0,999,9,'999999999,0,0.0000,0,88,999.000,0.0,1.0
2056/11/1,18:00,?9?9?9?9E0?9?9?9?9*9?9*9?9?9?9?9?9?9*9*_?9*9*9?9?9,30.5,27.3,83,100549,9999,9999,432,33,0,33,999900,999900,999900,99990,90,0.4,3,3,999.0,999,9,'999999999,0,0.0000,0,88,999.000,0.0,1.0
2056/11/1,19:00,?9?9?9?9E0?9?9?9?9*9?9*9?9?9?9?9?9?9*9*_?9*9*9?9?9,30.1,27.5,86,100749,9999,9999,426,0,0,0,999900,999900,999900,99990,90,0.2,2,2,999.0,999,9,'999999999,0,0.0000,0,88,999.000,0.0,1.0
2056/11/1,20:00,?9?9?9?9E0?9?9?9?9*9?9*9?9?9?9?9?9?9*9*_?9*9*9?9?9,29.7,27.5,88,100749,9999,9999,424,0,0,0,999900,999900,999900,99990,90,0.1,2,2,999.0,999,9,'999999999,0,0.0000,0,88,999.000,0.0,1.0
2056/11/1,21:00,?9?9?9?9E0?9?9?9?9*9?9*9?9?9?9?9?9?9*9*_?9*9*9?9?9,29.1,27.7,92,100749,9999,9999,415,0,0,0,999900,999900,999900,99990,90,0.0,1,1,999.0,999,9,'999999999,0,0.0000,0,88,999.000,0.0,1.0
2056/11/1,22:00,?9?9?9?9E0?9?9?9?9*9?9*9?9?9?9?9?9?9*9*_?9*9*9?9?9,28.8,27.8,94,100849,9999,9999,414,0,0,0,999900,999900,999900,99990,90,0.0,1,1,999.0,999,9,'999999999,0,0.0000,0,88,999.000,0.0,1.0
2056/11/1,23:00,?9?9?9?9E0?9?9?9?9*9?9*9?9?9?9?9?9?9*9*_?9*9*9?9?9,28.5,27.8,96,100849,9999,9999,404,0,0,0,999900,999900,999900,99990,90,0.0,0,0,999.0,999,9,'999999999,0,0.0000,0,88,999.000,0.0,1.0
2056/11/1,24:00,?9?9?9?9E0?9?9?9?9*9?9*9?9?9?9?9?9?9*9*_?9*9*9?9?9,28.2,27.9,98,100749,9999,9999,403,0,0,0,999900,999900,999900,99990,90,0.0,0,0,999.0,999,9,'999999999,0,0.0000,0,88,999.000,0.0,1.0
2056/11/2,01:00,?9?9?9?9E0?9?9?9?9*9?9*9?9?9?9?9?9?9*9*_?9*9*9?9?9,28.1,27.8,98,100749,9999,9999,402,0,0,0,999900,999900,999900,99990,90,0.0,0,0,999.0,999,9,'999999999,0,0.0000,0,88,999.000,0.0,1.0
2056/11/2,02:00,?9?9?9?9E0?9?9?9?9*9?9*9?9?9?9?9?9?9*9*_?9*9*9?9?9,28.2,27.9,98,100649,9999,9999,416,0,0,0,999900,999900,999900,99990,90,0.2,2,2,999.0,999,9,'999999999,0,0.0000,0,88,999.000,0.0,1.0
2056/11/2,03:00,?9?9?9?9E0?9?9?9?9*9?9*9?9?9?9?9?9?9*9*_?9*9*9?9?9,28.2,27.9,98,100649,9999,9999,423,0,0,0,999900,999900,999900,99990,90,0.2,4,4,999.0,999,9,'999999999,0,0.0000,0,88,999.000,0.0,1.0
2056/11/2,04:00,?9?9?9?9E0?9?9?9?9*9?9*9?9?9?9?9?9?9*9*_?9*9*9?9?9,28.1,27.6,97,100649,9999,9999,423,0,0,0,999900,999900,999900,99990,90,0.2,4,4,999.0,999,9,'999999999,0,0.0000,0,88,999.000,0.0,1.0
2056/11/2,05:00,?9?9?9?9E0?9?9?9?9*9?9*9?9?9?9?9?9?9*9*_?9*9*9?9?9,27.6,27.3,98,100749,9999,9999,419,0,0,0,999900,999900,999900,99990,90,0.2,4,4,999.0,999,9,'999999999,0,0.0000,0,88,999.000,0.0,1.0
2056/11/2,06:00,?9?9?9?9E0?9?9?9?9*9?9*9?9?9?9?9?9?9*9*_?9*9*9?9?9,27.1,26.8,98,100749,9999,9999,413,0,0,0,999900,999900,999900,99990,270,0.2,3,3,999.0,999,9,'999999999,0,0.0000,0,88,999.000,0.0,1.0
2056/11/2,07:00,?9?9?9?9E0?9?9?9?9*9?9*9?9?9?9?9?9?9*9*_?9*9*9?9?9,27.2,26.7,97,100749,9999,9999,413,65,221,44,999900,999900,999900,99990,270,0.2,3,3,999.0,999,9,'999999999,0,0.0000,0,88,999.000,0.0,1.0
2056/11/2,08:00,?9?9?9?9E0?9?9?9?9*9?9*9?9?9?9?9?9?9*9*_?9*9*9?9?9,28.8,27.4,92,100649,9999,9999,426,242,310,139,999900,999900,999900,99990,270,0.2,4,4,999.0,999,9,'999999999,0,0.0000,0,88,999.000,0.0,1.0
2056/11/2,09:00,?9?9?9?9E0?9?9?9?9*9?9*9?9?9?9?9?9?9*9*_?9*9*9?9?9,30.1,26.1,79,100849,9999,9999,435,431,403,213,999900,999900,999900,99990,270,0.2,5,5,999.0,999,9,'999999999,0,0.0000,0,88,999.000,0.0,1.0
2056/11/2,10:00,?9?9?9?9E0?9?9?9?9*9?9*9?9?9?9?9?9?9*9*_?9*9*9?9?9,31.5,25.4,70,100849,9999,9999,442,613,498,260,999900,999900,999900,99990,270,0.7,5,5,999.0,999,9,'999999999,0,0.0000,0,88,999.000,0.0,1.0
2056/11/2,11:00,?9?9?9?9E0?9?9?9?9*9?9*9?9?9?9?9?9?9*9*_?9*9*9?9?9,32.6,23.3,58,100849,9999,9999,450,717,494,309,999900,999900,999900,99990,270,0.8,6,6,999.0,999,9,'999999999,0,0.0000,0,88,999.000,0.0,1.0
2056/11/2,12:00,?9?9?9?9E0?9?9?9?9*9?9*9?9?9?9?9?9?9*9*_?9*9*9?9?9,33.6,21.8,50,100749,9999,9999,459,737,427,360,999900,999900,999900,99990,20,1.1,7,7,999.0,999,9,'999999999,0,0.0000,0,88,999.000,0.0,1.0
2056/11/2,13:00,?9?9?9?9E0?9?9?9?9*9?9*9?9?9?9?9?9?9*9*_?9*9*9?9?9,33.5,22.0,51,100649,9999,9999,466,660,311,388,999900,999900,999900,99990,20,1.4,8,8,999.0,999,9,'999999999,0,0.0000,0,88,999.000,0.0,1.0
2056/11/2,14:00,?9?9?9?9E0?9?9?9?9*9?9*9?9?9?9?9?9?9*9*_?9*9*9?9?9,33.6,22.1,51,100549,9999,9999,467,595,295,358,999900,999900,999900,99990,20,1.3,8,8,999.0,999,9,'999999999,0,0.0000,0,88,999.000,0.0,1.0
2056/11/2,15:00,?9?9?9?9E0?9?9?9?9*9?9*9?9?9?9?9?9?9*9*_?9*9*9?9?9,33.6,22.1,51,100449,9999,9999,467,477,269,296,999900,999900,999900,99990,320,0.8,8,8,999.0,999,9,'999999999,0,0.0000,0,88,999.000,0.0,1.0
2056/11/2,16:00,?9?9?9?9E0?9?9?9?9*9?9*9?9?9?9?9?9?9*9*_?9*9*9?9?9,32.8,22.9,56,100449,9999,9999,456,353,278,216,999900,999900,999900,99990,320,0.9,7,7,999.0,999,9,'999999999,0,0.0000,0,88,999.000,0.0,1.0
2056/11/2,17:00,?9?9?9?9E0?9?9?9?9*9?9*9?9?9?9?9?9?9*9*_?9*9*9?9?9,31.9,26.2,72,100549,9999,9999,455,156,140,117,999900,999900,999900,99990,320,0.7,7,7,999.0,999,9,'999999999,0,0.0000,0,88,999.000,0.0,1.0
2056/11/2,18:00,?9?9?9?9E0?9?9?9?9*9?9*9?9?9?9?9?9?9*9*_?9*9*9?9?9,31.0,26.1,75,100549,9999,9999,444,27,0,27,999900,999900,999900,99990,50,0.4,6,6,999.0,999,9,'999999999,0,0.0000,0,88,999.000,0.0,1.0
2056/11/2,19:00,?9?9?9?9E0?9?9?9?9*9?9*9?9?9?9?9?9?9*9*_?9*9*9?9?9,30.4,26.6,80,100649,9999,9999,441,0,0,0,999900,999900,999900,99990,50,0.9,6,6,999.0,999,9,'999999999,0,0.0000,0,88,999.000,0.0,1.0
2056/11/2,20:00,?9?9?9?9E0?9?9?9?9*9?9*9?9?9?9?9?9?9*9*_?9*9*9?9?9,30.1,27.1,84,100749,9999,9999,440,0,0,0,999900,999900,999900,99990,50,0.3,6,6,999.0,999,9,'999999999,0,0.0000,0,88,999.000,0.0,1.0
2056/11/2,21:00,?9?9?9?9E0?9?9?9?9*9?9*9?9?9?9?9?9?9*9*_?9*9*9?9?9,29.9,27.7,88,100849,9999,9999,445,0,0,0,999900,999900,999900,99990,50,0.1,7,7,999.0,999,9,'999999999,0,0.0000,0,88,999.000,0.0,1.0
2056/11/2,22:00,?9?9?9?9E0?9?9?9?9*9?9*9?9?9?9?9?9?9*9*_?9*9*9?9?9,29.7,27.9,90,100849,9999,9999,444,0,0,0,999900,999900,999900,99990,50,0.0,7,7,999.0,999,9,'999999999,0,0.0000,0,88,999.000,0.0,1.0
2056/11/2,23:00,?9?9?9?9E0?9?9?9?9*9?9*9?9?9?9?9?9?9*9*_?9*9*9?9?9,29.7,28.1,91,100849,9999,9999,452,0,0,0,999900,999900,999900,99990,50,0.0,8,8,999.0,999,9,'999999999,0,0.0000,0,88,999.000,0.0,1.0
2056/11/2,24:00,?9?9?9?9E0?9?9?9?9*9?9*9?9?9?9?9?9?9*9*_?9*9*9?9?9,29.5,28.4,94,100749,9999,9999,451,0,0,0,999900,999900,999900,99990,360,0.2,8,8,999.0,999,9,'999999999,0,0.0000,0,88,999.000,0.0,1.0
2056/11/3,01:00,?9?9?9?9E0?9?9?9?9*9?9*9?9?9?9?9?9?9*9*_?9*9*9?9?9,29.3,28.2,94,100749,9999,9999,459,0,0,0,999900,999900,999900,99990,360,0.3,9,9,999.0,999,9,'999999999,0,0.0000,0,88,999.000,0.0,1.0
2056/11/3,02:00,?9?9?9?9E0?9?9?9?9*9?9*9?9?9?9?9?9?9*9*_?9*9*9?9?9,29.0,28.1,95,100649,9999,9999,457,0,0,0,999900,999900,999900,99990,360,0.1,9,9,999.0,999,9,'999999999,0,0.0000,0,88,999.000,0.0,1.0
2056/11/3,03:00,?9?9?9?9E0?9?9?9?9*9?9*9?9?9?9?9?9?9*9*_?9*9*9?9?9,28.7,27.8,95,100649,9999,9999,455,0,0,0,999900,999900,999900,99990,360,0.3,9,9,999.0,999,9,'999999999,0,0.0000,0,88,999.000,0.0,1.0
2056/11/3,04:00,?9?9?9?9E0?9?9?9?9*9?9*9?9?9?9?9?9?9*9*_?9*9*9?9?9,26.8,26.1,96,100649,9999,9999,441,0,0,0,999900,999900,999900,99990,360,0.4,9,9,999.0,999,9,'999999999,0,0.0000,0,88,999.000,13.2,1.0
2056/11/3,05:00,?9?9?9?9E0?9?9?9?9*9?9*9?9?9?9?9?9?9*9*_?9*9*9?9?9,26.3,25.6,96,100649,9999,9999,438,0,0,0,999900,999900,999900,99990,360,0.6,9,9,999.0,999,9,'999999999,0,0.0000,0,88,999.000,0.7,1.0
2056/11/3,06:00,?9?9?9?9E0?9?9?9?9*9?9*9?9?9?9?9?9?9*9*_?9*9*9?9?9,26.2,25.7,97,100749,9999,9999,437,0,0,0,999900,999900,999900,99990,340,0.6,9,9,999.0,999,9,'999999999,0,0.0000,0,88,999.000,0.0,1.0
2056/11/3,07:00,?9?9?9?9E0?9?9?9?9*9?9*9?9?9?9?9?9?9*9*_?9*9*9?9?9,26.7,26.2,97,100849,9999,9999,441,26,11,25,999900,999900,999900,99990,340,1.5,9,9,999.0,999,9,'999999999,0,0.0000,0,88,999.000,0.0,1.0
2056/11/3,08:00,?9?9?9?9E0?9?9?9?9*9?9*9?9?9?9?9?9?9*9*_?9*9*9?9?9,27.1,26.6,97,100849,9999,9999,444,126,25,118,999900,999900,999900,99990,340,1.3,9,9,999.0,999,9,'999999999,0,0.0000,0,88,999.000,0.0,1.0
2056/11/3,09:00,?9?9?9?9E0?9?9?9?9*9?9*9?9?9?9?9?9?9*9*_?9*9*9?9?9,27.6,27.1,97,100949,9999,9999,447,247,41,225,999900,999900,999900,99990,360,1.9,9,9,999.0,999,9,'999999999,0,0.0000,0,88,999.000,0.1,1.0
2056/11/3,10:00,?9?9?9?9E0?9?9?9?9*9?9*9?9?9?9?9?9?9*9*_?9*9*9?9?9,27.7,27.0,96,100949,9999,9999,448,355,54,317,999900,999900,999900,99990,360,1.5,9,9,999.0,999,9,'999999999,0,0.0000,0,88,999.000,0.9,1.0
2056/11/3,11:00,?9?9?9?9E0?9?9?9?9*9?9*9?9?9?9?9?9?9*9*_?9*9*9?9?9,29.2,26.4,85,100849,9999,9999,456,454,71,396,999900,999900,999900,99990,360,2.2,9,9,999.0,999,9,'999999999,0,0.0000,0,88,999.000,0.0,1.0
2056/11/3,12:00,?9?9?9?9E0?9?9?9?9*9?9*9?9?9?9?9?9?9*9*_?9*9*9?9?9,29.8,26.2,81,100749,9999,9999,459,501,77,433,999900,999900,999900,99990,360,2.9,9,9,999.0,999,9,'999999999,0,0.0000,0,88,999.000,0.0,1.0
2056/11/3,13:00,?9?9?9?9E0?9?9?9?9*9?9*9?9?9?9?9?9?9*9*_?9*9*9?9?9,29.7,26.1,81,100749,9999,9999,459,486,73,423,999900,999900,999900,99990,360,2.1,9,9,999.0,999,9,'999999999,0,0.0000,0,88,999.000,0.0,1.0
2056/11/3,14:00,?9?9?9?9E0?9?9?9?9*9?9*9?9?9?9?9?9?9*9*_?9*9*9?9?9,29.5,26.5,84,100549,9999,9999,458,429,65,377,999900,999900,999900,99990,360,1.5,9,9,999.0,999,9,'999999999,0,0.0000,0,88,999.000,0.0,1.0
2056/11/3,15:00,?9?9?9?9E0?9?9?9?9*9?9*9?9?9?9?9?9?9*9*_?9*9*9?9?9,27.8,26.6,93,100549,9999,9999,448,322,46,291,999900,999900,999900,99990,360,1.0,9,9,999.0,999,9,'999999999,0,0.0000,0,88,999.000,0.6,1.0
2056/11/3,16:00,?9?9?9?9E0?9?9?9?9*9?9*9?9?9?9?9?9?9*9*_?9*9*9?9?9,27.8,26.6,93,100549,9999,9999,460,158,15,151,999900,999900,999900,99990,360,1.9,10,10,999.0,999,9,'999999999,0,0.0000,0,88,999.000,0.1,1.0
2056/11/3,17:00,?9?9?9?9E0?9?9?9?9*9?9*9?9?9?9?9?9?9*9*_?9*9*9?9?9,26.5,26.0,97,100549,9999,9999,452,57,6,55,999900,999900,999900,99990,360,1.0,10,10,999.0,999,9,'999999999,0,0.0000,0,88,999.000,34.8,1.0
2056/11/3,18:00,?9?9?9?9E0?9?9?9?9*9?9*9?9?9?9?9?9?9*9*_?9*9*9?9?9,26.6,26.1,97,100649,9999,9999,453,4,0,4,999900,999900,999900,99990,360,0.1,10,10,999.0,999,9,'999999999,0,0.0000,0,88,999.000,9.9,1.0
2056/11/3,19:00,?9?9?9?9E0?9?9?9?9*9?9*9?9?9?9?9?9?9*9*_?9*9*9?9?9,26.7,26.2,97,100649,9999,9999,453,0,0,0,999900,999900,999900,99990,360,0.8,10,10,999.0,999,9,'999999999,0,0.0000,0,88,999.000,4.1,1.0
2056/11/3,20:00,?9?9?9?9E0?9?9?9?9*9?9*9?9?9?9?9?9?9*9*_?9*9*9?9?9,26.8,26.3,97,100749,9999,9999,454,0,0,0,999900,999900,999900,99990,360,0.1,10,10,999.0,999,9,'999999999,0,0.0000,0,88,999.000,1.7,1.0
2056/11/3,21:00,?9?9?9?9E0?9?9?9?9*9?9*9?9?9?9?9?9?9*9*_?9*9*9?9?9,26.7,26.2,97,100749,9999,9999,453,0,0,0,999900,999900,999900,99990,360,0.2,10,10,999.0,999,9,'999999999,0,0.0000,0,88,999.000,12.3,1.0
2056/11/3,22:00,?9?9?9?9E0?9?9?9?9*9?9*9?9?9?9?9?9?9*9*_?9*9*9?9?9,26.7,26.2,97,100849,9999,9999,453,0,0,0,999900,999900,999900,99990,360,0.7,10,10,999.0,999,9,'999999999,0,0.0000,0,88,999.000,19.0,1.0
2056/11/3,23:00,?9?9?9?9E0?9?9?9?9*9?9*9?9?9?9?9?9?9*9*_?9*9*9?9?9,26.6,26.1,97,100749,9999,9999,453,0,0,0,999900,999900,999900,99990,360,0.6,10,10,999.0,999,9,'999999999,0,0.0000,0,88,999.000,5.2,1.0
2056/11/3,24:00,?9?9?9?9E0?9?9?9?9*9?9*9?9?9?9?9?9?9*9*_?9*9*9?9?9,26.4,25.9,97,100749,9999,9999,451,0,0,0,999900,999900,999900,99990,340,1.7,10,10,999.0,999,9,'999999999,0,0.0000,0,88,999.000,4.3,1.0
2056/11/4,01:00,?9?9?9?9E0?9?9?9?9*9?9*9?9?9?9?9?9?9*9*_?9*9*9?9?9,26.3,25.8,97,100649,9999,9999,450,0,0,0,999900,999900,999900,99990,340,1.8,10,10,999.0,999,9,'999999999,0,0.0000,0,88,999.000,0.0,1.0
2056/11/4,02:00,?9?9?9?9E0?9?9?9?9*9?9*9?9?9?9?9?9?9*9*_?9*9*9?9?9,26.1,25.6,97,100649,9999,9999,449,0,0,0,999900,999900,999900,99990,340,2.1,10,10,999.0,999,9,'999999999,0,0.0000,0,88,999.000,0.0,1.0
2056/11/4,03:00,?9?9?9?9E0?9?9?9?9*9?9*9?9?9?9?9?9?9*9*_?9*9*9?9?9,26.1,25.6,97,100649,9999,9999,449,0,0,0,999900,999900,999900,99990,340,2.5,10,10,999.0,999,9,'999999999,0,0.0000,0,88,999.000,1.9,1.0
2056/11/4,04:00,?9?9?9?9E0?9?9?9?9*9?9*9?9?9?9?9?9?9*9*_?9*9*9?9?9,26.1,25.6,97,100649,9999,9999,449,0,0,0,999900,999900,999900,99990,340,2.6,10,10,999.0,999,9,'999999999,0,0.0000,0,88,999.000,0.7,1.0
2056/11/4,05:00,?9?9?9?9E0?9?9?9?9*9?9*9?9?9?9?9?9?9*9*_?9*9*9?9?9,26.1,25.6,97,100649,9999,9999,449,0,0,0,999900,999900,999900,99990,340,2.3,10,10,999.0,999,9,'999999999,0,0.0000,0,88,999.000,0.6,1.0
2056/11/4,06:00,?9?9?9?9E0?9?9?9?9*9?9*9?9?9?9?9?9?9*9*_?9*9*9?9?9,26.1,25.6,97,100649,9999,9999,449,0,0,0,999900,999900,999900,99990,340,2.0,10,10,999.0,999,9,'999999999,0,0.0000,0,88,999.000,0.0,1.0
2056/11/4,07:00,?9?9?9?9E0?9?9?9?9*9?9*9?9?9?9?9?9?9*9*_?9*9*9?9?9,26.2,25.7,97,100749,9999,9999,450,15,3,15,999900,999900,999900,99990,340,1.1,10,10,999.0,999,9,'999999999,0,0.0000,0,88,999.000,0.0,1.0
2056/11/4,08:00,?9?9?9?9E0?9?9?9?9*9?9*9?9?9?9?9?9?9*9*_?9*9*9?9?9,26.3,25.8,97,100849,9999,9999,450,92,10,89,999900,999900,999900,99990,340,0.5,10,10,999.0,999,9,'999999999,0,0.0000,0,88,999.000,1.9,1.0
2056/11/4,09:00,?9?9?9?9E0?9?9?9?9*9?9*9?9?9?9?9?9?9*9*_?9*9*9?9?9,26.2,25.9,98,100949,9999,9999,450,190,17,181,999900,999900,999900,99990,340,0.7,10,10,999.0,999,9,'999999999,0,0.0000,0,88,999.000,6.4,1.0
2056/11/4,10:00,?9?9?9?9E0?9?9?9?9*9?9*9?9?9?9?9?9?9*9*_?9*9*9?9?9,26.1,25.8,98,100849,9999,9999,449,280,22,264,999900,999900,999900,99990,340,0.9,10,10,999.0,999,9,'999999999,0,0.0000,0,88,999.000,4.1,1.0
2056/11/4,11:00,?9?9?9?9E0?9?9?9?9*9?9*9?9?9?9?9?9?9*9*_?9*9*9?9?9,26.2,25.7,97,100749,9999,9999,450,338,24,318,999900,999900,999900,99990,340,0.7,10,10,999.0,999,9,'999999999,0,0.0000,0,88,999.000,2.4,1.0
2056/11/4,12:00,?9?9?9?9E0?9?9?9?9*9?9*9?9?9?9?9?9?9*9*_?9*9*9?9?9,26.5,26.0,97,100749,9999,9999,452,363,24,342,999900,999900,999900,99990,360,1.4,10,10,999.0,999,9,'999999999,0,0.0000,0,88,999.000,0.4,1.0
2056/11/4,13:00,?9?9?9?9E0?9?9?9?9*9?9*9?9?9?9?9?9?9*9*_?9*9*9?9?9,26.9,26.4,97,100649,9999,9999,442,438,45,399,999900,999900,999900,99990,360,1.1,9,9,999.0,999,9,'999999999,0,0.0000,0,88,999.000,0.0,1.0
2056/11/4,14:00,?9?9?9?9E0?9?9?9?9*9?9*9?9?9?9?9?9?9*9*_?9*9*9?9?9,27.3,26.4,95,100549,9999,9999,445,391,44,356,999900,999900,999900,99990,360,1.1,9,9,999.0,999,9,'999999999,0,0.0000,0,88,999.000,0.0,1.0
2056/11/4,15:00,?9?9?9?9E0?9?9?9?9*9?9*9?9?9?9?9?9?9*9*_?9*9*9?9?9,28.1,27.2,95,100449,9999,9999,450,299,37,275,999900,999900,999900,99990,360,0.8,9,9,999.0,999,9,'999999999,0,0.0000,0,88,999.000,0.0,1.0
2056/11/4,16:00,?9?9?9?9E0?9?9?9?9*9?9*9?9?9?9?9?9?9*9*_?9*9*9?9?9,28.2,26.6,91,100449,9999,9999,441,245,53,219,999900,999900,999900,99990,360,1.8,8,8,999.0,999,9,'999999999,0,0.0000,0,88,999.000,0.2,1.0
2056/11/4,17:00,?9?9?9?9E0?9?9?9?9*9?9*9?9?9?9?9?9?9*9*_?9*9*9?9?9,28.4,26.8,91,100549,9999,9999,442,109,29,101,999900,999900,999900,99990,360,1.0,8,8,999.0,999,9,'999999999,0,0.0000,0,88,999.000,0.0,1.0
2056/11/4,18:00,?9?9?9?9E0?9?9?9?9*9?9*9?9?9?9?9?9?9*9*_?9*9*9?9?9,28.2,26.0,88,100549,9999,9999,440,15,0,15,999900,999900,999900,99990,360,0.8,8,8,999.0,999,9,'999999999,0,0.0000,0,88,999.000,0.0,1.0
2056/11/4,19:00,?9?9?9?9E0?9?9?9?9*9?9*9?9?9?9?9?9?9*9*_?9*9*9?9?9,27.8,25.6,88,100649,9999,9999,437,0,0,0,999900,999900,999900,99990,360,0.7,8,8,999.0,999,9,'999999999,0,0.0000,0,88,999.000,0.0,1.0
2056/11/4,20:00,?9?9?9?9E0?9?9?9?9*9?9*9?9?9?9?9?9?9*9*_?9*9*9?9?9,27.3,25.9,92,100749,9999,9999,435,0,0,0,999900,999900,999900,99990,360,0.6,8,8,999.0,999,9,'999999999,0,0.0000,0,88,999.000,2.1,1.0
2056/11/4,21:00,?9?9?9?9E0?9?9?9?9*9?9*9?9?9?9?9?9?9*9*_?9*9*9?9?9,27.2,25.8,92,100749,9999,9999,434,0,0,0,999900,999900,999900,99990,20,0.3,8,8,999.0,999,9,'999999999,0,0.0000,0,88,999.000,0.0,1.0
2056/11/4,22:00,?9?9?9?9E0?9?9?9?9*9?9*9?9?9?9?9?9?9*9*_?9*9*9?9?9,26.9,25.7,93,100849,9999,9999,432,0,0,0,999900,999900,999900,99990,20,0.0,8,8,999.0,999,9,'999999999,0,0.0000,0,88,999.000,0.0,1.0
2056/11/4,23:00,?9?9?9?9E0?9?9?9?9*9?9*9?9?9?9?9?9?9*9*_?9*9*9?9?9,27.1,25.9,93,100749,9999,9999,433,0,0,0,999900,999900,999900,99990,20,0.7,8,8,999.0,999,9,'999999999,0,0.0000,0,88,999.000,0.0,1.0
2056/11/4,24:00,?9?9?9?9E0?9?9?9?9*9?9*9?9?9?9?9?9?9*9*_?9*9*9?9?9,27.2,26.0,93,100749,9999,9999,434,0,0,0,999900,999900,999900,99990,360,0.5,8,8,999.0,999,9,'999999999,0,0.0000,0,88,999.000,0.1,1.0
2056/11/5,01:00,?9?9?9?9E0?9?9?9?9*9?9*9?9?9?9?9?9?9*9*_?9*9*9?9?9,27.0,25.8,93,100649,9999,9999,433,0,0,0,999900,999900,999900,99990,360,0.0,8,8,999.0,999,9,'999999999,0,0.0000,0,88,999.000,0.0,1.0
2056/11/5,02:00,?9?9?9?9E0?9?9?9?9*9?9*9?9?9?9?9?9?9*9*_?9*9*9?9?9,27.2,25.8,92,100649,9999,9999,434,0,0,0,999900,999900,999900,99990,360,1.1,8,8,999.0,999,9,'999999999,0,0.0000,0,88,999.000,0.0,1.0
2056/11/5,03:00,?9?9?9?9E0?9?9?9?9*9?9*9?9?9?9?9?9?9*9*_?9*9*9?9?9,26.9,25.1,90,100549,9999,9999,431,0,0,0,999900,999900,999900,99990,360,1.1,8,8,999.0,999,9,'999999999,0,0.0000,0,88,999.000,0.0,1.0
2056/11/5,04:00,?9?9?9?9E0?9?9?9?9*9?9*9?9?9?9?9?9?9*9*_?9*9*9?9?9,26.8,25.0,90,100549,9999,9999,440,0,0,0,999900,999900,999900,99990,360,1.6,9,9,999.0,999,9,'999999999,0,0.0000,0,88,999.000,0.2,1.0
2056/11/5,05:00,?9?9?9?9E0?9?9?9?9*9?9*9?9?9?9?9?9?9*9*_?9*9*9?9?9,26.7,25.5,93,100649,9999,9999,440,0,0,0,999900,999900,999900,99990,360,0.4,9,9,999.0,999,9,'999999999,0,0.0000,0,88,999.000,0.8,1.0
2056/11/5,06:00,?9?9?9?9E0?9?9?9?9*9?9*9?9?9?9?9?9?9*9*_?9*9*9?9?9,26.8,25.6,93,100649,9999,9999,441,0,0,0,999900,999900,999900,99990,50,0.5,9,9,999.0,999,9,'999999999,0,0.0000,0,88,999.000,1.6,1.0
2056/11/5,07:00,?9?9?9?9E0?9?9?9?9*9?9*9?9?9?9?9?9?9*9*_?9*9*9?9?9,26.7,25.5,93,100749,9999,9999,440,26,12,25,999900,999900,999900,99990,50,0.7,9,9,999.0,999,9,'999999999,0,0.0000,0,88,999.000,11.6,1.0
2056/11/5,08:00,?9?9?9?9E0?9?9?9?9*9?9*9?9?9?9?9?9?9*9*_?9*9*9?9?9,27.6,26.4,93,100849,9999,9999,446,128,29,119,999900,999900,999900,99990,50,0.8,9,9,999.0,999,9,'999999999,0,0.0000,0,88,999.000,1.4,1.0
2056/11/5,09:00,?9?9?9?9E0?9?9?9?9*9?9*9?9?9?9?9?9?9*9*_?9*9*9?9?9,28.4,27.7,96,100949,9999,9999,443,292,80,249,999900,999900,999900,99990,360,0.9,8,8,999.0,999,9,'999999999,0,0.0000,0,88,999.000,0.1,1.0
2056/11/5,10:00,?9?9?9?9E0?9?9?9?9*9?9*9?9?9?9?9?9?9*9*_?9*9*9?9?9,29.6,25.2,77,100949,9999,9999,447,455,140,356,999900,999900,999900,99990,360,0.8,8,8,999.0,999,9,'999999999,0,0.0000,0,88,999.000,0.0,1.0
2056/11/5,11:00,?9?9?9?9E0?9?9?9?9*9?9*9?9?9?9?9?9?9*9*_?9*9*9?9?9,29.1,25.9,83,100849,9999,9999,445,530,138,417,999900,999900,999900,99990,360,1.0,8,8,999.0,999,9,'999999999,0,0.0000,0,88,999.000,0.4,1.0
2056/11/5,12:00,?9?9?9?9E0?9?9?9?9*9?9*9?9?9?9?9?9?9*9*_?9*9*9?9?9,29.2,26.2,84,100849,9999,9999,446,567,129,454,999900,999900,999900,99990,360,0.7,8,8,999.0,999,9,'999999999,0,0.0000,0,88,999.000,0.0,1.0
2056/11/5,13:00,?9?9?9?9E0?9?9?9?9*9?9*9?9?9?9?9?9?9*9*_?9*9*9?9?9,28.5,27.3,93,100649,9999,9999,453,460,66,403,999900,999900,999900,99990,360,0.9,9,9,999.0,999,9,'999999999,0,0.0000,0,88,999.000,4.3,1.0
2056/11/5,14:00,?9?9?9?9E0?9?9?9?9*9?9*9?9?9?9?9?9?9*9*_?9*9*9?9?9,27.2,26.5,96,100649,9999,9999,444,400,54,357,999900,999900,999900,99990,360,0.6,9,9,999.0,999,9,'999999999,0,0.0000,0,88,999.000,13.3,1.0
2056/11/5,15:00,?9?9?9?9E0?9?9?9?9*9?9*9?9?9?9?9?9?9*9*_?9*9*9?9?9,27.1,26.4,96,100549,9999,9999,443,315,44,285,999900,999900,999900,99990,20,1.7,9,9,999.0,999,9,'999999999,0,0.0000,0,88,999.000,7.9,1.0
2056/11/5,16:00,?9?9?9?9E0?9?9?9?9*9?9*9?9?9?9?9?9?9*9*_?9*9*9?9?9,27.3,26.6,96,100449,9999,9999,457,146,13,140,999900,999900,999900,99990,20,1.0,10,10,999.0,999,9,'999999999,0,0.0000,0,88,999.000,0.0,1.0
2056/11/5,17:00,?9?9?9?9E0?9?9?9?9*9?9*9?9?9?9?9?9?9*9*_?9*9*9?9?9,27.3,26.4,95,100549,9999,9999,457,52,5,51,999900,999900,999900,99990,20,1.0,10,10,999.0,999,9,'999999999,0,0.0000,0,88,999.000,0.0,1.0
2056/11/5,18:00,?9?9?9?9E0?9?9?9?9*9?9*9?9?9?9?9?9?9*9*_?9*9*9?9?9,26.7,26.0,96,100649,9999,9999,453,4,0,4,999900,999900,999900,99990,20,0.8,10,10,999.0,999,9,'999999999,0,0.0000,0,88,999.000,5.5,1.0
2056/11/5,19:00,?9?9?9?9E0?9?9?9?9*9?9*9?9?9?9?9?9?9*9*_?9*9*9?9?9,26.9,26.2,96,100649,9999,9999,455,0,0,0,999900,999900,999900,99990,20,0.6,10,10,999.0,999,9,'999999999,0,0.0000,0,88,999.000,0.8,1.0
2056/11/5,20:00,?9?9?9?9E0?9?9?9?9*9?9*9?9?9?9?9?9?9*9*_?9*9*9?9?9,26.5,25.8,96,100749,9999,9999,452,0,0,0,999900,999900,999900,99990,20,0.4,10,10,999.0,999,9,'999999999,0,0.0000,0,88,999.000,18.6,1.0
2056/11/5,21:00,?9?9?9?9E0?9?9?9?9*9?9*9?9?9?9?9?9?9*9*_?9*9*9?9?9,26.7,26.2,97,100849,9999,9999,453,0,0,0,999900,999900,999900,99990,20,0.2,10,10,999.0,999,9,'999999999,0,0.0000,0,88,999.000,4.8,1.0
2056/11/5,22:00,?9?9?9?9E0?9?9?9?9*9?9*9?9?9?9?9?9?9*9*_?9*9*9?9?9,26.7,26.0,96,100849,9999,9999,453,0,0,0,999900,999900,999900,99990,20,0.8,10,10,999.0,999,9,'999999999,0,0.0000,0,88,999.000,3.3,1.0
2056/11/5,23:00,?9?9?9?9E0?9?9?9?9*9?9*9?9?9?9?9?9?9*9*_?9*9*9?9?9,27.0,26.5,97,100849,9999,9999,455,0,0,0,999900,999900,999900,99990,20,0.0,10,10,999.0,999,9,'999999999,0,0.0000,0,88,999.000,3.7,1.0
2056/11/5,24:00,?9?9?9?9E0?9?9?9?9*9?9*9?9?9?9?9?9?9*9*_?9*9*9?9?9,27.1,26.6,97,100749,9999,9999,456,0,0,0,999900,999900,999900,99990,20,0.0,10,10,999.0,999,9,'999999999,0,0.0000,0,88,999.000,1.5,1.0
2056/11/6,01:00,?9?9?9?9E0?9?9?9?9*9?9*9?9?9?9?9?9?9*9*_?9*9*9?9?9,26.7,26.2,97,100649,9999,9999,453,0,0,0,999900,999900,999900,99990,20,0.5,10,10,999.0,999,9,'999999999,0,0.0000,0,88,999.000,3.4,1.0
2056/11/6,02:00,?9?9?9?9E0?9?9?9?9*9?9*9?9?9?9?9?9?9*9*_?9*9*9?9?9,26.3,25.8,97,100649,9999,9999,450,0,0,0,999900,999900,999900,99990,20,0.6,10,10,999.0,999,9,'999999999,0,0.0000,0,88,999.000,10.4,1.0
2056/11/6,03:00,?9?9?9?9E0?9?9?9?9*9?9*9?9?9?9?9?9?9*9*_?9*9*9?9?9,26.2,25.7,97,100649,9999,9999,450,0,0,0,999900,999900,999900,99990,360,0.6,10,10,999.0,999,9,'999999999,0,0.0000,0,88,999.000,5.2,1.0
2056/11/6,04:00,?9?9?9?9E0?9?9?9?9*9?9*9?9?9?9?9?9?9*9*_?9*9*9?9?9,26.3,25.8,97,100649,9999,9999,450,0,0,0,999900,999900,999900,99990,360,0.7,10,10,999.0,999,9,'999999999,0,0.0000,0,88,999.000,0.1,1.0
2056/11/6,05:00,?9?9?9?9E0?9?9?9?9*9?9*9?9?9?9?9?9?9*9*_?9*9*9?9?9,26.1,25.6,97,100649,9999,9999,449,0,0,0,999900,999900,999900,99990,360,0.7,10,10,999.0,999,9,'999999999,0,0.0000,0,88,999.000,1.6,1.0
2056/11/6,06:00,?9?9?9?9E0?9?9?9?9*9?9*9?9?9?9?9?9?9*9*_?9*9*9?9?9,26.1,25.6,97,100649,9999,9999,449,0,0,0,999900,999900,999900,99990,360,0.6,10,10,999.0,999,9,'999999999,0,0.0000,0,88,999.000,0.9,1.0
2056/11/6,07:00,?9?9?9?9E0?9?9?9?9*9?9*9?9?9?9?9?9?9*9*_?9*9*9?9?9,26.3,25.8,97,100749,9999,9999,438,24,10,23,999900,999900,999900,99990,360,0.6,9,9,999.0,999,9,'999999999,0,0.0000,0,88,999.000,0.8,1.0
2056/11/6,08:00,?9?9?9?9E0?9?9?9?9*9?9*9?9?9?9?9?9?9*9*_?9*9*9?9?9,26.7,26.0,96,100849,9999,9999,441,124,25,116,999900,999900,999900,99990,360,0.7,9,9,999.0,999,9,'999999999,0,0.0000,0,88,999.000,0.0,1.0
2056/11/6,09:00,?9?9?9?9E0?9?9?9?9*9?9*9?9?9?9?9?9?9*9*_?9*9*9?9?9,28.3,26.5,90,100949,9999,9999,451,252,47,227,999900,999900,999900,99990,340,0.7,9,9,999.0,999,9,'999999999,0,0.0000,0,88,999.000,0.0,1.0
2056/11/6,10:00,?9?9?9?9E0?9?9?9?9*9?9*9?9?9?9?9?9?9*9*_?9*9*9?9?9,29.4,26.8,86,100949,9999,9999,458,365,63,321,999900,999900,999900,99990,340,0.7,9,9,999.0,999,9,'999999999,0,0.0000,0,88,999.000,0.0,1.0
2056/11/6,11:00,?9?9?9?9E0?9?9?9?9*9?9*9?9?9?9?9?9?9*9*_?9*9*9?9?9,29.4,26.6,85,100849,9999,9999,457,441,68,386,999900,999900,999900,99990,340,0.8,9,9,999.0,999,9,'999999999,0,0.0000,0,88,999.000,0.0,1.0
2056/11/6,12:00,?9?9?9?9E0?9?9?9?9*9?9*9?9?9?9?9?9?9*9*_?9*9*9?9?9,28.7,26.9,90,100749,9999,9999,454,471,68,412,999900,999900,999900,99990,50,0.8,9,9,999.0,999,9,'999999999,0,0.0000,0,88,999.000,0.2,1.0
2056/11/6,13:00,?9?9?9?9E0?9?9?9?9*9?9*9?9?9?9?9?9?9*9*_?9*9*9?9?9,30.7,25.3,73,100649,9999,9999,464,507,89,430,999900,999900,999900,99990,50,1.0,9,9,999.0,999,9,'999999999,0,0.0000,0,88,999.000,0.0,1.0
2056/11/6,14:00,?9?9?9?9E0?9?9?9?9*9?9*9?9?9?9?9?9?9*9*_?9*9*9?9?9,30.7,25.5,74,100549,9999,9999,464,448,82,383,999900,999900,999900,99990,50,1.1,9,9,999.0,999,9,'999999999,0,0.0000,0,88,999.000,0.0,1.0
2056/11/6,15:00,?9?9?9?9E0?9?9?9?9*9?9*9?9?9?9?9?9?9*9*_?9*9*9?9?9,30.5,25.1,73,100549,9999,9999,462,351,69,305,999900,999900,999900,99990,50,1.4,9,9,999.0,999,9,'999999999,0,0.0000,0,88,999.000,0.0,1.0
2056/11/6,16:00,?9?9?9?9E0?9?9?9?9*9?9*9?9?9?9?9?9?9*9*_?9*9*9?9?9,30.5,26.0,77,100449,9999,9999,463,227,48,204,999900,999900,999900,99990,50,1.7,9,9,999.0,999,9,'999999999,0,0.0000,0,88,999.000,0.0,1.0
2056/11/6,17:00,?9?9?9?9E0?9?9?9?9*9?9*9?9?9?9?9?9?9*9*_?9*9*9?9?9,30.0,26.4,81,100549,9999,9999,461,95,21,89,999900,999900,999900,99990,50,1.0,9,9,999.0,999,9,'999999999,0,0.0000,0,88,999.000,0.0,1.0
2056/11/6,18:00,?9?9?9?9E0?9?9?9?9*9?9*9?9?9?9?9?9?9*9*_?9*9*9?9?9,29.3,26.9,87,100549,9999,9999,457,10,0,10,999900,999900,999900,99990,50,0.8,9,9,999.0,999,9,'999999999,0,0.0000,0,88,999.000,0.0,1.0
2056/11/6,19:00,?9?9?9?9E0?9?9?9?9*9?9*9?9?9?9?9?9?9*9*_?9*9*9?9?9,29.0,26.6,87,100549,9999,9999,445,0,0,0,999900,999900,999900,99990,50,0.7,8,8,999.0,999,9,'999999999,0,0.0000,0,88,999.000,0.0,1.0
2056/11/6,20:00,?9?9?9?9E0?9?9?9?9*9?9*9?9?9?9?9?9?9*9*_?9*9*9?9?9,28.8,26.2,86,100649,9999,9999,444,0,0,0,999900,999900,999900,99990,50,0.6,8,8,999.0,999,9,'999999999,0,0.0000,0,88,999.000,0.0,1.0
2056/11/6,21:00,?9?9?9?9E0?9?9?9?9*9?9*9?9?9?9?9?9?9*9*_?9*9*9?9?9,28.7,26.3,87,100749,9999,9999,443,0,0,0,999900,999900,999900,99990,360,0.3,8,8,999.0,999,9,'999999999,0,0.0000,0,88,999.000,0.0,1.0
2056/11/6,22:00,?9?9?9?9E0?9?9?9?9*9?9*9?9?9?9?9?9?9*9*_?9*9*9?9?9,28.5,26.3,88,100749,9999,9999,442,0,0,0,999900,999900,999900,99990,360,0.1,8,8,999.0,999,9,'999999999,0,0.0000,0,88,999.000,0.0,1.0
2056/11/6,23:00,?9?9?9?9E0?9?9?9?9*9?9*9?9?9?9?9?9?9*9*_?9*9*9?9?9,28.5,26.5,89,100749,9999,9999,442,0,0,0,999900,999900,999900,99990,360,0.1,8,8,999.0,999,9,'999999999,0,0.0000,0,88,999.000,0.0,1.0
2056/11/6,24:00,?9?9?9?9E0?9?9?9?9*9?9*9?9?9?9?9?9?9*9*_?9*9*9?9?9,28.3,26.9,92,100749,9999,9999,442,0,0,0,999900,999900,999900,99990,360,0.0,8,8,999.0,999,9,'999999999,0,0.0000,0,88,999.000,0.0,1.0
2056/11/7,01:00,?9?9?9?9E0?9?9?9?9*9?9*9?9?9?9?9?9?9*9*_?9*9*9?9?9,28.3,26.9,92,100649,9999,9999,442,0,0,0,999900,999900,999900,99990,360,0.0,8,8,999.0,999,9,'999999999,0,0.0000,0,88,999.000,0.0,1.0
2056/11/7,02:00,?9?9?9?9E0?9?9?9?9*9?9*9?9?9?9?9?9?9*9*_?9*9*9?9?9,28.1,27.1,94,100649,9999,9999,441,0,0,0,999900,999900,999900,99990,360,0.3,8,8,999.0,999,9,'999999999,0,0.0000,0,88,999.000,0.0,1.0
2056/11/7,03:00,?9?9?9?9E0?9?9?9?9*9?9*9?9?9?9?9?9?9*9*_?9*9*9?9?9,27.8,26.8,94,100549,9999,9999,439,0,0,0,999900,999900,999900,99990,360,0.7,8,8,999.0,999,9,'999999999,0,0.0000,0,88,999.000,0.0,1.0
2056/11/7,04:00,?9?9?9?9E0?9?9?9?9*9?9*9?9?9?9?9?9?9*9*_?9*9*9?9?9,27.8,26.6,93,100549,9999,9999,438,0,0,0,999900,999900,999900,99990,360,0.5,8,8,999.0,999,9,'999999999,0,0.0000,0,88,999.000,0.0,1.0
2056/11/7,05:00,?9?9?9?9E0?9?9?9?9*9?9*9?9?9?9?9?9?9*9*_?9*9*9?9?9,27.8,26.2,91,100549,9999,9999,438,0,0,0,999900,999900,999900,99990,360,0.7,8,8,999.0,999,9,'999999999,0,0.0000,0,88,999.000,0.0,1.0
2056/11/7,06:00,?9?9?9?9E0?9?9?9?9*9?9*9?9?9?9?9?9?9*9*_?9*9*9?9?9,27.7,26.3,92,100649,9999,9999,437,0,0,0,999900,999900,999900,99990,20,0.5,8,8,999.0,999,9,'999999999,0,0.0000,0,88,999.000,0.0,1.0
2056/11/7,07:00,?9?9?9?9E0?9?9?9?9*9?9*9?9?9?9?9?9?9*9*_?9*9*9?9?9,27.6,26.4,93,100749,9999,9999,437,34,24,32,999900,999900,999900,99990,20,0.4,8,8,999.0,999,9,'999999999,0,0.0000,0,88,999.000,0.0,1.0
2056/11/7,08:00,?9?9?9?9E0?9?9?9?9*9?9*9?9?9?9?9?9?9*9*_?9*9*9?9?9,27.9,26.5,92,100749,9999,9999,448,129,29,120,999900,999900,999900,99990,20,0.4,9,9,999.0,999,9,'999999999,0,0.0000,0,88,999.000,0.0,1.0
2056/11/7,09:00,?9?9?9?9E0?9?9?9?9*9?9*9?9?9?9?9?9?9*9*_?9*9*9?9?9,27.7,25.4,87,100849,9999,9999,446,262,51,235,999900,999900,999900,99990,320,0.1,9,9,999.0,999,9,'999999999,0,0.0000,0,88,999.000,0.0,1.0
2056/11/7,10:00,?9?9?9?9E0?9?9?9?9*9?9*9?9?9?9?9?9?9*9*_?9*9*9?9?9,28.1,25.6,86,100849,9999,9999,461,305,34,281,999900,999900,999900,99990,320,0.8,10,10,999.0,999,9,'999999999,0,0.0000,0,88,999.000,0.0,1.0
2056/11/7,11:00,?9?9?9?9E0?9?9?9?9*9?9*9?9?9?9?9?9?9*9*_?9*9*9?9?9,28.8,25.8,84,100849,9999,9999,466,369,35,340,999900,999900,999900,99990,320,0.9,10,10,999.0,999,9,'999999999,0,0.0000,0,88,999.000,0.0,1.0
2056/11/7,12:00,?9?9?9?9E0?9?9?9?9*9?9*9?9?9?9?9?9?9*9*_?9*9*9?9?9,29.3,25.7,81,100749,9999,9999,469,401,38,368,999900,999900,999900,99990,360,1.0,10,10,999.0,999,9,'999999999,0,0.0000,0,88,999.000,0.0,1.0
2056/11/7,13:00,?9?9?9?9E0?9?9?9?9*9?9*9?9?9?9?9?9?9*9*_?9*9*9?9?9,29.6,25.6,79,100549,9999,9999,457,486,73,423,999900,999900,999900,99990,360,1.1,9,9,999.0,999,9,'999999999,0,0.0000,0,88,999.000,0.0,1.0
2056/11/7,14:00,?9?9?9?9E0?9?9?9?9*9?9*9?9?9?9?9?9?9*9*_?9*9*9?9?9,29.7,25.0,76,100549,9999,9999,457,445,78,383,999900,999900,999900,99990,360,1.9,9,9,999.0,999,9,'999999999,0,0.0000,0,88,999.000,0.0,1.0
2056/11/7,15:00,?9?9?9?9E0?9?9?9?9*9?9*9?9?9?9?9?9?9*9*_?9*9*9?9?9,29.7,25.0,76,100449,9999,9999,457,349,66,305,999900,999900,999900,99990,360,1.6,9,9,999.0,999,9,'999999999,0,0.0000,0,88,999.000,0.0,1.0
2056/11/7,16:00,?9?9?9?9E0?9?9?9?9*9?9*9?9?9?9?9?9?9*9*_?9*9*9?9?9,29.3,24.6,76,100349,9999,9999,454,227,47,204,999900,999900,999900,99990,360,1.0,9,9,999.0,999,9,'999999999,0,0.0000,0,88,999.000,0.0,1.0
2056/11/7,17:00,?9?9?9?9E0?9?9?9?9*9?9*9?9?9?9?9?9?9*9*_?9*9*9?9?9,29.0,24.6,77,100349,9999,9999,452,98,23,92,999900,999900,999900,99990,360,0.8,9,9,999.0,999,9,'999999999,0,0.0000,0,88,999.000,0.0,1.0
2056/11/7,18:00,?9?9?9?9E0?9?9?9?9*9?9*9?9?9?9?9?9?9*9*_?9*9*9?9?9,28.7,24.9,80,100549,9999,9999,451,10,0,10,999900,999900,999900,99990,360,0.5,9,9,999.0,999,9,'999999999,0,0.0000,0,88,999.000,0.0,1.0
2056/11/7,19:00,?9?9?9?9E0?9?9?9?9*9?9*9?9?9?9?9?9?9*9*_?9*9*9?9?9,28.5,25.1,82,100549,9999,9999,463,0,0,0,999900,999900,999900,99990,360,0.3,10,10,999.0,999,9,'999999999,0,0.0000,0,88,999.000,0.0,1.0
2056/11/7,20:00,?9?9?9?9E0?9?9?9?9*9?9*9?9?9?9?9?9?9*9*_?9*9*9?9?9,28.3,25.0,82,100649,9999,9999,461,0,0,0,999900,999900,999900,99990,360,0.4,10,10,999.0,999,9,'999999999,0,0.0000,0,88,999.000,0.0,1.0
2056/11/7,21:00,?9?9?9?9E0?9?9?9?9*9?9*9?9?9?9?9?9?9*9*_?9*9*9?9?9,28.0,25.1,84,100749,9999,9999,460,0,0,0,999900,999900,999900,99990,360,0.0,10,10,999.0,999,9,'999999999,0,0.0000,0,88,999.000,0.0,1.0
2056/11/7,22:00,?9?9?9?9E0?9?9?9?9*9?9*9?9?9?9?9?9?9*9*_?9*9*9?9?9,27.8,25.6,88,100749,9999,9999,459,0,0,0,999900,999900,999900,99990,360,0.0,10,10,999.0,999,9,'999999999,0,0.0000,0,88,999.000,0.0,1.0
2056/11/7,23:00,?9?9?9?9E0?9?9?9?9*9?9*9?9?9?9?9?9?9*9*_?9*9*9?9?9,27.7,26.3,92,100649,9999,9999,459,0,0,0,999900,999900,999900,99990,360,0.0,10,10,999.0,999,9,'999999999,0,0.0000,0,88,999.000,0.0,1.0
2056/11/7,24:00,?9?9?9?9E0?9?9?9?9*9?9*9?9?9?9?9?9?9*9*_?9*9*9?9?9,27.3,25.9,92,100649,9999,9999,457,0,0,0,999900,999900,999900,99990,360,0.3,10,10,999.0,999,9,'999999999,0,0.0000,0,88,999.000,0.5,1.0
2056/11/8,01:00,?9?9?9?9E0?9?9?9?9*9?9*9?9?9?9?9?9?9*9*_?9*9*9?9?9,26.8,25.4,92,100549,9999,9999,440,0,0,0,999900,999900,999900,99990,360,0.7,9,9,999.0,999,9,'999999999,0,0.0000,0,88,999.000,0.1,1.0
2056/11/8,02:00,?9?9?9?9E0?9?9?9?9*9?9*9?9?9?9?9?9?9*9*_?9*9*9?9?9,27.0,25.8,93,100549,9999,9999,442,0,0,0,999900,999900,999900,99990,360,1.0,9,9,999.0,999,9,'999999999,0,0.0000,0,88,999.000,0.0,1.0
2056/11/8,03:00,?9?9?9?9E0?9?9?9?9*9?9*9?9?9?9?9?9?9*9*_?9*9*9?9?9,27.0,25.6,92,100449,9999,9999,442,0,0,0,999900,999900,999900,99990,360,1.0,9,9,999.0,999,9,'999999999,0,0.0000,0,88,999.000,0.0,1.0
2056/11/8,04:00,?9?9?9?9E0?9?9?9?9*9?9*9?9?9?9?9?9?9*9*_?9*9*9?9?9,27.0,25.6,92,100449,9999,9999,442,0,0,0,999900,999900,999900,99990,360,0.9,9,9,999.0,999,9,'999999999,0,0.0000,0,88,999.000,0.0,1.0
2056/11/8,05:00,?9?9?9?9E0?9?9?9?9*9?9*9?9?9?9?9?9?9*9*_?9*9*9?9?9,26.9,25.5,92,100549,9999,9999,441,0,0,0,999900,999900,999900,99990,360,0.5,9,9,999.0,999,9,'999999999,0,0.0000,0,88,999.000,0.0,1.0
2056/11/8,06:00,?9?9?9?9E0?9?9?9?9*9?9*9?9?9?9?9?9?9*9*_?9*9*9?9?9,26.9,25.5,92,100549,9999,9999,441,0,0,0,999900,999900,999900,99990,360,0.9,9,9,999.0,999,9,'999999999,0,0.0000,0,88,999.000,0.0,1.0
2056/11/8,07:00,?9?9?9?9E0?9?9?9?9*9?9*9?9?9?9?9?9?9*9*_?9*9*9?9?9,26.9,25.5,92,100549,9999,9999,454,15,4,15,999900,999900,999900,99990,360,1.1,10,10,999.0,999,9,'999999999,0,0.0000,0,88,999.000,0.0,1.0
2056/11/8,08:00,?9?9?9?9E0?9?9?9?9*9?9*9?9?9?9?9?9?9*9*_?9*9*9?9?9,27.5,25.5,89,100649,9999,9999,457,100,12,96,999900,999900,999900,99990,360,1.7,10,10,999.0,999,9,'999999999,0,0.0000,0,88,999.000,0.0,1.0
2056/11/8,09:00,?9?9?9?9E0?9?9?9?9*9?9*9?9?9?9?9?9?9*9*_?9*9*9?9?9,27.8,24.3,81,100649,9999,9999,457,219,26,205,999900,999900,999900,99990,320,1.5,10,10,999.0,999,9,'999999999,0,0.0000,0,88,999.000,0.0,1.0
2056/11/8,10:00,?9?9?9?9E0?9?9?9?9*9?9*9?9?9?9?9?9?9*9*_?9*9*9?9?9,27.6,25.8,90,100749,9999,9999,458,298,28,279,999900,999900,999900,99990,320,2.5,10,10,999.0,999,9,'999999999,0,0.0000,0,88,999.000,0.1,1.0
2056/11/8,11:00,?9?9?9?9E0?9?9?9?9*9?9*9?9?9?9?9?9?9*9*_?9*9*9?9?9,27.6,25.6,89,100649,9999,9999,458,362,29,338,999900,999900,999900,99990,320,2.0,10,10,999.0,999,9,'999999999,0,0.0000,0,88,999.000,0.0,1.0
2056/11/8,12:00,?9?9?9?9E0?9?9?9?9*9?9*9?9?9?9?9?9?9*9*_?9*9*9?9?9,26.6,25.8,95,100649,9999,9999,452,376,26,353,999900,999900,999900,99990,360,1.9,10,10,999.0,999,9,'999999999,0,0.0000,0,88,999.000,0.2,1.0
2056/11/8,13:00,?9?9?9?9E0?9?9?9?9*9?9*9?9?9?9?9?9?9*9*_?9*9*9?9?9,26.5,25.7,95,100549,9999,9999,451,364,24,343,999900,999900,999900,99990,360,1.8,10,10,999.0,999,9,'999999999,0,0.0000,0,88,999.000,0.5,1.0
2056/11/8,14:00,?9?9?9?9E0?9?9?9?9*9?9*9?9?9?9?9?9?9*9*_?9*9*9?9?9,26.5,25.7,95,100449,9999,9999,451,317,21,300,999900,999900,999900,99990,360,1.3,10,10,999.0,999,9,'999999999,0,0.0000,0,88,999.000,0.1,1.0
2056/11/8,15:00,?9?9?9?9E0?9?9?9?9*9?9*9?9?9?9?9?9?9*9*_?9*9*9?9?9,26.6,25.9,96,100449,9999,9999,452,230,15,220,999900,999900,999900,99990,320,0.2,10,10,999.0,999,9,'999999999,0,0.0000,0,88,999.000,0.9,1.0
2056/11/8,16:00,?9?9?9?9E0?9?9?9?9*9?9*9?9?9?9?9?9?9*9*_?9*9*9?9?9,26.5,25.8,96,100349,9999,9999,452,138,9,133,999900,999900,999900,99990,320,0.1,10,10,999.0,999,9,'999999999,0,0.0000,0,88,999.000,0.2,1.0
2056/11/8,17:00,?9?9?9?9E0?9?9?9?9*9?9*9?9?9?9?9?9?9*9*_?9*9*9?9?9,26.6,25.9,96,100349,9999,9999,452,48,4,47,999900,999900,999900,99990,320,0.1,10,10,999.0,999,9,'999999999,0,0.0000,0,88,999.000,0.1,1.0
2056/11/8,18:00,?9?9?9?9E0?9?9?9?9*9?9*9?9?9?9?9?9?9*9*_?9*9*9?9?9,26.4,25.7,96,100349,9999,9999,451,4,0,4,999900,999900,999900,99990,270,0.1,10,10,999.0,999,9,'999999999,0,0.0000,0,88,999.000,0.0,1.0
2056/11/8,19:00,?9?9?9?9E0?9?9?9?9*9?9*9?9?9?9?9?9?9*9*_?9*9*9?9?9,26.4,25.7,96,100449,9999,9999,438,0,0,0,999900,999900,999900,99990,270,0.0,9,9,999.0,999,9,'999999999,0,0.0000,0,88,999.000,0.0,1.0
2056/11/8,20:00,?9?9?9?9E0?9?9?9?9*9?9*9?9?9?9?9?9?9*9*_?9*9*9?9?9,26.3,25.6,96,100449,9999,9999,438,0,0,0,999900,999900,999900,99990,270,0.1,9,9,999.0,999,9,'999999999,0,0.0000,0,88,999.000,0.0,1.0
2056/11/8,21:00,?9?9?9?9E0?9?9?9?9*9?9*9?9?9?9?9?9?9*9*_?9*9*9?9?9,26.3,25.6,96,100549,9999,9999,438,0,0,0,999900,999900,999900,99990,270,0.3,9,9,999.0,999,9,'999999999,0,0.0000,0,88,999.000,0.0,1.0
2056/11/8,22:00,?9?9?9?9E0?9?9?9?9*9?9*9?9?9?9?9?9?9*9*_?9*9*9?9?9,26.3,25.6,96,100549,9999,9999,438,0,0,0,999900,999900,999900,99990,270,0.0,9,9,999.0,999,9,'999999999,0,0.0000,0,88,999.000,0.0,1.0
2056/11/8,23:00,?9?9?9?9E0?9?9?9?9*9?9*9?9?9?9?9?9?9*9*_?9*9*9?9?9,26.3,25.5,95,100549,9999,9999,437,0,0,0,999900,999900,999900,99990,270,0.2,9,9,999.0,999,9,'999999999,0,0.0000,0,88,999.000,0.0,1.0
2056/11/8,24:00,?9?9?9?9E0?9?9?9?9*9?9*9?9?9?9?9?9?9*9*_?9*9*9?9?9,26.3,25.3,94,100449,9999,9999,437,0,0,0,999900,999900,999900,99990,270,0.3,9,9,999.0,999,9,'999999999,0,0.0000,0,88,999.000,0.0,1.0
2056/11/9,01:00,?9?9?9?9E0?9?9?9?9*9?9*9?9?9?9?9?9?9*9*_?9*9*9?9?9,26.2,25.2,94,100349,9999,9999,437,0,0,0,999900,999900,999900,99990,270,0.3,9,9,999.0,999,9,'999999999,0,0.0000,0,88,999.000,0.0,1.0
2056/11/9,02:00,?9?9?9?9E0?9?9?9?9*9?9*9?9?9?9?9?9?9*9*_?9*9*9?9?9,26.3,25.3,94,100349,9999,9999,437,0,0,0,999900,999900,999900,99990,270,0.6,9,9,999.0,999,9,'999999999,0,0.0000,0,88,999.000,0.0,1.0
2056/11/9,03:00,?9?9?9?9E0?9?9?9?9*9?9*9?9?9?9?9?9?9*9*_?9*9*9?9?9,26.3,25.3,94,100349,9999,9999,437,0,0,0,999900,999900,999900,99990,270,0.7,9,9,999.0,999,9,'999999999,0,0.0000,0,88,999.000,0.0,1.0
2056/11/9,04:00,?9?9?9?9E0?9?9?9?9*9?9*9?9?9?9?9?9?9*9*_?9*9*9?9?9,26.2,25.2,94,100349,9999,9999,427,0,0,0,999900,999900,999900,99990,270,0.1,8,8,999.0,999,9,'999999999,0,0.0000,0,88,999.000,0.0,1.0
2056/11/9,05:00,?9?9?9?9E0?9?9?9?9*9?9*9?9?9?9?9?9?9*9*_?9*9*9?9?9,26.1,25.1,94,100349,9999,9999,420,0,0,0,999900,999900,999900,99990,270,0.3,7,7,999.0,999,9,'999999999,0,0.0000,0,88,999.000,0.0,1.0
2056/11/9,06:00,?9?9?9?9E0?9?9?9?9*9?9*9?9?9?9?9?9?9*9*_?9*9*9?9?9,26.0,25.0,94,100449,9999,9999,414,0,0,0,999900,999900,999900,99990,270,1.0,6,6,999.0,999,9,'999999999,0,0.0000,0,88,999.000,0.0,1.0
2056/11/9,07:00,?9?9?9?9E0?9?9?9?9*9?9*9?9?9?9?9?9?9*9*_?9*9*9?9?9,26.1,25.1,94,100449,9999,9999,411,51,158,38,999900,999900,999900,99990,270,0.0,5,5,999.0,999,9,'999999999,0,0.0000,0,88,999.000,0.0,1.0
2056/11/9,08:00,?9?9?9?9E0?9?9?9?9*9?9*9?9?9?9?9?9?9*9*_?9*9*9?9?9,28.0,25.8,88,100549,9999,9999,423,222,290,130,999900,999900,999900,99990,270,1.0,5,5,999.0,999,9,'999999999,0,0.0000,0,88,999.000,0.0,1.0
2056/11/9,09:00,?9?9?9?9E0?9?9?9?9*9?9*9?9?9?9?9?9?9*9*_?9*9*9?9?9,29.7,25.5,78,100549,9999,9999,432,421,438,191,999900,999900,999900,99990,250,1.6,5,5,999.0,999,9,'999999999,0,0.0000,0,88,999.000,0.0,1.0
2056/11/9,10:00,?9?9?9?9E0?9?9?9?9*9?9*9?9?9?9?9?9?9*9*_?9*9*9?9?9,30.7,24.6,70,100549,9999,9999,437,599,541,225,999900,999900,999900,99990,250,1.0,5,5,999.0,999,9,'999999999,0,0.0000,0,88,999.000,0.0,1.0
2056/11/9,11:00,?9?9?9?9E0?9?9?9?9*9?9*9?9?9?9?9?9?9*9*_?9*9*9?9?9,31.9,20.2,50,100549,9999,9999,438,770,680,220,999900,999900,999900,99990,250,1.0,5,5,999.0,999,9,'999999999,0,0.0000,0,88,999.000,0.0,1.0
2056/11/9,12:00,?9?9?9?9E0?9?9?9?9*9?9*9?9?9?9?9?9?9*9*_?9*9*9?9?9,32.5,19.4,46,100449,9999,9999,440,845,724,219,999900,999900,999900,99990,290,1.3,5,5,999.0,999,9,'999999999,0,0.0000,0,88,999.000,0.0,1.0
2056/11/9,13:00,?9?9?9?9E0?9?9?9?9*9?9*9?9?9?9?9?9?9*9*_?9*9*9?9?9,32.9,17.5,40,100449,9999,9999,440,848,748,207,999900,999900,999900,99990,290,0.4,5,5,999.0,999,9,'999999999,0,0.0000,0,88,999.000,0.0,1.0
2056/11/9,14:00,?9?9?9?9E0?9?9?9?9*9?9*9?9?9?9?9?9?9*9*_?9*9*9?9?9,33.6,16.1,35,100349,9999,9999,442,781,765,179,999900,999900,999900,99990,290,0.9,5,5,999.0,999,9,'999999999,0,0.0000,0,88,999.000,0.0,1.0
2056/11/9,15:00,?9?9?9?9E0?9?9?9?9*9?9*9?9?9?9?9?9?9*9*_?9*9*9?9?9,33.7,16.6,36,100249,9999,9999,440,655,775,144,999900,999900,999900,99990,270,0.2,4,4,999.0,999,9,'999999999,0,0.0000,0,88,999.000,0.0,1.0
2056/11/9,16:00,?9?9?9?9E0?9?9?9?9*9?9*9?9?9?9?9?9?9*9*_?9*9*9?9?9,33.7,19.0,42,100249,9999,9999,443,440,640,132,999900,999900,999900,99990,270,0.2,4,4,999.0,999,9,'999999999,0,0.0000,0,88,999.000,0.0,1.0
2056/11/9,17:00,?9?9?9?9E0?9?9?9?9*9?9*9?9?9?9?9?9?9*9*_?9*9*9?9?9,32.8,24.0,60,100249,9999,9999,452,175,249,108,999900,999900,999900,99990,270,0.1,6,6,999.0,999,9,'999999999,0,0.0000,0,88,999.000,0.0,1.0
2056/11/9,18:00,?9?9?9?9E0?9?9?9?9*9?9*9?9?9?9?9?9?9*9*_?9*9*9?9?9,30.0,26.2,80,100349,9999,9999,451,15,0,15,999900,999900,999900,99990,270,0.2,8,8,999.0,999,9,'999999999,0,0.0000,0,88,999.000,0.0,1.0
2056/11/9,19:00,?9?9?9?9E0?9?9?9?9*9?9*9?9?9?9?9?9?9*9*_?9*9*9?9?9,30.0,28.6,92,100449,9999,9999,454,0,0,0,999900,999900,999900,99990,270,0.3,8,8,999.0,999,9,'999999999,0,0.0000,0,88,999.000,0.0,1.0
2056/11/9,20:00,?9?9?9?9E0?9?9?9?9*9?9*9?9?9?9?9?9?9*9*_?9*9*9?9?9,29.5,28.3,93,100549,9999,9999,444,0,0,0,999900,999900,999900,99990,270,0.3,7,7,999.0,999,9,'999999999,0,0.0000,0,88,999.000,0.0,1.0
2056/11/9,21:00,?9?9?9?9E0?9?9?9?9*9?9*9?9?9?9?9?9?9*9*_?9*9*9?9?9,29.2,28.3,95,100649,9999,9999,433,0,0,0,999900,999900,999900,99990,180,0.6,5,5,999.0,999,9,'999999999,0,0.0000,0,88,999.000,0.0,1.0
2056/11/9,22:00,?9?9?9?9E0?9?9?9?9*9?9*9?9?9?9?9?9?9*9*_?9*9*9?9?9,29.1,28.4,96,100649,9999,9999,432,0,0,0,999900,999900,999900,99990,180,0.3,5,5,999.0,999,9,'999999999,0,0.0000,0,88,999.000,0.0,1.0
2056/11/9,23:00,?9?9?9?9E0?9?9?9?9*9?9*9?9?9?9?9?9?9*9*_?9*9*9?9?9,28.8,27.9,95,100649,9999,9999,430,0,0,0,999900,999900,999900,99990,180,0.2,5,5,999.0,999,9,'999999999,0,0.0000,0,88,999.000,0.0,1.0
2056/11/9,24:00,?9?9?9?9E0?9?9?9?9*9?9*9?9?9?9?9?9?9*9*_?9*9*9?9?9,28.5,28.0,97,100649,9999,9999,428,0,0,0,999900,999900,999900,99990,180,0.1,5,5,999.0,999,9,'999999999,0,0.0000,0,88,999.000,0.0,1.0
2056/11/10,01:00,?9?9?9?9E0?9?9?9?9*9?9*9?9?9?9?9?9?9*9*_?9*9*9?9?9,28.4,27.9,97,100649,9999,9999,428,0,0,0,999900,999900,999900,99990,180,0.1,5,5,999.0,999,9,'999999999,0,0.0000,0,88,999.000,0.0,1.0
2056/11/10,02:00,?9?9?9?9E0?9?9?9?9*9?9*9?9?9?9?9?9?9*9*_?9*9*9?9?9,28.3,28.0,98,100549,9999,9999,427,0,0,0,999900,999900,999900,99990,180,0.0,5,5,999.0,999,9,'999999999,0,0.0000,0,88,999.000,0.0,1.0
2056/11/10,03:00,?9?9?9?9E0?9?9?9?9*9?9*9?9?9?9?9?9?9*9*_?9*9*9?9?9,28.1,27.8,98,100549,9999,9999,426,0,0,0,999900,999900,999900,99990,180,0.1,5,5,999.0,999,9,'999999999,0,0.0000,0,88,999.000,0.0,1.0
2056/11/10,04:00,?9?9?9?9E0?9?9?9?9*9?9*9?9?9?9?9?9?9*9*_?9*9*9?9?9,27.6,27.1,97,100549,9999,9999,419,0,0,0,999900,999900,999900,99990,180,0.0,4,4,999.0,999,9,'999999999,0,0.0000,0,88,999.000,0.0,1.0
2056/11/10,05:00,?9?9?9?9E0?9?9?9?9*9?9*9?9?9?9?9?9?9*9*_?9*9*9?9?9,27.3,26.8,97,100549,9999,9999,417,0,0,0,999900,999900,999900,99990,180,0.0,4,4,999.0,999,9,'999999999,0,0.0000,0,88,999.000,0.0,1.0
2056/11/10,06:00,?9?9?9?9E0?9?9?9?9*9?9*9?9?9?9?9?9?9*9*_?9*9*9?9?9,27.2,26.9,98,100649,9999,9999,417,0,0,0,999900,999900,999900,99990,180,0.0,4,4,999.0,999,9,'999999999,0,0.0000,0,88,999.000,0.0,1.0
2056/11/10,07:00,?9?9?9?9E0?9?9?9?9*9?9*9?9?9?9?9?9?9*9*_?9*9*9?9?9,27.5,27.2,98,100749,9999,9999,419,53,180,38,999900,999900,999900,99990,180,0.0,4,4,999.0,999,9,'999999999,0,0.0000,0,88,999.000,0.0,1.0
2056/11/10,08:00,?9?9?9?9E0?9?9?9?9*9?9*9?9?9?9?9?9?9*9*_?9*9*9?9?9,29.0,28.0,94,100749,9999,9999,428,226,305,130,999900,999900,999900,99990,180,0.1,4,4,999.0,999,9,'999999999,0,0.0000,0,88,999.000,0.0,1.0
2056/11/10,09:00,?9?9?9?9E0?9?9?9?9*9?9*9?9?9?9?9?9?9*9*_?9*9*9?9?9,30.0,27.2,85,100849,9999,9999,433,430,465,187,999900,999900,999900,99990,270,0.9,4,4,999.0,999,9,'999999999,0,0.0000,0,88,999.000,0.0,1.0
2056/11/10,10:00,?9?9?9?9E0?9?9?9?9*9?9*9?9?9?9?9?9?9*9*_?9*9*9?9?9,31.2,24.6,68,100849,9999,9999,436,633,615,209,999900,999900,999900,99990,270,0.5,4,4,999.0,999,9,'999999999,0,0.0000,0,88,999.000,0.0,1.0
2056/11/10,11:00,?9?9?9?9E0?9?9?9?9*9?9*9?9?9?9?9?9?9*9*_?9*9*9?9?9,32.6,25.2,65,100749,9999,9999,445,759,655,231,999900,999900,999900,99990,270,0.4,4,4,999.0,999,9,'999999999,0,0.0000,0,88,999.000,0.0,1.0
2056/11/10,12:00,?9?9?9?9E0?9?9?9?9*9?9*9?9?9?9?9?9?9*9*_?9*9*9?9?9,33.6,23.9,57,100649,9999,9999,449,836,697,235,999900,999900,999900,99990,270,0.1,4,4,999.0,999,9,'999999999,0,0.0000,0,88,999.000,0.0,1.0
2056/11/10,13:00,?9?9?9?9E0?9?9?9?9*9?9*9?9?9?9?9?9?9*9*_?9*9*9?9?9,34.5,24.2,55,100649,9999,9999,455,830,695,236,999900,999900,999900,99990,270,0.3,4,4,999.0,999,9,'999999999,0,0.0000,0,88,999.000,0.0,1.0
2056/11/10,14:00,?9?9?9?9E0?9?9?9?9*9?9*9?9?9?9?9?9?9*9*_?9*9*9?9?9,34.1,27.9,70,100549,9999,9999,461,679,529,264,999900,999900,999900,99990,270,0.6,5,5,999.0,999,9,'999999999,0,0.0000,0,88,999.000,0.0,1.0
2056/11/10,15:00,?9?9?9?9E0?9?9?9?9*9?9*9?9?9?9?9?9?9*9*_?9*9*9?9?9,33.6,27.4,70,100549,9999,9999,457,549,477,236,999900,999900,999900,99990,160,0.5,5,5,999.0,999,9,'999999999,0,0.0000,0,88,999.000,0.0,1.0
2056/11/10,16:00,?9?9?9?9E0?9?9?9?9*9?9*9?9?9?9?9?9?9*9*_?9*9*9?9?9,32.6,28.1,77,100549,9999,9999,456,339,297,196,999900,999900,999900,99990,160,0.3,6,6,999.0,999,9,'999999999,0,0.0000,0,88,999.000,0.0,1.0
2056/11/10,17:00,?9?9?9?9E0?9?9?9?9*9?9*9?9?9?9?9?9?9*9*_?9*9*9?9?9,31.3,28.3,84,100549,9999,9999,449,155,163,112,999900,999900,999900,99990,160,0.4,6,6,999.0,999,9,'999999999,0,0.0000,0,88,999.000,0.0,1.0
2056/11/10,18:00,?9?9?9?9E0?9?9?9?9*9?9*9?9?9?9?9?9?9*9*_?9*9*9?9?9,30.7,28.3,87,100649,9999,9999,445,20,0,20,999900,999900,999900,99990,140,0.2,6,6,999.0,999,9,'999999999,0,0.0000,0,88,999.000,0.0,1.0
2056/11/10,19:00,?9?9?9?9E0?9?9?9?9*9?9*9?9?9?9?9?9?9*9*_?9*9*9?9?9,30.3,27.1,83,100749,9999,9999,442,0,0,0,999900,999900,999900,99990,140,0.0,6,6,999.0,999,9,'999999999,0,0.0000,0,88,999.000,0.0,1.0
2056/11/10,20:00,?9?9?9?9E0?9?9?9?9*9?9*9?9?9?9?9?9?9*9*_?9*9*9?9?9,30.3,28.3,89,100849,9999,9999,443,0,0,0,999900,999900,999900,99990,140,0.2,6,6,999.0,999,9,'999999999,0,0.0000,0,88,999.000,0.0,1.0
2056/11/10,21:00,?9?9?9?9E0?9?9?9?9*9?9*9?9?9?9?9?9?9*9*_?9*9*9?9?9,30.1,28.3,90,100949,9999,9999,442,0,0,0,999900,999900,999900,99990,140,0.2,6,6,999.0,999,9,'999999999,0,0.0000,0,88,999.000,0.0,1.0
2056/11/10,22:00,?9?9?9?9E0?9?9?9?9*9?9*9?9?9?9?9?9?9*9*_?9*9*9?9?9,30.1,28.5,91,100949,9999,9999,447,0,0,0,999900,999900,999900,99990,140,0.1,7,7,999.0,999,9,'999999999,0,0.0000,0,88,999.000,0.0,1.0
2056/11/10,23:00,?9?9?9?9E0?9?9?9?9*9?9*9?9?9?9?9?9?9*9*_?9*9*9?9?9,30.0,28.4,91,100849,9999,9999,447,0,0,0,999900,999900,999900,99990,140,0.1,7,7,999.0,999,9,'999999999,0,0.0000,0,88,999.000,0.0,1.0
2056/11/10,24:00,?9?9?9?9E0?9?9?9?9*9?9*9?9?9?9?9?9?9*9*_?9*9*9?9?9,29.6,28.7,95,100749,9999,9999,445,0,0,0,999900,999900,999900,99990,140,0.0,7,7,999.0,999,9,'999999999,0,0.0000,0,88,999.000,0.0,1.0
2056/11/11,01:00,?9?9?9?9E0?9?9?9?9*9?9*9?9?9?9?9?9?9*9*_?9*9*9?9?9,29.5,28.6,95,100849,9999,9999,451,0,0,0,999900,999900,999900,99990,140,0.0,8,8,999.0,999,9,'999999999,0,0.0000,0,88,999.000,0.0,1.0
2056/11/11,02:00,?9?9?9?9E0?9?9?9?9*9?9*9?9?9?9?9?9?9*9*_?9*9*9?9?9,29.3,28.4,95,100749,9999,9999,450,0,0,0,999900,999900,999900,99990,140,0.0,8,8,999.0,999,9,'999999999,0,0.0000,0,88,999.000,0.0,1.0
2056/11/11,03:00,?9?9?9?9E0?9?9?9?9*9?9*9?9?9?9?9?9?9*9*_?9*9*9?9?9,29.3,28.4,95,100749,9999,9999,450,0,0,0,999900,999900,999900,99990,140,0.0,8,8,999.0,999,9,'999999999,0,0.0000,0,88,999.000,0.0,1.0
2056/11/11,04:00,?9?9?9?9E0?9?9?9?9*9?9*9?9?9?9?9?9?9*9*_?9*9*9?9?9,29.3,28.4,95,100749,9999,9999,459,0,0,0,999900,999900,999900,99990,140,0.0,9,9,999.0,999,9,'999999999,0,0.0000,0,88,999.000,0.0,1.0
2056/11/11,05:00,?9?9?9?9E0?9?9?9?9*9?9*9?9?9?9?9?9?9*9*_?9*9*9?9?9,29.2,28.3,95,100749,9999,9999,459,0,0,0,999900,999900,999900,99990,140,0.0,9,9,999.0,999,9,'999999999,0,0.0000,0,88,999.000,0.0,1.0
2056/11/11,06:00,?9?9?9?9E0?9?9?9?9*9?9*9?9?9?9?9?9?9*9*_?9*9*9?9?9,29.1,28.2,95,100849,9999,9999,458,0,0,0,999900,999900,999900,99990,140,0.0,9,9,999.0,999,9,'999999999,0,0.0000,0,88,999.000,0.0,1.0
2056/11/11,07:00,?9?9?9?9E0?9?9?9?9*9?9*9?9?9?9?9?9?9*9*_?9*9*9?9?9,29.3,28.4,95,100949,9999,9999,459,22,14,21,999900,999900,999900,99990,140,0.0,9,9,999.0,999,9,'999999999,0,0.0000,0,88,999.000,0.0,1.0
2056/11/11,08:00,?9?9?9?9E0?9?9?9?9*9?9*9?9?9?9?9?9?9*9*_?9*9*9?9?9,29.8,28.9,95,101049,9999,9999,463,120,34,109,999900,999900,999900,99990,140,0.0,9,9,999.0,999,9,'999999999,0,0.0000,0,88,999.000,0.0,1.0
2056/11/11,09:00,?9?9?9?9E0?9?9?9?9*9?9*9?9?9?9?9?9?9*9*_?9*9*9?9?9,30.8,29.4,92,101049,9999,9999,470,242,63,209,999900,999900,999900,99990,360,0.0,9,9,999.0,999,9,'999999999,0,0.0000,0,88,999.000,0.0,1.0
2056/11/11,10:00,?9?9?9?9E0?9?9?9?9*9?9*9?9?9?9?9?9?9*9*_?9*9*9?9?9,32.1,26.2,71,101149,9999,9999,463,459,197,324,999900,999900,999900,99990,360,0.1,8,8,999.0,999,9,'999999999,0,0.0000,0,88,999.000,0.0,1.0
2056/11/11,11:00,?9?9?9?9E0?9?9?9?9*9?9*9?9?9?9?9?9?9*9*_?9*9*9?9?9,33.0,25.8,66,101049,9999,9999,461,621,331,355,999900,999900,999900,99990,360,0.1,7,7,999.0,999,9,'999999999,0,0.0000,0,88,999.000,0.0,1.0
2056/11/11,12:00,?9?9?9?9E0?9?9?9?9*9?9*9?9?9?9?9?9?9*9*_?9*9*9?9?9,33.0,25.3,64,100949,9999,9999,455,737,465,337,999900,999900,999900,99990,180,0.4,6,6,999.0,999,9,'999999999,0,0.0000,0,88,999.000,0.0,1.0
2056/11/11,13:00,?9?9?9?9E0?9?9?9?9*9?9*9?9?9?9?9?9?9*9*_?9*9*9?9?9,33.3,23.6,57,100849,9999,9999,451,796,598,286,999900,999900,999900,99990,180,0.4,5,5,999.0,999,9,'999999999,0,0.0000,0,88,999.000,0.0,1.0
2056/11/11,14:00,?9?9?9?9E0?9?9?9?9*9?9*9?9?9?9?9?9?9*9*_?9*9*9?9?9,32.8,24.0,60,100749,9999,9999,448,713,574,264,999900,999900,999900,99990,180,0.2,5,5,999.0,999,9,'999999999,0,0.0000,0,88,999.000,0.0,1.0
2056/11/11,15:00,?9?9?9?9E0?9?9?9?9*9?9*9?9?9?9?9?9?9*9*_?9*9*9?9?9,32.1,25.5,68,100749,9999,9999,446,556,481,241,999900,999900,999900,99990,180,0.5,5,5,999.0,999,9,'999999999,0,0.0000,0,88,999.000,0.0,1.0
2056/11/11,16:00,?9?9?9?9E0?9?9?9?9*9?9*9?9?9?9?9?9?9*9*_?9*9*9?9?9,31.6,26.0,72,100749,9999,9999,444,372,375,192,999900,999900,999900,99990,180,0.4,5,5,999.0,999,9,'999999999,0,0.0000,0,88,999.000,0.0,1.0
2056/11/11,17:00,?9?9?9?9E0?9?9?9?9*9?9*9?9?9?9?9?9?9*9*_?9*9*9?9?9,31.1,26.8,78,100749,9999,9999,442,172,216,115,999900,999900,999900,99990,180,0.4,5,5,999.0,999,9,'999999999,0,0.0000,0,88,999.000,0.0,1.0
2056/11/11,18:00,?9?9?9?9E0?9?9?9?9*9?9*9?9?9?9?9?9?9*9*_?9*9*9?9?9,30.1,27.1,84,100849,9999,9999,437,22,0,22,999900,999900,999900,99990,90,0.1,5,5,999.0,999,9,'999999999,0,0.0000,0,88,999.000,0.0,1.0
2056/11/11,19:00,?9?9?9?9E0?9?9?9?9*9?9*9?9?9?9?9?9?9*9*_?9*9*9?9?9,29.8,27.8,89,100849,9999,9999,432,0,0,0,999900,999900,999900,99990,90,0.0,4,4,999.0,999,9,'999999999,0,0.0000,0,88,999.000,0.0,1.0
2056/11/11,20:00,?9?9?9?9E0?9?9?9?9*9?9*9?9?9?9?9?9?9*9*_?9*9*9?9?9,29.3,27.7,91,100949,9999,9999,429,0,0,0,999900,999900,999900,99990,90,0.0,4,4,999.0,999,9,'999999999,0,0.0000,0,88,999.000,0.0,1.0
2056/11/11,21:00,?9?9?9?9E0?9?9?9?9*9?9*9?9?9?9?9?9?9*9*_?9*9*9?9?9,29.0,27.6,92,100949,9999,9999,428,0,0,0,999900,999900,999900,99990,90,0.0,4,4,999.0,999,9,'999999999,0,0.0000,0,88,999.000,0.0,1.0
2056/11/11,22:00,?9?9?9?9E0?9?9?9?9*9?9*9?9?9?9?9?9?9*9*_?9*9*9?9?9,28.6,27.7,95,101049,9999,9999,422,0,0,0,999900,999900,999900,99990,90,0.0,3,3,999.0,999,9,'999999999,0,0.0000,0,88,999.000,0.0,1.0
2056/11/11,23:00,?9?9?9?9E0?9?9?9?9*9?9*9?9?9?9?9?9?9*9*_?9*9*9?9?9,28.3,27.6,96,101049,9999,9999,420,0,0,0,999900,999900,999900,99990,90,0.0,3,3,999.0,999,9,'999999999,0,0.0000,0,88,999.000,0.0,1.0
2056/11/11,24:00,?9?9?9?9E0?9?9?9?9*9?9*9?9?9?9?9?9?9*9*_?9*9*9?9?9,27.9,27.6,98,100949,9999,9999,418,0,0,0,999900,999900,999900,99990,90,0.0,3,3,999.0,999,9,'999999999,0,0.0000,0,88,999.000,0.0,1.0
2056/11/12,01:00,?9?9?9?9E0?9?9?9?9*9?9*9?9?9?9?9?9?9*9*_?9*9*9?9?9,27.9,27.6,98,100849,9999,9999,421,0,0,0,999900,999900,999900,99990,90,0.0,4,4,999.0,999,9,'999999999,0,0.0000,0,88,999.000,0.0,1.0
2056/11/12,02:00,?9?9?9?9E0?9?9?9?9*9?9*9?9?9?9?9?9?9*9*_?9*9*9?9?9,27.9,27.7,99,100849,9999,9999,429,0,0,0,999900,999900,999900,99990,90,0.0,6,6,999.0,999,9,'999999999,0,0.0000,0,88,999.000,0.0,1.0
2056/11/12,03:00,?9?9?9?9E0?9?9?9?9*9?9*9?9?9?9?9?9?9*9*_?9*9*9?9?9,28.2,27.9,98,100749,9999,9999,442,0,0,0,999900,999900,999900,99990,90,0.0,8,8,999.0,999,9,'999999999,0,0.0000,0,88,999.000,0.0,1.0
2056/11/12,04:00,?9?9?9?9E0?9?9?9?9*9?9*9?9?9?9?9?9?9*9*_?9*9*9?9?9,28.3,28.0,98,100749,9999,9999,443,0,0,0,999900,999900,999900,99990,90,0.0,8,8,999.0,999,9,'999999999,0,0.0000,0,88,999.000,0.0,1.0
2056/11/12,05:00,?9?9?9?9E0?9?9?9?9*9?9*9?9?9?9?9?9?9*9*_?9*9*9?9?9,28.0,27.7,98,100849,9999,9999,429,0,0,0,999900,999900,999900,99990,90,0.0,6,6,999.0,999,9,'999999999,0,0.0000,0,88,999.000,0.0,1.0
2056/11/12,06:00,?9?9?9?9E0?9?9?9?9*9?9*9?9?9?9?9?9?9*9*_?9*9*9?9?9,27.9,27.7,99,100849,9999,9999,422,0,0,0,999900,999900,999900,99990,90,0.0,4,4,999.0,999,9,'999999999,0,0.0000,0,88,999.000,0.0,1.0
2056/11/12,07:00,?9?9?9?9E0?9?9?9?9*9?9*9?9?9?9?9?9?9*9*_?9*9*9?9?9,28.1,27.9,99,100949,9999,9999,420,53,193,38,999900,999900,999900,99990,90,0.0,3,3,999.0,999,9,'999999999,0,0.0000,0,88,999.000,0.0,1.0
2056/11/12,08:00,?9?9?9?9E0?9?9?9?9*9?9*9?9?9?9?9?9?9*9*_?9*9*9?9?9,29.1,28.0,94,101049,9999,9999,429,224,309,128,999900,999900,999900,99990,90,0.0,4,4,999.0,999,9,'999999999,0,0.0000,0,88,999.000,0.0,1.0
2056/11/12,09:00,?9?9?9?9E0?9?9?9?9*9?9*9?9?9?9?9?9?9*9*_?9*9*9?9?9,30.7,24.1,68,101149,9999,9999,433,457,550,172,999900,999900,999900,99990,90,0.2,4,4,999.0,999,9,'999999999,0,0.0000,0,88,999.000,0.0,1.0
2056/11/12,10:00,?9?9?9?9E0?9?9?9?9*9?9*9?9?9?9?9?9?9*9*_?9*9*9?9?9,32.4,23.7,60,101149,9999,9999,445,616,581,218,999900,999900,999900,99990,90,0.2,5,5,999.0,999,9,'999999999,0,0.0000,0,88,999.000,0.0,1.0
2056/11/12,11:00,?9?9?9?9E0?9?9?9?9*9?9*9?9?9?9?9?9?9*9*_?9*9*9?9?9,32.4,24.2,62,101149,9999,9999,446,732,598,254,999900,999900,999900,99990,90,1.0,5,5,999.0,999,9,'999999999,0,0.0000,0,88,999.000,0.0,1.0
2056/11/12,12:00,?9?9?9?9E0?9?9?9?9*9?9*9?9?9?9?9?9?9*9*_?9*9*9?9?9,32.9,23.6,58,101049,9999,9999,448,803,624,268,999900,999900,999900,99990,20,0.9,5,5,999.0,999,9,'999999999,0,0.0000,0,88,999.000,0.0,1.0
2056/11/12,13:00,?9?9?9?9E0?9?9?9?9*9?9*9?9?9?9?9?9?9*9*_?9*9*9?9?9,33.0,24.2,60,100949,9999,9999,454,745,526,298,999900,999900,999900,99990,20,1.0,6,6,999.0,999,9,'999999999,0,0.0000,0,88,999.000,0.0,1.0
2056/11/12,14:00,?9?9?9?9E0?9?9?9?9*9?9*9?9?9?9?9?9?9*9*_?9*9*9?9?9,32.1,25.0,66,100849,9999,9999,449,655,469,289,999900,999900,999900,99990,20,1.1,6,6,999.0,999,9,'999999999,0,0.0000,0,88,999.000,0.0,1.0
2056/11/12,15:00,?9?9?9?9E0?9?9?9?9*9?9*9?9?9?9?9?9?9*9*_?9*9*9?9?9,32.2,25.1,66,100749,9999,9999,450,526,423,249,999900,999900,999900,99990,360,1.3,6,6,999.0,999,9,'999999999,0,0.0000,0,88,999.000,0.0,1.0
2056/11/12,16:00,?9?9?9?9E0?9?9?9?9*9?9*9?9?9?9?9?9?9*9*_?9*9*9?9?9,31.8,25.4,69,100749,9999,9999,448,350,321,197,999900,999900,999900,99990,360,1.3,6,6,999.0,999,9,'999999999,0,0.0000,0,88,999.000,0.0,1.0
2056/11/12,17:00,?9?9?9?9E0?9?9?9?9*9?9*9?9?9?9?9?9?9*9*_?9*9*9?9?9,31.2,26.0,74,100749,9999,9999,451,142,124,109,999900,999900,999900,99990,360,0.7,7,7,999.0,999,9,'999999999,0,0.0000,0,88,999.000,0.0,1.0
2056/11/12,18:00,?9?9?9?9E0?9?9?9?9*9?9*9?9?9?9?9?9?9*9*_?9*9*9?9?9,30.3,26.5,80,100849,9999,9999,446,17,0,17,999900,999900,999900,99990,20,0.6,7,7,999.0,999,9,'999999999,0,0.0000,0,88,999.000,0.0,1.0
2056/11/12,19:00,?9?9?9?9E0?9?9?9?9*9?9*9?9?9?9?9?9?9*9*_?9*9*9?9?9,29.9,26.5,82,100949,9999,9999,444,0,0,0,999900,999900,999900,99990,20,0.7,7,7,999.0,999,9,'999999999,0,0.0000,0,88,999.000,0.0,1.0
2056/11/12,20:00,?9?9?9?9E0?9?9?9?9*9?9*9?9?9?9?9?9?9*9*_?9*9*9?9?9,29.8,26.4,82,101049,9999,9999,443,0,0,0,999900,999900,999900,99990,20,1.3,7,7,999.0,999,9,'999999999,0,0.0000,0,88,999.000,0.0,1.0
2056/11/12,21:00,?9?9?9?9E0?9?9?9?9*9?9*9?9?9?9?9?9?9*9*_?9*9*9?9?9,29.6,26.8,85,101049,9999,9999,437,0,0,0,999900,999900,999900,99990,360,0.6,6,6,999.0,999,9,'999999999,0,0.0000,0,88,999.000,0.0,1.0
2056/11/12,22:00,?9?9?9?9E0?9?9?9?9*9?9*9?9?9?9?9?9?9*9*_?9*9*9?9?9,29.3,26.7,86,101049,9999,9999,435,0,0,0,999900,999900,999900,99990,360,0.2,6,6,999.0,999,9,'999999999,0,0.0000,0,88,999.000,0.0,1.0
2056/11/12,23:00,?9?9?9?9E0?9?9?9?9*9?9*9?9?9?9?9?9?9*9*_?9*9*9?9?9,28.7,27.1,91,101049,9999,9999,432,0,0,0,999900,999900,999900,99990,360,0.0,6,6,999.0,999,9,'999999999,0,0.0000,0,88,999.000,0.0,1.0
2056/11/12,24:00,?9?9?9?9E0?9?9?9?9*9?9*9?9?9?9?9?9?9*9*_?9*9*9?9?9,28.4,27.4,94,101049,9999,9999,431,0,0,0,999900,999900,999900,99990,360,0.0,6,6,999.0,999,9,'999999999,0,0.0000,0,88,999.000,0.0,1.0
2056/11/13,01:00,?9?9?9?9E0?9?9?9?9*9?9*9?9?9?9?9?9?9*9*_?9*9*9?9?9,28.5,27.6,95,100949,9999,9999,432,0,0,0,999900,999900,999900,99990,360,0.0,6,6,999.0,999,9,'999999999,0,0.0000,0,88,999.000,0.0,1.0
2056/11/13,02:00,?9?9?9?9E0?9?9?9?9*9?9*9?9?9?9?9?9?9*9*_?9*9*9?9?9,28.5,27.5,94,100949,9999,9999,437,0,0,0,999900,999900,999900,99990,360,0.0,7,7,999.0,999,9,'999999999,0,0.0000,0,88,999.000,0.0,1.0
2056/11/13,03:00,?9?9?9?9E0?9?9?9?9*9?9*9?9?9?9?9?9?9*9*_?9*9*9?9?9,28.3,27.4,95,100849,9999,9999,435,0,0,0,999900,999900,999900,99990,360,0.0,7,7,999.0,999,9,'999999999,0,0.0000,0,88,999.000,0.0,1.0
2056/11/13,04:00,?9?9?9?9E0?9?9?9?9*9?9*9?9?9?9?9?9?9*9*_?9*9*9?9?9,27.9,27.2,96,100849,9999,9999,433,0,0,0,999900,999900,999900,99990,360,0.0,7,7,999.0,999,9,'999999999,0,0.0000,0,88,999.000,0.0,1.0
2056/11/13,05:00,?9?9?9?9E0?9?9?9?9*9?9*9?9?9?9?9?9?9*9*_?9*9*9?9?9,27.6,26.9,96,100849,9999,9999,422,0,0,0,999900,999900,999900,99990,360,0.0,5,5,999.0,999,9,'999999999,0,0.0000,0,88,999.000,0.0,1.0
2056/11/13,06:00,?9?9?9?9E0?9?9?9?9*9?9*9?9?9?9?9?9?9*9*_?9*9*9?9?9,27.5,26.8,96,100949,9999,9999,415,0,0,0,999900,999900,999900,99990,360,0.0,3,3,999.0,999,9,'999999999,0,0.0000,0,88,999.000,0.0,1.0
2056/11/13,07:00,?9?9?9?9E0?9?9?9?9*9?9*9?9?9?9?9?9?9*9*_?9*9*9?9?9,27.6,26.9,96,101049,9999,9999,416,53,190,38,999900,999900,999900,99990,360,0.0,3,3,999.0,999,9,'999999999,0,0.0000,0,88,999.000,0.0,1.0
2056/11/13,08:00,?9?9?9?9E0?9?9?9?9*9?9*9?9?9?9?9?9?9*9*_?9*9*9?9?9,29.1,26.9,88,101049,9999,9999,431,216,259,136,999900,999900,999900,99990,360,0.7,5,5,999.0,999,9,'999999999,0,0.0000,0,88,999.000,0.0,1.0
2056/11/13,09:00,?9?9?9?9E0?9?9?9?9*9?9*9?9?9?9?9?9?9*9*_?9*9*9?9?9,30.3,23.5,67,101149,9999,9999,442,372,282,227,999900,999900,999900,99990,20,0.4,7,7,999.0,999,9,'999999999,0,0.0000,0,88,999.000,0.0,1.0
2056/11/13,10:00,?9?9?9?9E0?9?9?9?9*9?9*9?9?9?9?9?9?9*9*_?9*9*9?9?9,31.7,23.0,60,101249,9999,9999,457,478,249,308,999900,999900,999900,99990,20,0.6,8,8,999.0,999,9,'999999999,0,0.0000,0,88,999.000,0.0,1.0
2056/11/13,11:00,?9?9?9?9E0?9?9?9?9*9?9*9?9?9?9?9?9?9*9*_?9*9*9?9?9,32.2,23.5,60,101149,9999,9999,460,577,264,366,999900,999900,999900,99990,20,1.1,8,8,999.0,999,9,'999999999,0,0.0000,0,88,999.000,0.0,1.0
2056/11/13,12:00,?9?9?9?9E0?9?9?9?9*9?9*9?9?9?9?9?9?9*9*_?9*9*9?9?9,32.4,23.1,58,101149,9999,9999,461,630,285,386,999900,999900,999900,99990,50,1.1,8,8,999.0,999,9,'999999999,0,0.0000,0,88,999.000,0.0,1.0
2056/11/13,13:00,?9?9?9?9E0?9?9?9?9*9?9*9?9?9?9?9?9?9*9*_?9*9*9?9?9,32.2,22.3,56,101049,9999,9999,451,699,412,350,999900,999900,999900,99990,50,1.3,7,7,999.0,999,9,'999999999,0,0.0000,0,88,999.000,0.0,1.0
2056/11/13,14:00,?9?9?9?9E0?9?9?9?9*9?9*9?9?9?9?9?9?9*9*_?9*9*9?9?9,31.9,22.6,58,100949,9999,9999,445,677,504,284,999900,999900,999900,99990,50,1.4,6,6,999.0,999,9,'999999999,0,0.0000,0,88,999.000,0.0,1.0
2056/11/13,15:00,?9?9?9?9E0?9?9?9?9*9?9*9?9?9?9?9?9?9*9*_?9*9*9?9?9,31.6,22.3,58,100949,9999,9999,439,579,552,219,999900,999900,999900,99990,50,1.3,5,5,999.0,999,9,'999999999,0,0.0000,0,88,999.000,0.0,1.0
2056/11/13,16:00,?9?9?9?9E0?9?9?9?9*9?9*9?9?9?9?9?9?9*9*_?9*9*9?9?9,30.6,19.6,52,100949,9999,9999,430,405,507,164,999900,999900,999900,99990,50,1.3,5,5,999.0,999,9,'999999999,0,0.0000,0,88,999.000,0.0,1.0
2056/11/13,17:00,?9?9?9?9E0?9?9?9?9*9?9*9?9?9?9?9?9?9*9*_?9*9*9?9?9,29.7,20.8,59,100949,9999,9999,423,201,379,101,999900,999900,999900,99990,50,0.9,4,4,999.0,999,9,'999999999,0,0.0000,0,88,999.000,0.0,1.0
2056/11/13,18:00,?9?9?9?9E0?9?9?9?9*9?9*9?9?9?9?9?9?9*9*_?9*9*9?9?9,29.2,22.2,66,101049,9999,9999,419,28,0,28,999900,999900,999900,99990,50,0.3,3,3,999.0,999,9,'999999999,0,0.0000,0,88,999.000,0.0,1.0
2056/11/13,19:00,?9?9?9?9E0?9?9?9?9*9?9*9?9?9?9?9?9?9*9*_?9*9*9?9?9,28.9,22.9,70,101149,9999,9999,418,0,0,0,999900,999900,999900,99990,50,0.0,3,3,999.0,999,9,'999999999,0,0.0000,0,88,999.000,0.0,1.0
2056/11/13,20:00,?9?9?9?9E0?9?9?9?9*9?9*9?9?9?9?9?9?9*9*_?9*9*9?9?9,28.4,22.9,72,101249,9999,9999,415,0,0,0,999900,999900,999900,99990,50,0.0,3,3,999.0,999,9,'999999999,0,0.0000,0,88,999.000,0.0,1.0
2056/11/13,21:00,?9?9?9?9E0?9?9?9?9*9?9*9?9?9?9?9?9?9*9*_?9*9*9?9?9,28.4,24.4,79,101249,9999,9999,417,0,0,0,999900,999900,999900,99990,50,0.0,3,3,999.0,999,9,'999999999,0,0.0000,0,88,999.000,0.0,1.0
2056/11/13,22:00,?9?9?9?9E0?9?9?9?9*9?9*9?9?9?9?9?9?9*9*_?9*9*9?9?9,27.8,25.6,88,101249,9999,9999,415,0,0,0,999900,999900,999900,99990,50,0.0,3,3,999.0,999,9,'999999999,0,0.0000,0,88,999.000,0.0,1.0
2056/11/13,23:00,?9?9?9?9E0?9?9?9?9*9?9*9?9?9?9?9?9?9*9*_?9*9*9?9?9,27.3,25.5,90,101249,9999,9999,412,0,0,0,999900,999900,999900,99990,50,0.0,3,3,999.0,999,9,'999999999,0,0.0000,0,88,999.000,0.0,1.0
2056/11/13,24:00,?9?9?9?9E0?9?9?9?9*9?9*9?9?9?9?9?9?9*9*_?9*9*9?9?9,26.9,25.9,94,101149,9999,9999,410,0,0,0,999900,999900,999900,99990,50,0.0,3,3,999.0,999,9,'999999999,0,0.0000,0,88,999.000,0.0,1.0
2056/11/14,01:00,?9?9?9?9E0?9?9?9?9*9?9*9?9?9?9?9?9?9*9*_?9*9*9?9?9,26.8,26.0,95,101149,9999,9999,410,0,0,0,999900,999900,999900,99990,50,0.0,3,3,999.0,999,9,'999999999,0,0.0000,0,88,999.000,0.0,1.0
2056/11/14,02:00,?9?9?9?9E0?9?9?9?9*9?9*9?9?9?9?9?9?9*9*_?9*9*9?9?9,26.8,26.1,96,101049,9999,9999,417,0,0,0,999900,999900,999900,99990,50,0.0,5,5,999.0,999,9,'999999999,0,0.0000,0,88,999.000,0.0,1.0
2056/11/14,03:00,?9?9?9?9E0?9?9?9?9*9?9*9?9?9?9?9?9?9*9*_?9*9*9?9?9,26.6,26.3,98,101049,9999,9999,424,0,0,0,999900,999900,999900,99990,50,0.0,7,7,999.0,999,9,'999999999,0,0.0000,0,88,999.000,0.0,1.0
2056/11/14,04:00,?9?9?9?9E0?9?9?9?9*9?9*9?9?9?9?9?9?9*9*_?9*9*9?9?9,26.3,26.0,98,101049,9999,9999,429,0,0,0,999900,999900,999900,99990,50,0.0,8,8,999.0,999,9,'999999999,0,0.0000,0,88,999.000,0.0,1.0
2056/11/14,05:00,?9?9?9?9E0?9?9?9?9*9?9*9?9?9?9?9?9?9*9*_?9*9*9?9?9,26.1,25.8,98,101049,9999,9999,428,0,0,0,999900,999900,999900,99990,50,0.2,8,8,999.0,999,9,'999999999,0,0.0000,0,88,999.000,0.0,1.0
2056/11/14,06:00,?9?9?9?9E0?9?9?9?9*9?9*9?9?9?9?9?9?9*9*_?9*9*9?9?9,26.0,25.7,98,101049,9999,9999,427,0,0,0,999900,999900,999900,99990,50,0.2,8,8,999.0,999,9,'999999999,0,0.0000,0,88,999.000,0.0,1.0
2056/11/14,07:00,?9?9?9?9E0?9?9?9?9*9?9*9?9?9?9?9?9?9*9*_?9*9*9?9?9,26.0,25.5,97,101149,9999,9999,427,27,25,25,999900,999900,999900,99990,50,0.1,8,8,999.0,999,9,'999999999,0,0.0000,0,88,999.000,0.0,1.0
2056/11/14,08:00,?9?9?9?9E0?9?9?9?9*9?9*9?9?9?9?9?9?9*9*_?9*9*9?9?9,27.3,26.3,94,101149,9999,9999,435,145,61,126,999900,999900,999900,99990,50,0.2,8,8,999.0,999,9,'999999999,0,0.0000,0,88,999.000,0.0,1.0
2056/11/14,09:00,?9?9?9?9E0?9?9?9?9*9?9*9?9?9?9?9?9?9*9*_?9*9*9?9?9,29.3,25.3,79,101249,9999,9999,445,306,131,239,999900,999900,999900,99990,320,0.4,8,8,999.0,999,9,'999999999,0,0.0000,0,88,999.000,0.0,1.0
2056/11/14,10:00,?9?9?9?9E0?9?9?9?9*9?9*9?9?9?9?9?9?9*9*_?9*9*9?9?9,30.4,23.6,67,101249,9999,9999,450,460,201,323,999900,999900,999900,99990,320,1.0,8,8,999.0,999,9,'999999999,0,0.0000,0,88,999.000,0.0,1.0
2056/11/14,11:00,?9?9?9?9E0?9?9?9?9*9?9*9?9?9?9?9?9?9*9*_?9*9*9?9?9,31.6,20.2,51,101149,9999,9999,452,595,280,372,999900,999900,999900,99990,320,1.1,8,8,999.0,999,9,'999999999,0,0.0000,0,88,999.000,0.0,1.0
2056/11/14,12:00,?9?9?9?9E0?9?9?9?9*9?9*9?9?9?9?9?9?9*9*_?9*9*9?9?9,32.5,17.6,41,101049,9999,9999,454,679,345,385,999900,999900,999900,99990,320,2.0,8,8,999.0,999,9,'999999999,0,0.0000,0,88,999.000,0.0,1.0
2056/11/14,13:00,?9?9?9?9E0?9?9?9?9*9?9*9?9?9?9?9?9?9*9*_?9*9*9?9?9,32.6,15.2,35,100949,9999,9999,451,688,373,373,999900,999900,999900,99990,320,1.6,8,8,999.0,999,9,'999999999,0,0.0000,0,88,999.000,0.0,1.0
2056/11/14,14:00,?9?9?9?9E0?9?9?9?9*9?9*9?9?9?9?9?9?9*9*_?9*9*9?9?9,33.0,18.0,41,100949,9999,9999,457,600,321,351,999900,999900,999900,99990,320,0.9,8,8,999.0,999,9,'999999999,0,0.0000,0,88,999.000,0.0,1.0
2056/11/14,15:00,?9?9?9?9E0?9?9?9?9*9?9*9?9?9?9?9?9?9*9*_?9*9*9?9?9,31.8,21.7,55,100849,9999,9999,455,453,235,300,999900,999900,999900,99990,360,0.9,8,8,999.0,999,9,'999999999,0,0.0000,0,88,999.000,0.0,1.0
2056/11/14,16:00,?9?9?9?9E0?9?9?9?9*9?9*9?9?9?9?9?9?9*9*_?9*9*9?9?9,31.6,21.5,55,100849,9999,9999,454,302,175,219,999900,999900,999900,99990,360,0.8,8,8,999.0,999,9,'999999999,0,0.0000,0,88,999.000,0.0,1.0
2056/11/14,17:00,?9?9?9?9E0?9?9?9?9*9?9*9?9?9?9?9?9?9*9*_?9*9*9?9?9,30.5,22.9,64,100849,9999,9999,449,132,83,110,999900,999900,999900,99990,360,0.8,8,8,999.0,999,9,'999999999,0,0.0000,0,88,999.000,0.0,1.0
2056/11/14,18:00,?9?9?9?9E0?9?9?9?9*9?9*9?9?9?9?9?9?9*9*_?9*9*9?9?9,29.3,23.7,72,100949,9999,9999,443,14,0,14,999900,999900,999900,99990,50,0.2,8,8,999.0,999,9,'999999999,0,0.0000,0,88,999.000,0.0,1.0
2056/11/14,19:00,?9?9?9?9E0?9?9?9?9*9?9*9?9?9?9?9?9?9*9*_?9*9*9?9?9,28.6,23.3,73,100949,9999,9999,432,0,0,0,999900,999900,999900,99990,50,0.1,7,7,999.0,999,9,'999999999,0,0.0000,0,88,999.000,0.0,1.0
2056/11/14,20:00,?9?9?9?9E0?9?9?9?9*9?9*9?9?9?9?9?9?9*9*_?9*9*9?9?9,28.2,24.9,82,101049,9999,9999,432,0,0,0,999900,999900,999900,99990,50,0.1,7,7,999.0,999,9,'999999999,0,0.0000,0,88,999.000,0.0,1.0
2056/11/14,21:00,?9?9?9?9E0?9?9?9?9*9?9*9?9?9?9?9?9?9*9*_?9*9*9?9?9,27.1,25.7,92,101049,9999,9999,421,0,0,0,999900,999900,999900,99990,50,0.0,6,6,999.0,999,9,'999999999,0,0.0000,0,88,999.000,0.0,1.0
2056/11/14,22:00,?9?9?9?9E0?9?9?9?9*9?9*9?9?9?9?9?9?9*9*_?9*9*9?9?9,26.6,25.2,92,101049,9999,9999,414,0,0,0,999900,999900,999900,99990,50,0.0,5,5,999.0,999,9,'999999999,0,0.0000,0,88,999.000,0.0,1.0
2056/11/14,23:00,?9?9?9?9E0?9?9?9?9*9?9*9?9?9?9?9?9?9*9*_?9*9*9?9?9,26.6,25.4,93,101049,9999,9999,415,0,0,0,999900,999900,999900,99990,50,0.1,5,5,999.0,999,9,'999999999,0,0.0000,0,88,999.000,0.0,1.0
2056/11/14,24:00,?9?9?9?9E0?9?9?9?9*9?9*9?9?9?9?9?9?9*9*_?9*9*9?9?9,26.5,25.7,95,100949,9999,9999,414,0,0,0,999900,999900,999900,99990,360,0.0,5,5,999.0,999,9,'999999999,0,0.0000,0,88,999.000,0.0,1.0
2056/11/15,01:00,?9?9?9?9E0?9?9?9?9*9?9*9?9?9?9?9?9?9*9*_?9*9*9?9?9,26.4,25.7,96,100849,9999,9999,414,0,0,0,999900,999900,999900,99990,360,0.0,5,5,999.0,999,9,'999999999,0,0.0000,0,88,999.000,0.0,1.0
2056/11/15,02:00,?9?9?9?9E0?9?9?9?9*9?9*9?9?9?9?9?9?9*9*_?9*9*9?9?9,26.1,25.6,97,100849,9999,9999,412,0,0,0,999900,999900,999900,99990,360,0.0,5,5,999.0,999,9,'999999999,0,0.0000,0,88,999.000,0.0,1.0
2056/11/15,03:00,?9?9?9?9E0?9?9?9?9*9?9*9?9?9?9?9?9?9*9*_?9*9*9?9?9,25.7,25.2,97,100749,9999,9999,409,0,0,0,999900,999900,999900,99990,360,0.0,5,5,999.0,999,9,'999999999,0,0.0000,0,88,999.000,0.0,1.0
2056/11/15,04:00,?9?9?9?9E0?9?9?9?9*9?9*9?9?9?9?9?9?9*9*_?9*9*9?9?9,25.4,24.9,97,100749,9999,9999,407,0,0,0,999900,999900,999900,99990,360,0.0,5,5,999.0,999,9,'999999999,0,0.0000,0,88,999.000,0.0,1.0
2056/11/15,05:00,?9?9?9?9E0?9?9?9?9*9?9*9?9?9?9?9?9?9*9*_?9*9*9?9?9,25.1,24.8,98,100749,9999,9999,406,0,0,0,999900,999900,999900,99990,360,0.0,5,5,999.0,999,9,'999999999,0,0.0000,0,88,999.000,0.0,1.0
2056/11/15,06:00,?9?9?9?9E0?9?9?9?9*9?9*9?9?9?9?9?9?9*9*_?9*9*9?9?9,24.9,24.6,98,100849,9999,9999,404,0,0,0,999900,999900,999900,99990,360,0.0,5,5,999.0,999,9,'999999999,0,0.0000,0,88,999.000,0.0,1.0
2056/11/15,07:00,?9?9?9?9E0?9?9?9?9*9?9*9?9?9?9?9?9?9*9*_?9*9*9?9?9,24.8,24.0,95,100949,9999,9999,403,37,80,31,999900,999900,999900,99990,360,0.0,5,5,999.0,999,9,'999999999,0,0.0000,0,88,999.000,0.0,1.0
2056/11/15,08:00,?9?9?9?9E0?9?9?9?9*9?9*9?9?9?9?9?9?9*9*_?9*9*9?9?9,26.1,25.3,95,100949,9999,9999,415,188,154,141,999900,999900,999900,99990,360,0.0,6,6,999.0,999,9,'999999999,0,0.0000,0,88,999.000,0.0,1.0
2056/11/15,09:00,?9?9?9?9E0?9?9?9?9*9?9*9?9?9?9?9?9?9*9*_?9*9*9?9?9,27.8,24.5,82,101049,9999,9999,429,340,200,238,999900,999900,999900,99990,360,0.5,7,7,999.0,999,9,'999999999,0,0.0000,0,88,999.000,0.0,1.0
2056/11/15,10:00,?9?9?9?9E0?9?9?9?9*9?9*9?9?9?9?9?9?9*9*_?9*9*9?9?9,30.1,20.9,58,101049,9999,9999,444,477,236,317,999900,999900,999900,99990,360,1.5,8,8,999.0,999,9,'999999999,0,0.0000,0,88,999.000,0.0,1.0
2056/11/15,11:00,?9?9?9?9E0?9?9?9?9*9?9*9?9?9?9?9?9?9*9*_?9*9*9?9?9,30.5,19.5,52,100949,9999,9999,445,591,279,370,999900,999900,999900,99990,360,1.5,8,8,999.0,999,9,'999999999,0,0.0000,0,88,999.000,0.0,1.0
2056/11/15,12:00,?9?9?9?9E0?9?9?9?9*9?9*9?9?9?9?9?9?9*9*_?9*9*9?9?9,31.2,18.2,46,100849,9999,9999,447,659,315,391,999900,999900,999900,99990,360,1.8,8,8,999.0,999,9,'999999999,0,0.0000,0,88,999.000,0.0,1.0
2056/11/15,13:00,?9?9?9?9E0?9?9?9?9*9?9*9?9?9?9?9?9?9*9*_?9*9*9?9?9,30.7,18.4,48,100749,9999,9999,444,651,313,387,999900,999900,999900,99990,360,0.8,8,8,999.0,999,9,'999999999,0,0.0000,0,88,999.000,0.0,1.0
2056/11/15,14:00,?9?9?9?9E0?9?9?9?9*9?9*9?9?9?9?9?9?9*9*_?9*9*9?9?9,31.2,19.6,50,100649,9999,9999,449,579,289,355,999900,999900,999900,99990,360,1.7,8,8,999.0,999,9,'999999999,0,0.0000,0,88,999.000,0.0,1.0
2056/11/15,15:00,?9?9?9?9E0?9?9?9?9*9?9*9?9?9?9?9?9?9*9*_?9*9*9?9?9,30.8,19.8,52,100649,9999,9999,447,460,249,298,999900,999900,999900,99990,360,1.6,8,8,999.0,999,9,'999999999,0,0.0000,0,88,999.000,0.0,1.0
2056/11/15,16:00,?9?9?9?9E0?9?9?9?9*9?9*9?9?9?9?9?9?9*9*_?9*9*9?9?9,31.1,20.1,52,100649,9999,9999,449,302,180,217,999900,999900,999900,99990,360,1.3,8,8,999.0,999,9,'999999999,0,0.0000,0,88,999.000,0.0,1.0
2056/11/15,17:00,?9?9?9?9E0?9?9?9?9*9?9*9?9?9?9?9?9?9*9*_?9*9*9?9?9,30.2,20.5,56,100649,9999,9999,444,136,94,111,999900,999900,999900,99990,360,0.9,8,8,999.0,999,9,'999999999,0,0.0000,0,88,999.000,0.0,1.0
2056/11/15,18:00,?9?9?9?9E0?9?9?9?9*9?9*9?9?9?9?9?9?9*9*_?9*9*9?9?9,28.8,20.8,62,100649,9999,9999,437,15,0,15,999900,999900,999900,99990,50,0.1,8,8,999.0,999,9,'999999999,0,0.0000,0,88,999.000,0.0,1.0
2056/11/15,19:00,?9?9?9?9E0?9?9?9?9*9?9*9?9?9?9?9?9?9*9*_?9*9*9?9?9,27.8,22.3,72,100749,9999,9999,426,0,0,0,999900,999900,999900,99990,50,0.3,7,7,999.0,999,9,'999999999,0,0.0000,0,88,999.000,0.0,1.0
2056/11/15,20:00,?9?9?9?9E0?9?9?9?9*9?9*9?9?9?9?9?9?9*9*_?9*9*9?9?9,27.3,23.1,78,100749,9999,9999,416,0,0,0,999900,999900,999900,99990,50,0.3,5,5,999.0,999,9,'999999999,0,0.0000,0,88,999.000,0.0,1.0
2056/11/15,21:00,?9?9?9?9E0?9?9?9?9*9?9*9?9?9?9?9?9?9*9*_?9*9*9?9?9,26.8,23.5,82,100849,9999,9999,407,0,0,0,999900,999900,999900,99990,50,0.1,3,3,999.0,999,9,'999999999,0,0.0000,0,88,999.000,0.0,1.0
2056/11/15,22:00,?9?9?9?9E0?9?9?9?9*9?9*9?9?9?9?9?9?9*9*_?9*9*9?9?9,26.3,24.2,88,100849,9999,9999,405,0,0,0,999900,999900,999900,99990,50,0.5,3,3,999.0,999,9,'999999999,0,0.0000,0,88,999.000,0.0,1.0
2056/11/15,23:00,?9?9?9?9E0?9?9?9?9*9?9*9?9?9?9?9?9?9*9*_?9*9*9?9?9,26.3,24.4,89,100849,9999,9999,405,0,0,0,999900,999900,999900,99990,50,0.1,3,3,999.0,999,9,'999999999,0,0.0000,0,88,999.000,0.0,1.0
2056/11/15,24:00,?9?9?9?9E0?9?9?9?9*9?9*9?9?9?9?9?9?9*9*_?9*9*9?9?9,25.6,24.6,94,100749,9999,9999,402,0,0,0,999900,999900,999900,99990,50,0.0,3,3,999.0,999,9,'999999999,0,0.0000,0,88,999.000,0.0,1.0
2056/11/16,01:00,?9?9?9?9E0?9?9?9?9*9?9*9?9?9?9?9?9?9*9*_?9*9*9?9?9,25.3,24.8,97,100749,9999,9999,404,0,0,0,999900,999900,999900,99990,50,0.0,4,4,999.0,999,9,'999999999,0,0.0000,0,88,999.000,0.0,1.0
2056/11/16,02:00,?9?9?9?9E0?9?9?9?9*9?9*9?9?9?9?9?9?9*9*_?9*9*9?9?9,24.8,24.7,99,100649,9999,9999,407,0,0,0,999900,999900,999900,99990,50,0.0,6,6,999.0,999,9,'999999999,0,0.0000,0,88,999.000,0.0,1.0
2056/11/16,03:00,?9?9?9?9E0?9?9?9?9*9?9*9?9?9?9?9?9?9*9*_?9*9*9?9?9,24.8,24.7,99,100649,9999,9999,419,0,0,0,999900,999900,999900,99990,50,0.0,8,8,999.0,999,9,'999999999,0,0.0000,0,88,999.000,0.0,1.0
2056/11/16,04:00,?9?9?9?9E0?9?9?9?9*9?9*9?9?9?9?9?9?9*9*_?9*9*9?9?9,24.8,24.5,98,100649,9999,9999,418,0,0,0,999900,999900,999900,99990,50,0.0,8,8,999.0,999,9,'999999999,0,0.0000,0,88,999.000,0.0,1.0
2056/11/16,05:00,?9?9?9?9E0?9?9?9?9*9?9*9?9?9?9?9?9?9*9*_?9*9*9?9?9,24.7,24.4,98,100649,9999,9999,407,0,0,0,999900,999900,999900,99990,50,0.0,6,6,999.0,999,9,'999999999,0,0.0000,0,88,999.000,0.0,1.0
2056/11/16,06:00,?9?9?9?9E0?9?9?9?9*9?9*9?9?9?9?9?9?9*9*_?9*9*9?9?9,24.7,24.7,100,100649,9999,9999,400,0,0,0,999900,999900,999900,99990,50,0.1,4,4,999.0,999,9,'999999999,0,0.0000,0,88,999.000,0.0,1.0
2056/11/16,07:00,?9?9?9?9E0?9?9?9?9*9?9*9?9?9?9?9?9?9*9*_?9*9*9?9?9,24.3,24.3,100,100749,9999,9999,395,40,143,30,999900,999900,999900,99990,50,0.1,3,3,999.0,999,9,'999999999,0,0.0000,0,88,999.000,0.0,1.0
2056/11/16,08:00,?9?9?9?9E0?9?9?9?9*9?9*9?9?9?9?9?9?9*9*_?9*9*9?9?9,25.8,24.4,92,100849,9999,9999,403,229,368,118,999900,999900,999900,99990,50,0.1,3,3,999.0,999,9,'999999999,0,0.0000,0,88,999.000,0.0,1.0
2056/11/16,09:00,?9?9?9?9E0?9?9?9?9*9?9*9?9?9?9?9?9?9*9*_?9*9*9?9?9,28.2,22.5,71,100849,9999,9999,413,457,598,153,999900,999900,999900,99990,270,0.2,3,3,999.0,999,9,'999999999,0,0.0000,0,88,999.000,0.0,1.0
2056/11/16,10:00,?9?9?9?9E0?9?9?9?9*9?9*9?9?9?9?9?9?9*9*_?9*9*9?9?9,30.1,22.8,65,100849,9999,9999,424,638,677,181,999900,999900,999900,99990,270,0.1,3,3,999.0,999,9,'999999999,0,0.0000,0,88,999.000,0.0,1.0
2056/11/16,11:00,?9?9?9?9E0?9?9?9?9*9?9*9?9?9?9?9?9?9*9*_?9*9*9?9?9,31.0,20.6,54,100749,9999,9999,430,766,709,206,999900,999900,999900,99990,270,0.1,4,4,999.0,999,9,'999999999,0,0.0000,0,88,999.000,0.0,1.0
2056/11/16,12:00,?9?9?9?9E0?9?9?9?9*9?9*9?9?9?9?9?9?9*9*_?9*9*9?9?9,31.2,18.9,48,100749,9999,9999,432,817,693,230,999900,999900,999900,99990,50,0.2,5,5,999.0,999,9,'999999999,0,0.0000,0,88,999.000,0.0,1.0
2056/11/16,13:00,?9?9?9?9E0?9?9?9?9*9?9*9?9?9?9?9?9?9*9*_?9*9*9?9?9,31.5,19.2,48,100649,9999,9999,438,765,606,256,999900,999900,999900,99990,50,0.3,6,6,999.0,999,9,'999999999,0,0.0000,0,88,999.000,0.0,1.0
2056/11/16,14:00,?9?9?9?9E0?9?9?9?9*9?9*9?9?9?9?9?9?9*9*_?9*9*9?9?9,31.1,17.4,44,100549,9999,9999,433,707,617,230,999900,999900,999900,99990,50,0.8,6,6,999.0,999,9,'999999999,0,0.0000,0,88,999.000,0.0,1.0
2056/11/16,15:00,?9?9?9?9E0?9?9?9?9*9?9*9?9?9?9?9?9?9*9*_?9*9*9?9?9,31.1,17.1,43,100549,9999,9999,433,570,577,197,999900,999900,999900,99990,90,0.8,6,6,999.0,999,9,'999999999,0,0.0000,0,88,999.000,0.0,1.0
2056/11/16,16:00,?9?9?9?9E0?9?9?9?9*9?9*9?9?9?9?9?9?9*9*_?9*9*9?9?9,30.6,17.7,46,100549,9999,9999,427,409,556,147,999900,999900,999900,99990,90,0.7,5,5,999.0,999,9,'999999999,0,0.0000,0,88,999.000,0.0,1.0
2056/11/16,17:00,?9?9?9?9E0?9?9?9?9*9?9*9?9?9?9?9?9?9*9*_?9*9*9?9?9,29.6,19.3,54,100549,9999,9999,424,189,353,97,999900,999900,999900,99990,90,0.2,5,5,999.0,999,9,'999999999,0,0.0000,0,88,999.000,0.0,1.0
2056/11/16,18:00,?9?9?9?9E0?9?9?9?9*9?9*9?9?9?9?9?9?9*9*_?9*9*9?9?9,28.6,20.1,60,100649,9999,9999,416,27,0,27,999900,999900,999900,99990,90,0.1,4,4,999.0,999,9,'999999999,0,0.0000,0,88,999.000,0.0,1.0
2056/11/16,19:00,?9?9?9?9E0?9?9?9?9*9?9*9?9?9?9?9?9?9*9*_?9*9*9?9?9,27.5,21.6,70,100649,9999,9999,412,0,0,0,999900,999900,999900,99990,90,0.1,4,4,999.0,999,9,'999999999,0,0.0000,0,88,999.000,0.0,1.0
2056/11/16,20:00,?9?9?9?9E0?9?9?9?9*9?9*9?9?9?9?9?9?9*9*_?9*9*9?9?9,26.6,23.3,82,100849,9999,9999,409,0,0,0,999900,999900,999900,99990,90,0.1,4,4,999.0,999,9,'999999999,0,0.0000,0,88,999.000,0.0,1.0
2056/11/16,21:00,?9?9?9?9E0?9?9?9?9*9?9*9?9?9?9?9?9?9*9*_?9*9*9?9?9,26.1,23.4,85,100849,9999,9999,406,0,0,0,999900,999900,999900,99990,50,0.0,4,4,999.0,999,9,'999999999,0,0.0000,0,88,999.000,0.0,1.0
2056/11/16,22:00,?9?9?9?9E0?9?9?9?9*9?9*9?9?9?9?9?9?9*9*_?9*9*9?9?9,25.5,24.1,92,100849,9999,9999,404,0,0,0,999900,999900,999900,99990,50,0.0,4,4,999.0,999,9,'999999999,0,0.0000,0,88,999.000,0.0,1.0
2056/11/16,23:00,?9?9?9?9E0?9?9?9?9*9?9*9?9?9?9?9?9?9*9*_?9*9*9?9?9,25.0,24.0,94,100849,9999,9999,401,0,0,0,999900,999900,999900,99990,50,0.0,4,4,999.0,999,9,'999999999,0,0.0000,0,88,999.000,0.0,1.0
2056/11/16,24:00,?9?9?9?9E0?9?9?9?9*9?9*9?9?9?9?9?9?9*9*_?9*9*9?9?9,24.7,24.4,98,100849,9999,9999,400,0,0,0,999900,999900,999900,99990,50,0.0,4,4,999.0,999,9,'999999999,0,0.0000,0,88,999.000,0.0,1.0
2056/11/17,01:00,?9?9?9?9E0?9?9?9?9*9?9*9?9?9?9?9?9?9*9*_?9*9*9?9?9,24.2,23.9,98,100749,9999,9999,397,0,0,0,999900,999900,999900,99990,50,0.0,4,4,999.0,999,9,'999999999,0,0.0000,0,88,999.000,0.0,1.0
2056/11/17,02:00,?9?9?9?9E0?9?9?9?9*9?9*9?9?9?9?9?9?9*9*_?9*9*9?9?9,24.7,24.2,97,100749,9999,9999,400,0,0,0,999900,999900,999900,99990,50,0.0,4,4,999.0,999,9,'999999999,0,0.0000,0,88,999.000,0.0,1.0
2056/11/17,03:00,?9?9?9?9E0?9?9?9?9*9?9*9?9?9?9?9?9?9*9*_?9*9*9?9?9,24.7,24.2,97,100649,9999,9999,400,0,0,0,999900,999900,999900,99990,50,0.1,4,4,999.0,999,9,'999999999,0,0.0000,0,88,999.000,0.0,1.0
2056/11/17,04:00,?9?9?9?9E0?9?9?9?9*9?9*9?9?9?9?9?9?9*9*_?9*9*9?9?9,24.4,24.3,99,100649,9999,9999,398,0,0,0,999900,999900,999900,99990,50,0.0,4,4,999.0,999,9,'999999999,0,0.0000,0,88,999.000,0.0,1.0
2056/11/17,05:00,?9?9?9?9E0?9?9?9?9*9?9*9?9?9?9?9?9?9*9*_?9*9*9?9?9,24.2,24.2,100,100749,9999,9999,397,0,0,0,999900,999900,999900,99990,50,0.0,4,4,999.0,999,9,'999999999,0,0.0000,0,88,999.000,0.0,1.0
2056/11/17,06:00,?9?9?9?9E0?9?9?9?9*9?9*9?9?9?9?9?9?9*9*_?9*9*9?9?9,24.2,24.2,100,100749,9999,9999,397,0,0,0,999900,999900,999900,99990,340,0.5,4,4,999.0,999,9,'999999999,0,0.0000,0,88,999.000,0.0,1.0
2056/11/17,07:00,?9?9?9?9E0?9?9?9?9*9?9*9?9?9?9?9?9?9*9*_?9*9*9?9?9,24.4,24.3,99,100849,9999,9999,395,39,149,29,999900,999900,999900,99990,340,0.2,3,3,999.0,999,9,'999999999,0,0.0000,0,88,999.000,0.0,1.0
2056/11/17,08:00,?9?9?9?9E0?9?9?9?9*9?9*9?9?9?9?9?9?9*9*_?9*9*9?9?9,25.7,24.5,93,100949,9999,9999,402,226,373,114,999900,999900,999900,99990,340,0.1,3,3,999.0,999,9,'999999999,0,0.0000,0,88,999.000,0.0,1.0
2056/11/17,09:00,?9?9?9?9E0?9?9?9?9*9?9*9?9?9?9?9?9?9*9*_?9*9*9?9?9,28.1,23.5,76,100949,9999,9999,414,444,578,151,999900,999900,999900,99990,290,0.1,3,3,999.0,999,9,'999999999,0,0.0000,0,88,999.000,0.0,1.0
2056/11/17,10:00,?9?9?9?9E0?9?9?9?9*9?9*9?9?9?9?9?9?9*9*_?9*9*9?9?9,29.5,22.5,66,100949,9999,9999,421,636,695,169,999900,999900,999900,99990,290,0.1,3,3,999.0,999,9,'999999999,0,0.0000,0,88,999.000,0.0,1.0
2056/11/17,11:00,?9?9?9?9E0?9?9?9?9*9?9*9?9?9?9?9?9?9*9*_?9*9*9?9?9,31.1,18.8,48,100949,9999,9999,425,805,815,163,999900,999900,999900,99990,290,0.1,3,3,999.0,999,9,'999999999,0,0.0000,0,88,999.000,0.0,1.0
2056/11/17,12:00,?9?9?9?9E0?9?9?9?9*9?9*9?9?9?9?9?9?9*9*_?9*9*9?9?9,31.7,18.0,44,100849,9999,9999,427,887,860,160,999900,999900,999900,99990,320,0.4,3,3,999.0,999,9,'999999999,0,0.0000,0,88,999.000,0.0,1.0
2056/11/17,13:00,?9?9?9?9E0?9?9?9?9*9?9*9?9?9?9?9?9?9*9*_?9*9*9?9?9,32.1,15.6,37,100749,9999,9999,429,873,849,161,999900,999900,999900,99990,320,0.4,4,4,999.0,999,9,'999999999,0,0.0000,0,88,999.000,0.0,1.0
2056/11/17,14:00,?9?9?9?9E0?9?9?9?9*9?9*9?9?9?9?9?9?9*9*_?9*9*9?9?9,32.2,16.1,38,100649,9999,9999,431,793,837,148,999900,999900,999900,99990,320,1.0,4,4,999.0,999,9,'999999999,0,0.0000,0,88,999.000,0.0,1.0
2056/11/17,15:00,?9?9?9?9E0?9?9?9?9*9?9*9?9?9?9?9?9?9*9*_?9*9*9?9?9,32.6,12.8,30,100649,9999,9999,428,656,820,127,999900,999900,999900,99990,320,0.3,4,4,999.0,999,9,'999999999,0,0.0000,0,88,999.000,0.0,1.0
2056/11/17,16:00,?9?9?9?9E0?9?9?9?9*9?9*9?9?9?9?9?9?9*9*_?9*9*9?9?9,32.2,16.5,39,100649,9999,9999,434,415,600,132,999900,999900,999900,99990,320,0.1,5,5,999.0,999,9,'999999999,0,0.0000,0,88,999.000,0.0,1.0
2056/11/17,17:00,?9?9?9?9E0?9?9?9?9*9?9*9?9?9?9?9?9?9*9*_?9*9*9?9?9,31.1,21.3,56,100649,9999,9999,438,173,278,101,999900,999900,999900,99990,320,0.1,6,6,999.0,999,9,'999999999,0,0.0000,0,88,999.000,0.0,1.0
2056/11/17,18:00,?9?9?9?9E0?9?9?9?9*9?9*9?9?9?9?9?9?9*9*_?9*9*9?9?9,29.2,20.1,58,100749,9999,9999,431,20,0,20,999900,999900,999900,99990,50,0.1,7,7,999.0,999,9,'999999999,0,0.0000,0,88,999.000,0.0,1.0
2056/11/17,19:00,?9?9?9?9E0?9?9?9?9*9?9*9?9?9?9?9?9?9*9*_?9*9*9?9?9,27.8,23.6,78,100749,9999,9999,423,0,0,0,999900,999900,999900,99990,50,0.1,6,6,999.0,999,9,'999999999,0,0.0000,0,88,999.000,0.0,1.0
2056/11/17,20:00,?9?9?9?9E0?9?9?9?9*9?9*9?9?9?9?9?9?9*9*_?9*9*9?9?9,26.8,23.5,82,100849,9999,9999,410,0,0,0,999900,999900,999900,99990,50,0.0,4,4,999.0,999,9,'999999999,0,0.0000,0,88,999.000,0.0,1.0
2056/11/17,21:00,?9?9?9?9E0?9?9?9?9*9?9*9?9?9?9?9?9?9*9*_?9*9*9?9?9,26.3,23.8,86,100949,9999,9999,401,0,0,0,999900,999900,999900,99990,90,0.0,2,2,999.0,999,9,'999999999,0,0.0000,0,88,999.000,0.0,1.0
2056/11/17,22:00,?9?9?9?9E0?9?9?9?9*9?9*9?9?9?9?9?9?9*9*_?9*9*9?9?9,25.8,24.2,91,100949,9999,9999,386,0,0,0,999900,999900,999900,99990,90,0.0,0,0,999.0,999,9,'999999999,0,0.0000,0,88,999.000,0.0,1.0
2056/11/17,23:00,?9?9?9?9E0?9?9?9?9*9?9*9?9?9?9?9?9?9*9*_?9*9*9?9?9,25.3,24.3,94,100949,9999,9999,383,0,0,0,999900,999900,999900,99990,90,0.0,0,0,999.0,999,9,'999999999,0,0.0000,0,88,999.000,0.0,1.0
2056/11/17,24:00,?9?9?9?9E0?9?9?9?9*9?9*9?9?9?9?9?9?9*9*_?9*9*9?9?9,25.1,24.8,98,100949,9999,9999,383,0,0,0,999900,999900,999900,99990,90,0.0,0,0,999.0,999,9,'999999999,0,0.0000,0,88,999.000,0.0,1.0
2056/11/18,01:00,?9?9?9?9E0?9?9?9?9*9?9*9?9?9?9?9?9?9*9*_?9*9*9?9?9,25.2,24.9,98,100849,9999,9999,383,0,0,0,999900,999900,999900,99990,90,0.1,0,0,999.0,999,9,'999999999,0,0.0000,0,88,999.000,0.0,1.0
2056/11/18,02:00,?9?9?9?9E0?9?9?9?9*9?9*9?9?9?9?9?9?9*9*_?9*9*9?9?9,25.3,24.8,97,100749,9999,9999,391,0,0,0,999900,999900,999900,99990,90,0.2,1,1,999.0,999,9,'999999999,0,0.0000,0,88,999.000,0.0,1.0
2056/11/18,03:00,?9?9?9?9E0?9?9?9?9*9?9*9?9?9?9?9?9?9*9*_?9*9*9?9?9,25.3,25.2,99,100749,9999,9999,397,0,0,0,999900,999900,999900,99990,270,0.1,2,2,999.0,999,9,'999999999,0,0.0000,0,88,999.000,0.0,1.0
2056/11/18,04:00,?9?9?9?9E0?9?9?9?9*9?9*9?9?9?9?9?9?9*9*_?9*9*9?9?9,25.3,25.0,98,100749,9999,9999,401,0,0,0,999900,999900,999900,99990,270,0.1,3,3,999.0,999,9,'999999999,0,0.0000,0,88,999.000,0.0,1.0
2056/11/18,05:00,?9?9?9?9E0?9?9?9?9*9?9*9?9?9?9?9?9?9*9*_?9*9*9?9?9,25.3,25.0,98,100749,9999,9999,401,0,0,0,999900,999900,999900,99990,270,0.4,3,3,999.0,999,9,'999999999,0,0.0000,0,88,999.000,0.0,1.0
2056/11/18,06:00,?9?9?9?9E0?9?9?9?9*9?9*9?9?9?9?9?9?9*9*_?9*9*9?9?9,25.3,25.0,98,100749,9999,9999,401,0,0,0,999900,999900,999900,99990,250,0.4,3,3,999.0,999,9,'999999999,0,0.0000,0,88,999.000,0.0,1.0
2056/11/18,07:00,?9?9?9?9E0?9?9?9?9*9?9*9?9?9?9?9?9?9*9*_?9*9*9?9?9,25.3,25.0,98,100849,9999,9999,401,38,108,31,999900,999900,999900,99990,250,0.3,3,3,999.0,999,9,'999999999,0,0.0000,0,88,999.000,0.0,1.0
2056/11/18,08:00,?9?9?9?9E0?9?9?9?9*9?9*9?9?9?9?9?9?9*9*_?9*9*9?9?9,26.3,25.5,95,100849,9999,9999,413,200,204,139,999900,999900,999900,99990,250,0.2,5,5,999.0,999,9,'999999999,0,0.0000,0,88,999.000,0.0,1.0
2056/11/18,09:00,?9?9?9?9E0?9?9?9?9*9?9*9?9?9?9?9?9?9*9*_?9*9*9?9?9,27.8,24.5,82,100949,9999,9999,429,336,201,235,999900,999900,999900,99990,270,0.1,7,7,999.0,999,9,'999999999,0,0.0000,0,88,999.000,0.0,1.0
2056/11/18,10:00,?9?9?9?9E0?9?9?9?9*9?9*9?9?9?9?9?9?9*9*_?9*9*9?9?9,30.0,23.0,66,100949,9999,9999,446,452,202,317,999900,999900,999900,99990,270,0.3,8,8,999.0,999,9,'999999999,0,0.0000,0,88,999.000,0.0,1.0
2056/11/18,11:00,?9?9?9?9E0?9?9?9?9*9?9*9?9?9?9?9?9?9*9*_?9*9*9?9?9,31.5,22.2,58,100949,9999,9999,454,562,237,376,999900,999900,999900,99990,270,0.8,8,8,999.0,999,9,'999999999,0,0.0000,0,88,999.000,0.0,1.0
2056/11/18,12:00,?9?9?9?9E0?9?9?9?9*9?9*9?9?9?9?9?9?9*9*_?9*9*9?9?9,31.4,21.9,57,100849,9999,9999,453,615,252,403,999900,999900,999900,99990,340,0.7,8,8,999.0,999,9,'999999999,0,0.0000,0,88,999.000,0.0,1.0
2056/11/18,13:00,?9?9?9?9E0?9?9?9?9*9?9*9?9?9?9?9?9?9*9*_?9*9*9?9?9,31.9,21.4,54,100749,9999,9999,456,620,270,394,999900,999900,999900,99990,340,0.5,8,8,999.0,999,9,'999999999,0,0.0000,0,88,999.000,0.0,1.0
2056/11/18,14:00,?9?9?9?9E0?9?9?9?9*9?9*9?9?9?9?9?9?9*9*_?9*9*9?9?9,32.5,18.7,44,100649,9999,9999,455,585,297,357,999900,999900,999900,99990,340,0.1,8,8,999.0,999,9,'999999999,0,0.0000,0,88,999.000,0.0,1.0
2056/11/18,15:00,?9?9?9?9E0?9?9?9?9*9?9*9?9?9?9?9?9?9*9*_?9*9*9?9?9,32.1,23.4,60,100649,9999,9999,459,430,208,296,999900,999900,999900,99990,20,0.5,8,8,999.0,999,9,'999999999,0,0.0000,0,88,999.000,0.0,1.0
2056/11/18,16:00,?9?9?9?9E0?9?9?9?9*9?9*9?9?9?9?9?9?9*9*_?9*9*9?9?9,31.1,23.2,63,100649,9999,9999,446,320,225,214,999900,999900,999900,99990,20,0.3,7,7,999.0,999,9,'999999999,0,0.0000,0,88,999.000,0.0,1.0
2056/11/18,17:00,?9?9?9?9E0?9?9?9?9*9?9*9?9?9?9?9?9?9*9*_?9*9*9?9?9,30.0,23.5,68,100649,9999,9999,435,163,182,116,999900,999900,999900,99990,20,0.2,6,6,999.0,999,9,'999999999,0,0.0000,0,88,999.000,0.0,1.0
2056/11/18,18:00,?9?9?9?9E0?9?9?9?9*9?9*9?9?9?9?9?9?9*9*_?9*9*9?9?9,29.0,24.8,78,100649,9999,9999,424,23,0,23,999900,999900,999900,99990,110,0.1,4,4,999.0,999,9,'999999999,0,0.0000,0,88,999.000,0.0,1.0
2056/11/18,19:00,?9?9?9?9E0?9?9?9?9*9?9*9?9?9?9?9?9?9*9*_?9*9*9?9?9,28.1,25.2,84,100749,9999,9999,416,0,0,0,999900,999900,999900,99990,110,0.1,3,3,999.0,999,9,'999999999,0,0.0000,0,88,999.000,0.0,1.0
2056/11/18,20:00,?9?9?9?9E0?9?9?9?9*9?9*9?9?9?9?9?9?9*9*_?9*9*9?9?9,27.6,25.6,89,100849,9999,9999,414,0,0,0,999900,999900,999900,99990,110,0.0,3,3,999.0,999,9,'999999999,0,0.0000,0,88,999.000,0.0,1.0
2056/11/18,21:00,?9?9?9?9E0?9?9?9?9*9?9*9?9?9?9?9?9?9*9*_?9*9*9?9?9,27.0,25.8,93,100849,9999,9999,407,0,0,0,999900,999900,999900,99990,110,0.0,2,2,999.0,999,9,'999999999,0,0.0000,0,88,999.000,0.0,1.0
2056/11/18,22:00,?9?9?9?9E0?9?9?9?9*9?9*9?9?9?9?9?9?9*9*_?9*9*9?9?9,26.6,25.9,96,100949,9999,9999,399,0,0,0,999900,999900,999900,99990,110,0.0,1,1,999.0,999,9,'999999999,0,0.0000,0,88,999.000,0.0,1.0
2056/11/18,23:00,?9?9?9?9E0?9?9?9?9*9?9*9?9?9?9?9?9?9*9*_?9*9*9?9?9,26.1,25.8,98,100849,9999,9999,397,0,0,0,999900,999900,999900,99990,110,0.0,1,1,999.0,999,9,'999999999,0,0.0000,0,88,999.000,0.0,1.0
2056/11/18,24:00,?9?9?9?9E0?9?9?9?9*9?9*9?9?9?9?9?9?9*9*_?9*9*9?9?9,25.8,25.8,100,100849,9999,9999,388,0,0,0,999900,999900,999900,99990,110,0.0,0,0,999.0,999,9,'999999999,0,0.0000,0,88,999.000,0.0,1.0
2056/11/19,01:00,?9?9?9?9E0?9?9?9?9*9?9*9?9?9?9?9?9?9*9*_?9*9*9?9?9,25.6,25.6,100,100849,9999,9999,386,0,0,0,999900,999900,999900,99990,110,0.0,0,0,999.0,999,9,'999999999,0,0.0000,0,88,999.000,0.0,1.0
2056/11/19,02:00,?9?9?9?9E0?9?9?9?9*9?9*9?9?9?9?9?9?9*9*_?9*9*9?9?9,25.5,25.5,100,100749,9999,9999,386,0,0,0,999900,999900,999900,99990,110,0.0,0,0,999.0,999,9,'999999999,0,0.0000,0,88,999.000,0.0,1.0
2056/11/19,03:00,?9?9?9?9E0?9?9?9?9*9?9*9?9?9?9?9?9?9*9*_?9*9*9?9?9,25.4,25.4,100,100749,9999,9999,385,0,0,0,999900,999900,999900,99990,110,0.0,0,0,999.0,999,9,'999999999,0,0.0000,0,88,999.000,0.0,1.0
2056/11/19,04:00,?9?9?9?9E0?9?9?9?9*9?9*9?9?9?9?9?9?9*9*_?9*9*9?9?9,25.4,25.4,100,100749,9999,9999,385,0,0,0,999900,999900,999900,99990,110,0.0,0,0,999.0,999,9,'999999999,0,0.0000,0,88,999.000,0.0,1.0
2056/11/19,05:00,?9?9?9?9E0?9?9?9?9*9?9*9?9?9?9?9?9?9*9*_?9*9*9?9?9,25.6,25.6,100,100749,9999,9999,399,0,0,0,999900,999900,999900,99990,110,0.6,2,2,999.0,999,9,'999999999,0,0.0000,0,88,999.000,0.0,1.0
2056/11/19,06:00,?9?9?9?9E0?9?9?9?9*9?9*9?9?9?9?9?9?9*9*_?9*9*9?9?9,26.1,26.1,100,100749,9999,9999,406,0,0,0,999900,999900,999900,99990,250,0.2,3,3,999.0,999,9,'999999999,0,0.0000,0,88,999.000,0.0,1.0
2056/11/19,07:00,?9?9?9?9E0?9?9?9?9*9?9*9?9?9?9?9?9?9*9*_?9*9*9?9?9,26.2,26.2,100,100849,9999,9999,407,37,123,29,999900,999900,999900,99990,250,0.1,3,3,999.0,999,9,'999999999,0,0.0000,0,88,999.000,0.0,1.0
2056/11/19,08:00,?9?9?9?9E0?9?9?9?9*9?9*9?9?9?9?9?9?9*9*_?9*9*9?9?9,27.2,26.2,94,100849,9999,9999,412,221,321,126,999900,999900,999900,99990,250,0.3,3,3,999.0,999,9,'999999999,0,0.0000,0,88,999.000,0.0,1.0
2056/11/19,09:00,?9?9?9?9E0?9?9?9?9*9?9*9?9?9?9?9?9?9*9*_?9*9*9?9?9,29.2,26.2,84,100949,9999,9999,424,428,492,181,999900,999900,999900,99990,320,0.4,3,3,999.0,999,9,'999999999,0,0.0000,0,88,999.000,0.0,1.0
2056/11/19,10:00,?9?9?9?9E0?9?9?9?9*9?9*9?9?9?9?9?9?9*9*_?9*9*9?9?9,30.9,26.0,75,100949,9999,9999,433,612,589,219,999900,999900,999900,99990,320,0.2,3,3,999.0,999,9,'999999999,0,0.0000,0,88,999.000,0.0,1.0
2056/11/19,11:00,?9?9?9?9E0?9?9?9?9*9?9*9?9?9?9?9?9?9*9*_?9*9*9?9?9,32.0,24.1,63,100849,9999,9999,444,702,543,277,999900,999900,999900,99990,320,0.1,5,5,999.0,999,9,'999999999,0,0.0000,0,88,999.000,0.0,1.0
2056/11/19,12:00,?9?9?9?9E0?9?9?9?9*9?9*9?9?9?9?9?9?9*9*_?9*9*9?9?9,32.6,22.1,54,100749,9999,9999,454,690,411,345,999900,999900,999900,99990,320,0.5,7,7,999.0,999,9,'999999999,0,0.0000,0,88,999.000,0.0,1.0
2056/11/19,13:00,?9?9?9?9E0?9?9?9?9*9?9*9?9?9?9?9?9?9*9*_?9*9*9?9?9,33.6,21.1,48,100649,9999,9999,465,631,314,369,999900,999900,999900,99990,320,0.2,8,8,999.0,999,9,'999999999,0,0.0000,0,88,999.000,0.0,1.0
2056/11/19,14:00,?9?9?9?9E0?9?9?9?9*9?9*9?9?9?9?9?9?9*9*_?9*9*9?9?9,33.6,20.7,47,100549,9999,9999,465,572,302,340,999900,999900,999900,99990,320,0.2,8,8,999.0,999,9,'999999999,0,0.0000,0,88,999.000,0.0,1.0
2056/11/19,15:00,?9?9?9?9E0?9?9?9?9*9?9*9?9?9?9?9?9?9*9*_?9*9*9?9?9,32.5,19.7,47,100549,9999,9999,457,462,278,283,999900,999900,999900,99990,320,0.5,8,8,999.0,999,9,'999999999,0,0.0000,0,88,999.000,0.0,1.0
2056/11/19,16:00,?9?9?9?9E0?9?9?9?9*9?9*9?9?9?9?9?9?9*9*_?9*9*9?9?9,31.1,25.2,71,100549,9999,9999,449,311,227,204,999900,999900,999900,99990,320,0.5,7,7,999.0,999,9,'999999999,0,0.0000,0,88,999.000,0.0,1.0
2056/11/19,17:00,?9?9?9?9E0?9?9?9?9*9?9*9?9?9?9?9?9?9*9*_?9*9*9?9?9,30.3,26.3,79,100549,9999,9999,437,168,219,111,999900,999900,999900,99990,320,0.5,5,5,999.0,999,9,'999999999,0,0.0000,0,88,999.000,0.0,1.0
2056/11/19,18:00,?9?9?9?9E0?9?9?9?9*9?9*9?9?9?9?9?9?9*9*_?9*9*9?9?9,28.7,24.3,77,100649,9999,9999,418,25,0,25,999900,999900,999900,99990,110,0.1,3,3,999.0,999,9,'999999999,0,0.0000,0,88,999.000,0.0,1.0
2056/11/19,19:00,?9?9?9?9E0?9?9?9?9*9?9*9?9?9?9?9?9?9*9*_?9*9*9?9?9,28.4,24.8,81,100649,9999,9999,417,0,0,0,999900,999900,999900,99990,110,0.3,3,3,999.0,999,9,'999999999,0,0.0000,0,88,999.000,0.0,1.0
2056/11/19,20:00,?9?9?9?9E0?9?9?9?9*9?9*9?9?9?9?9?9?9*9*_?9*9*9?9?9,27.9,25.4,86,100749,9999,9999,415,0,0,0,999900,999900,999900,99990,110,0.1,3,3,999.0,999,9,'999999999,0,0.0000,0,88,999.000,0.0,1.0
2056/11/19,21:00,?9?9?9?9E0?9?9?9?9*9?9*9?9?9?9?9?9?9*9*_?9*9*9?9?9,27.3,25.7,91,100849,9999,9999,412,0,0,0,999900,999900,999900,99990,140,0.1,3,3,999.0,999,9,'999999999,0,0.0000,0,88,999.000,0.0,1.0
2056/11/19,22:00,?9?9?9?9E0?9?9?9?9*9?9*9?9?9?9?9?9?9*9*_?9*9*9?9?9,27.2,25.8,92,100849,9999,9999,408,0,0,0,999900,999900,999900,99990,140,0.0,2,2,999.0,999,9,'999999999,0,0.0000,0,88,999.000,0.0,1.0
2056/11/19,23:00,?9?9?9?9E0?9?9?9?9*9?9*9?9?9?9?9?9?9*9*_?9*9*9?9?9,26.7,25.9,95,100849,9999,9999,405,0,0,0,999900,999900,999900,99990,140,0.0,2,2,999.0,999,9,'999999999,0,0.0000,0,88,999.000,0.0,1.0
2056/11/19,24:00,?9?9?9?9E0?9?9?9?9*9?9*9?9?9?9?9?9?9*9*_?9*9*9?9?9,26.7,26.4,98,100849,9999,9999,401,0,0,0,999900,999900,999900,99990,140,0.0,1,1,999.0,999,9,'999999999,0,0.0000,0,88,999.000,0.0,1.0
2056/11/20,01:00,?9?9?9?9E0?9?9?9?9*9?9*9?9?9?9?9?9?9*9*_?9*9*9?9?9,26.9,26.7,99,100849,9999,9999,402,0,0,0,999900,999900,999900,99990,140,0.0,1,1,999.0,999,9,'999999999,0,0.0000,0,88,999.000,0.0,1.0
2056/11/20,02:00,?9?9?9?9E0?9?9?9?9*9?9*9?9?9?9?9?9?9*9*_?9*9*9?9?9,26.8,26.6,99,100749,9999,9999,401,0,0,0,999900,999900,999900,99990,140,0.0,1,1,999.0,999,9,'999999999,0,0.0000,0,88,999.000,0.0,1.0
2056/11/20,03:00,?9?9?9?9E0?9?9?9?9*9?9*9?9?9?9?9?9?9*9*_?9*9*9?9?9,26.8,26.5,98,100749,9999,9999,401,0,0,0,999900,999900,999900,99990,140,0.0,1,1,999.0,999,9,'999999999,0,0.0000,0,88,999.000,0.0,1.0
2056/11/20,04:00,?9?9?9?9E0?9?9?9?9*9?9*9?9?9?9?9?9?9*9*_?9*9*9?9?9,26.8,26.5,98,100749,9999,9999,401,0,0,0,999900,999900,999900,99990,140,0.0,1,1,999.0,999,9,'999999999,0,0.0000,0,88,999.000,0.0,1.0
2056/11/20,05:00,?9?9?9?9E0?9?9?9?9*9?9*9?9?9?9?9?9?9*9*_?9*9*9?9?9,26.7,26.4,98,100749,9999,9999,406,0,0,0,999900,999900,999900,99990,140,0.0,2,2,999.0,999,9,'999999999,0,0.0000,0,88,999.000,0.0,1.0
2056/11/20,06:00,?9?9?9?9E0?9?9?9?9*9?9*9?9?9?9?9?9?9*9*_?9*9*9?9?9,26.3,26.1,99,100749,9999,9999,404,0,0,0,999900,999900,999900,99990,140,0.0,2,2,999.0,999,9,'999999999,0,0.0000,0,88,999.000,0.0,1.0
2056/11/20,07:00,?9?9?9?9E0?9?9?9?9*9?9*9?9?9?9?9?9?9*9*_?9*9*9?9?9,26.6,26.4,99,100849,9999,9999,410,36,132,28,999900,999900,999900,99990,140,0.0,3,3,999.0,999,9,'999999999,0,0.0000,0,88,999.000,0.0,1.0
2056/11/20,08:00,?9?9?9?9E0?9?9?9?9*9?9*9?9?9?9?9?9?9*9*_?9*9*9?9?9,27.9,27.4,97,100949,9999,9999,418,216,327,120,999900,999900,999900,99990,140,0.0,3,3,999.0,999,9,'999999999,0,0.0000,0,88,999.000,0.0,1.0
2056/11/20,09:00,?9?9?9?9E0?9?9?9?9*9?9*9?9?9?9?9?9?9*9*_?9*9*9?9?9,29.7,25.3,77,101049,9999,9999,425,437,547,164,999900,999900,999900,99990,50,0.1,3,3,999.0,999,9,'999999999,0,0.0000,0,88,999.000,0.0,1.0
2056/11/20,10:00,?9?9?9?9E0?9?9?9?9*9?9*9?9?9?9?9?9?9*9*_?9*9*9?9?9,31.1,24.8,69,101049,9999,9999,436,605,607,202,999900,999900,999900,99990,50,0.3,4,4,999.0,999,9,'999999999,0,0.0000,0,88,999.000,0.0,1.0
2056/11/20,11:00,?9?9?9?9E0?9?9?9?9*9?9*9?9?9?9?9?9?9*9*_?9*9*9?9?9,31.7,23.8,63,100949,9999,9999,438,741,664,222,999900,999900,999900,99990,50,0.6,4,4,999.0,999,9,'999999999,0,0.0000,0,88,999.000,0.0,1.0
2056/11/20,12:00,?9?9?9?9E0?9?9?9?9*9?9*9?9?9?9?9?9?9*9*_?9*9*9?9?9,31.6,24.2,65,100849,9999,9999,438,799,665,242,999900,999900,999900,99990,50,0.2,4,4,999.0,999,9,'999999999,0,0.0000,0,88,999.000,0.0,1.0
2056/11/20,13:00,?9?9?9?9E0?9?9?9?9*9?9*9?9?9?9?9?9?9*9*_?9*9*9?9?9,31.6,25.2,69,100749,9999,9999,443,745,569,271,999900,999900,999900,99990,50,0.2,5,5,999.0,999,9,'999999999,0,0.0000,0,88,999.000,0.0,1.0
2056/11/20,14:00,?9?9?9?9E0?9?9?9?9*9?9*9?9?9?9?9?9?9*9*_?9*9*9?9?9,32.6,25.4,66,100649,9999,9999,449,676,551,254,999900,999900,999900,99990,50,0.4,5,5,999.0,999,9,'999999999,0,0.0000,0,88,999.000,0.0,1.0
2056/11/20,15:00,?9?9?9?9E0?9?9?9?9*9?9*9?9?9?9?9?9?9*9*_?9*9*9?9?9,31.8,25.2,68,100649,9999,9999,444,540,495,222,999900,999900,999900,99990,90,0.6,5,5,999.0,999,9,'999999999,0,0.0000,0,88,999.000,0.0,1.0
2056/11/20,16:00,?9?9?9?9E0?9?9?9?9*9?9*9?9?9?9?9?9?9*9*_?9*9*9?9?9,31.2,24.9,69,100649,9999,9999,440,364,406,174,999900,999900,999900,99990,90,0.4,5,5,999.0,999,9,'999999999,0,0.0000,0,88,999.000,0.0,1.0
2056/11/20,17:00,?9?9?9?9E0?9?9?9?9*9?9*9?9?9?9?9?9?9*9*_?9*9*9?9?9,30.6,24.8,71,100649,9999,9999,433,183,311,103,999900,999900,999900,99990,90,0.5,4,4,999.0,999,9,'999999999,0,0.0000,0,88,999.000,0.0,1.0
2056/11/20,18:00,?9?9?9?9E0?9?9?9?9*9?9*9?9?9?9?9?9?9*9*_?9*9*9?9?9,29.6,25.2,77,100749,9999,9999,425,24,0,24,999900,999900,999900,99990,90,0.3,3,3,999.0,999,9,'999999999,0,0.0000,0,88,999.000,0.0,1.0
2056/11/20,19:00,?9?9?9?9E0?9?9?9?9*9?9*9?9?9?9?9?9?9*9*_?9*9*9?9?9,29.0,25.4,81,100849,9999,9999,422,0,0,0,999900,999900,999900,99990,90,0.3,3,3,999.0,999,9,'999999999,0,0.0000,0,88,999.000,0.0,1.0
2056/11/20,20:00,?9?9?9?9E0?9?9?9?9*9?9*9?9?9?9?9?9?9*9*_?9*9*9?9?9,29.0,26.6,87,100949,9999,9999,426,0,0,0,999900,999900,999900,99990,90,0.1,4,4,999.0,999,9,'999999999,0,0.0000,0,88,999.000,0.0,1.0
2056/11/20,21:00,?9?9?9?9E0?9?9?9?9*9?9*9?9?9?9?9?9?9*9*_?9*9*9?9?9,28.7,26.5,88,101049,9999,9999,425,0,0,0,999900,999900,999900,99990,50,0.0,4,4,999.0,999,9,'999999999,0,0.0000,0,88,999.000,0.0,1.0
2056/11/20,22:00,?9?9?9?9E0?9?9?9?9*9?9*9?9?9?9?9?9?9*9*_?9*9*9?9?9,28.2,26.8,92,101049,9999,9999,425,0,0,0,999900,999900,999900,99990,50,0.0,5,5,999.0,999,9,'999999999,0,0.0000,0,88,999.000,0.0,1.0
2056/11/20,23:00,?9?9?9?9E0?9?9?9?9*9?9*9?9?9?9?9?9?9*9*_?9*9*9?9?9,27.8,26.6,93,100949,9999,9999,423,0,0,0,999900,999900,999900,99990,50,0.0,5,5,999.0,999,9,'999999999,0,0.0000,0,88,999.000,0.0,1.0
2056/11/20,24:00,?9?9?9?9E0?9?9?9?9*9?9*9?9?9?9?9?9?9*9*_?9*9*9?9?9,27.2,26.7,97,100949,9999,9999,420,0,0,0,999900,999900,999900,99990,360,0.0,5,5,999.0,999,9,'999999999,0,0.0000,0,88,999.000,0.0,1.0
2056/11/21,01:00,?9?9?9?9E0?9?9?9?9*9?9*9?9?9?9?9?9?9*9*_?9*9*9?9?9,27.2,26.9,98,100849,9999,9999,420,0,0,0,999900,999900,999900,99990,360,0.0,5,5,999.0,999,9,'999999999,0,0.0000,0,88,999.000,0.0,1.0
2056/11/21,02:00,?9?9?9?9E0?9?9?9?9*9?9*9?9?9?9?9?9?9*9*_?9*9*9?9?9,26.8,26.5,98,100849,9999,9999,417,0,0,0,999900,999900,999900,99990,360,0.0,5,5,999.0,999,9,'999999999,0,0.0000,0,88,999.000,0.0,1.0
2056/11/21,03:00,?9?9?9?9E0?9?9?9?9*9?9*9?9?9?9?9?9?9*9*_?9*9*9?9?9,26.7,26.4,98,100849,9999,9999,416,0,0,0,999900,999900,999900,99990,360,0.0,5,5,999.0,999,9,'999999999,0,0.0000,0,88,999.000,0.0,1.0
2056/11/21,04:00,?9?9?9?9E0?9?9?9?9*9?9*9?9?9?9?9?9?9*9*_?9*9*9?9?9,26.7,26.4,98,100849,9999,9999,420,0,0,0,999900,999900,999900,99990,360,0.0,6,6,999.0,999,9,'999999999,0,0.0000,0,88,999.000,0.0,1.0
2056/11/21,05:00,?9?9?9?9E0?9?9?9?9*9?9*9?9?9?9?9?9?9*9*_?9*9*9?9?9,26.7,26.4,98,100849,9999,9999,420,0,0,0,999900,999900,999900,99990,360,0.0,6,6,999.0,999,9,'999999999,0,0.0000,0,88,999.000,0.0,1.0
2056/11/21,06:00,?9?9?9?9E0?9?9?9?9*9?9*9?9?9?9?9?9?9*9*_?9*9*9?9?9,26.8,26.5,98,100949,9999,9999,421,0,0,0,999900,999900,999900,99990,360,0.0,6,6,999.0,999,9,'999999999,0,0.0000,0,88,999.000,0.0,1.0
2056/11/21,07:00,?9?9?9?9E0?9?9?9?9*9?9*9?9?9?9?9?9?9*9*_?9*9*9?9?9,27.2,26.9,98,101049,9999,9999,428,21,29,19,999900,999900,999900,99990,360,0.0,7,7,999.0,999,9,'999999999,0,0.0000,0,88,999.000,0.0,1.0
2056/11/21,08:00,?9?9?9?9E0?9?9?9?9*9?9*9?9?9?9?9?9?9*9*_?9*9*9?9?9,27.8,27.1,96,101049,9999,9999,432,158,109,126,999900,999900,999900,99990,360,0.0,7,7,999.0,999,9,'999999999,0,0.0000,0,88,999.000,0.0,1.0
2056/11/21,09:00,?9?9?9?9E0?9?9?9?9*9?9*9?9?9?9?9?9?9*9*_?9*9*9?9?9,28.7,27.5,93,101149,9999,9999,438,313,186,221,999900,999900,999900,99990,320,0.1,7,7,999.0,999,9,'999999999,0,0.0000,0,88,999.000,0.0,1.0
2056/11/21,10:00,?9?9?9?9E0?9?9?9?9*9?9*9?9?9?9?9?9?9*9*_?9*9*9?9?9,31.1,26.6,77,101149,9999,9999,451,475,283,288,999900,999900,999900,99990,320,0.1,7,7,999.0,999,9,'999999999,0,0.0000,0,88,999.000,0.0,1.0
2056/11/21,11:00,?9?9?9?9E0?9?9?9?9*9?9*9?9?9?9?9?9?9*9*_?9*9*9?9?9,31.9,25.3,68,101049,9999,9999,448,646,441,303,999900,999900,999900,99990,320,0.5,6,6,999.0,999,9,'999999999,0,0.0000,0,88,999.000,0.0,1.0
2056/11/21,12:00,?9?9?9?9E0?9?9?9?9*9?9*9?9?9?9?9?9?9*9*_?9*9*9?9?9,32.8,26.1,68,101049,9999,9999,451,741,545,285,999900,999900,999900,99990,110,0.5,5,5,999.0,999,9,'999999999,0,0.0000,0,88,999.000,0.0,1.0
2056/11/21,13:00,?9?9?9?9E0?9?9?9?9*9?9*9?9?9?9?9?9?9*9*_?9*9*9?9?9,33.0,22.2,53,100949,9999,9999,443,822,725,220,999900,999900,999900,99990,110,0.6,4,4,999.0,999,9,'999999999,0,0.0000,0,88,999.000,0.0,1.0
2056/11/21,14:00,?9?9?9?9E0?9?9?9?9*9?9*9?9?9?9?9?9?9*9*_?9*9*9?9?9,32.7,22.5,55,100849,9999,9999,439,763,758,184,999900,999900,999900,99990,110,0.5,3,3,999.0,999,9,'999999999,0,0.0000,0,88,999.000,0.0,1.0
2056/11/21,15:00,?9?9?9?9E0?9?9?9?9*9?9*9?9?9?9?9?9?9*9*_?9*9*9?9?9,32.4,22.5,56,100749,9999,9999,427,634,752,153,999900,999900,999900,99990,50,1.0,1,1,999.0,999,9,'999999999,0,0.0000,0,88,999.000,0.0,1.0
2056/11/21,16:00,?9?9?9?9E0?9?9?9?9*9?9*9?9?9?9?9?9?9*9*_?9*9*9?9?9,31.9,24.8,66,100749,9999,9999,427,418,600,137,999900,999900,999900,99990,50,1.3,1,1,999.0,999,9,'999999999,0,0.0000,0,88,999.000,0.0,1.0
2056/11/21,17:00,?9?9?9?9E0?9?9?9?9*9?9*9?9?9?9?9?9?9*9*_?9*9*9?9?9,29.7,25.0,76,100749,9999,9999,421,194,377,97,999900,999900,999900,99990,50,1.4,2,2,999.0,999,9,'999999999,0,0.0000,0,88,999.000,0.0,1.0
2056/11/21,18:00,?9?9?9?9E0?9?9?9?9*9?9*9?9?9?9?9?9?9*9*_?9*9*9?9?9,29.4,26.2,83,100849,9999,9999,421,25,0,25,999900,999900,999900,99990,360,0.5,2,2,999.0,999,9,'999999999,0,0.0000,0,88,999.000,0.0,1.0
2056/11/21,19:00,?9?9?9?9E0?9?9?9?9*9?9*9?9?9?9?9?9?9*9*_?9*9*9?9?9,29.3,26.9,87,100949,9999,9999,421,0,0,0,999900,999900,999900,99990,360,1.3,2,2,999.0,999,9,'999999999,0,0.0000,0,88,999.000,0.0,1.0
2056/11/21,20:00,?9?9?9?9E0?9?9?9?9*9?9*9?9?9?9?9?9?9*9*_?9*9*9?9?9,29.0,27.0,89,100949,9999,9999,419,0,0,0,999900,999900,999900,99990,360,0.7,2,2,999.0,999,9,'999999999,0,0.0000,0,88,999.000,0.0,1.0
2056/11/21,21:00,?9?9?9?9E0?9?9?9?9*9?9*9?9?9?9?9?9?9*9*_?9*9*9?9?9,28.8,26.6,88,101049,9999,9999,412,0,0,0,999900,999900,999900,99990,360,0.3,1,1,999.0,999,9,'999999999,0,0.0000,0,88,999.000,0.0,1.0
2056/11/21,22:00,?9?9?9?9E0?9?9?9?9*9?9*9?9?9?9?9?9?9*9*_?9*9*9?9?9,28.7,26.7,89,101049,9999,9999,412,0,0,0,999900,999900,999900,99990,360,0.0,1,1,999.0,999,9,'999999999,0,0.0000,0,88,999.000,0.0,1.0
2056/11/21,23:00,?9?9?9?9E0?9?9?9?9*9?9*9?9?9?9?9?9?9*9*_?9*9*9?9?9,28.7,26.7,89,101049,9999,9999,417,0,0,0,999900,999900,999900,99990,360,0.4,2,2,999.0,999,9,'999999999,0,0.0000,0,88,999.000,0.0,1.0
2056/11/21,24:00,?9?9?9?9E0?9?9?9?9*9?9*9?9?9?9?9?9?9*9*_?9*9*9?9?9,28.6,26.4,88,101049,9999,9999,416,0,0,0,999900,999900,999900,99990,50,0.2,2,2,999.0,999,9,'999999999,0,0.0000,0,88,999.000,0.0,1.0
2056/11/22,01:00,?9?9?9?9E0?9?9?9?9*9?9*9?9?9?9?9?9?9*9*_?9*9*9?9?9,28.6,26.6,89,100949,9999,9999,421,0,0,0,999900,999900,999900,99990,50,0.0,3,3,999.0,999,9,'999999999,0,0.0000,0,88,999.000,0.0,1.0
2056/11/22,02:00,?9?9?9?9E0?9?9?9?9*9?9*9?9?9?9?9?9?9*9*_?9*9*9?9?9,28.2,26.4,90,100949,9999,9999,418,0,0,0,999900,999900,999900,99990,50,0.0,3,3,999.0,999,9,'999999999,0,0.0000,0,88,999.000,0.0,1.0
2056/11/22,03:00,?9?9?9?9E0?9?9?9?9*9?9*9?9?9?9?9?9?9*9*_?9*9*9?9?9,27.8,27.1,96,100849,9999,9999,417,0,0,0,999900,999900,999900,99990,50,0.0,3,3,999.0,999,9,'999999999,0,0.0000,0,88,999.000,0.0,1.0
2056/11/22,04:00,?9?9?9?9E0?9?9?9?9*9?9*9?9?9?9?9?9?9*9*_?9*9*9?9?9,27.5,26.8,96,100849,9999,9999,415,0,0,0,999900,999900,999900,99990,50,0.0,3,3,999.0,999,9,'999999999,0,0.0000,0,88,999.000,0.0,1.0
2056/11/22,05:00,?9?9?9?9E0?9?9?9?9*9?9*9?9?9?9?9?9?9*9*_?9*9*9?9?9,27.0,26.3,96,100949,9999,9999,415,0,0,0,999900,999900,999900,99990,50,0.0,4,4,999.0,999,9,'999999999,0,0.0000,0,88,999.000,0.0,1.0
2056/11/22,06:00,?9?9?9?9E0?9?9?9?9*9?9*9?9?9?9?9?9?9*9*_?9*9*9?9?9,27.0,26.1,95,100949,9999,9999,415,0,0,0,999900,999900,999900,99990,50,0.0,4,4,999.0,999,9,'999999999,0,0.0000,0,88,999.000,0.0,1.0
2056/11/22,07:00,?9?9?9?9E0?9?9?9?9*9?9*9?9?9?9?9?9?9*9*_?9*9*9?9?9,27.4,26.5,95,101049,9999,9999,420,30,67,26,999900,999900,999900,99990,50,0.4,5,5,999.0,999,9,'999999999,0,0.0000,0,88,999.000,0.0,1.0
2056/11/22,08:00,?9?9?9?9E0?9?9?9?9*9?9*9?9?9?9?9?9?9*9*_?9*9*9?9?9,29.0,26.8,88,101049,9999,9999,434,183,158,137,999900,999900,999900,99990,50,0.4,6,6,999.0,999,9,'999999999,0,0.0000,0,88,999.000,0.0,1.0
2056/11/22,09:00,?9?9?9?9E0?9?9?9?9*9?9*9?9?9?9?9?9?9*9*_?9*9*9?9?9,30.2,26.2,79,101149,9999,9999,445,334,200,235,999900,999900,999900,99990,340,0.9,7,7,999.0,999,9,'999999999,0,0.0000,0,88,999.000,0.0,1.0
2056/11/22,10:00,?9?9?9?9E0?9?9?9?9*9?9*9?9?9?9?9?9?9*9*_?9*9*9?9?9,31.1,24.8,69,101149,9999,9999,455,445,193,318,999900,999900,999900,99990,340,0.9,8,8,999.0,999,9,'999999999,0,0.0000,0,88,999.000,0.0,1.0
2056/11/22,11:00,?9?9?9?9E0?9?9?9?9*9?9*9?9?9?9?9?9?9*9*_?9*9*9?9?9,31.5,25.4,70,101049,9999,9999,459,534,201,378,999900,999900,999900,99990,340,0.5,8,8,999.0,999,9,'999999999,0,0.0000,0,88,999.000,0.0,1.0
2056/11/22,12:00,?9?9?9?9E0?9?9?9?9*9?9*9?9?9?9?9?9?9*9*_?9*9*9?9?9,32.4,24.2,62,100949,9999,9999,462,601,230,409,999900,999900,999900,99990,20,0.6,8,8,999.0,999,9,'999999999,0,0.0000,0,88,999.000,0.0,1.0
2056/11/22,13:00,?9?9?9?9E0?9?9?9?9*9?9*9?9?9?9?9?9?9*9*_?9*9*9?9?9,32.2,24.3,63,100849,9999,9999,461,593,226,406,999900,999900,999900,99990,20,0.7,8,8,999.0,999,9,'999999999,0,0.0000,0,88,999.000,0.0,1.0
2056/11/22,14:00,?9?9?9?9E0?9?9?9?9*9?9*9?9?9?9?9?9?9*9*_?9*9*9?9?9,31.8,25.7,70,100749,9999,9999,461,515,192,369,999900,999900,999900,99990,20,1.0,8,8,999.0,999,9,'999999999,0,0.0000,0,88,999.000,0.0,1.0
2056/11/22,15:00,?9?9?9?9E0?9?9?9?9*9?9*9?9?9?9?9?9?9*9*_?9*9*9?9?9,31.6,24.7,67,100749,9999,9999,458,417,174,306,999900,999900,999900,99990,50,1.0,8,8,999.0,999,9,'999999999,0,0.0000,0,88,999.000,0.0,1.0
2056/11/22,16:00,?9?9?9?9E0?9?9?9?9*9?9*9?9?9?9?9?9?9*9*_?9*9*9?9?9,31.4,25.0,69,100649,9999,9999,458,271,121,215,999900,999900,999900,99990,50,0.7,8,8,999.0,999,9,'999999999,0,0.0000,0,88,999.000,0.0,1.0
2056/11/22,17:00,?9?9?9?9E0?9?9?9?9*9?9*9?9?9?9?9?9?9*9*_?9*9*9?9?9,30.7,25.3,73,100749,9999,9999,454,117,56,103,999900,999900,999900,99990,50,0.2,8,8,999.0,999,9,'999999999,0,0.0000,0,88,999.000,0.0,1.0
2056/11/22,18:00,?9?9?9?9E0?9?9?9?9*9?9*9?9?9?9?9?9?9*9*_?9*9*9?9?9,29.7,26.1,81,100749,9999,9999,449,12,0,12,999900,999900,999900,99990,50,0.4,8,8,999.0,999,9,'999999999,0,0.0000,0,88,999.000,0.0,1.0
2056/11/22,19:00,?9?9?9?9E0?9?9?9?9*9?9*9?9?9?9?9?9?9*9*_?9*9*9?9?9,29.2,25.8,82,100849,9999,9999,439,0,0,0,999900,999900,999900,99990,50,0.4,7,7,999.0,999,9,'999999999,0,0.0000,0,88,999.000,0.0,1.0
2056/11/22,20:00,?9?9?9?9E0?9?9?9?9*9?9*9?9?9?9?9?9?9*9*_?9*9*9?9?9,29.1,26.1,84,100949,9999,9999,438,0,0,0,999900,999900,999900,99990,50,0.3,7,7,999.0,999,9,'999999999,0,0.0000,0,88,999.000,0.0,1.0
2056/11/22,21:00,?9?9?9?9E0?9?9?9?9*9?9*9?9?9?9?9?9?9*9*_?9*9*9?9?9,28.9,26.3,86,101049,9999,9999,438,0,0,0,999900,999900,999900,99990,50,0.2,7,7,999.0,999,9,'999999999,0,0.0000,0,88,999.000,0.0,1.0
2056/11/22,22:00,?9?9?9?9E0?9?9?9?9*9?9*9?9?9?9?9?9?9*9*_?9*9*9?9?9,28.8,26.4,87,101049,9999,9999,432,0,0,0,999900,999900,999900,99990,50,0.0,6,6,999.0,999,9,'999999999,0,0.0000,0,88,999.000,0.0,1.0
2056/11/22,23:00,?9?9?9?9E0?9?9?9?9*9?9*9?9?9?9?9?9?9*9*_?9*9*9?9?9,28.5,26.7,90,101049,9999,9999,431,0,0,0,999900,999900,999900,99990,50,0.0,6,6,999.0,999,9,'999999999,0,0.0000,0,88,999.000,0.0,1.0
2056/11/22,24:00,?9?9?9?9E0?9?9?9?9*9?9*9?9?9?9?9?9?9*9*_?9*9*9?9?9,28.3,27.3,94,100949,9999,9999,430,0,0,0,999900,999900,999900,99990,50,0.0,6,6,999.0,999,9,'999999999,0,0.0000,0,88,999.000,0.0,1.0
2056/11/23,01:00,?9?9?9?9E0?9?9?9?9*9?9*9?9?9?9?9?9?9*9*_?9*9*9?9?9,28.1,27.1,94,100849,9999,9999,425,0,0,0,999900,999900,999900,99990,50,0.3,5,5,999.0,999,9,'999999999,0,0.0000,0,88,999.000,0.0,1.0
2056/11/23,02:00,?9?9?9?9E0?9?9?9?9*9?9*9?9?9?9?9?9?9*9*_?9*9*9?9?9,27.8,26.4,92,100849,9999,9999,423,0,0,0,999900,999900,999900,99990,50,0.1,5,5,999.0,999,9,'999999999,0,0.0000,0,88,999.000,0.0,1.0
2056/11/23,03:00,?9?9?9?9E0?9?9?9?9*9?9*9?9?9?9?9?9?9*9*_?9*9*9?9?9,27.7,26.5,93,100749,9999,9999,422,0,0,0,999900,999900,999900,99990,50,0.2,5,5,999.0,999,9,'999999999,0,0.0000,0,88,999.000,0.0,1.0
2056/11/23,04:00,?9?9?9?9E0?9?9?9?9*9?9*9?9?9?9?9?9?9*9*_?9*9*9?9?9,27.6,26.7,95,100749,9999,9999,422,0,0,0,999900,999900,999900,99990,50,0.1,5,5,999.0,999,9,'999999999,0,0.0000,0,88,999.000,0.0,1.0
2056/11/23,05:00,?9?9?9?9E0?9?9?9?9*9?9*9?9?9?9?9?9?9*9*_?9*9*9?9?9,27.7,26.7,94,100849,9999,9999,422,0,0,0,999900,999900,999900,99990,50,0.1,5,5,999.0,999,9,'999999999,0,0.0000,0,88,999.000,0.0,1.0
2056/11/23,06:00,?9?9?9?9E0?9?9?9?9*9?9*9?9?9?9?9?9?9*9*_?9*9*9?9?9,27.3,25.9,92,100849,9999,9999,419,0,0,0,999900,999900,999900,99990,20,0.7,5,5,999.0,999,9,'999999999,0,0.0000,0,88,999.000,1.2,1.0
2056/11/23,07:00,?9?9?9?9E0?9?9?9?9*9?9*9?9?9?9?9?9?9*9*_?9*9*9?9?9,26.5,25.8,96,100949,9999,9999,415,28,46,25,999900,999900,999900,99990,20,0.0,5,5,999.0,999,9,'999999999,0,0.0000,0,88,999.000,2.3,1.0
2056/11/23,08:00,?9?9?9?9E0?9?9?9?9*9?9*9?9?9?9?9?9?9*9*_?9*9*9?9?9,28.2,27.5,96,100949,9999,9999,435,157,79,134,999900,999900,999900,99990,20,0.6,7,7,999.0,999,9,'999999999,0,0.0000,0,88,999.000,0.0,1.0
2056/11/23,09:00,?9?9?9?9E0?9?9?9?9*9?9*9?9?9?9?9?9?9*9*_?9*9*9?9?9,28.9,27.3,91,101049,9999,9999,446,277,85,235,999900,999900,999900,99990,360,0.8,8,8,999.0,999,9,'999999999,0,0.0000,0,88,999.000,0.0,1.0
2056/11/23,10:00,?9?9?9?9E0?9?9?9?9*9?9*9?9?9?9?9?9?9*9*_?9*9*9?9?9,29.7,27.3,87,101049,9999,9999,460,342,63,300,999900,999900,999900,99990,360,1.0,9,9,999.0,999,9,'999999999,0,0.0000,0,88,999.000,0.0,1.0
2056/11/23,11:00,?9?9?9?9E0?9?9?9?9*9?9*9?9?9?9?9?9?9*9*_?9*9*9?9?9,30.0,26.0,79,100949,9999,9999,460,444,82,380,999900,999900,999900,99990,360,1.6,9,9,999.0,999,9,'999999999,0,0.0000,0,88,999.000,0.0,1.0
2056/11/23,12:00,?9?9?9?9E0?9?9?9?9*9?9*9?9?9?9?9?9?9*9*_?9*9*9?9?9,30.9,26.4,77,100949,9999,9999,466,482,82,414,999900,999900,999900,99990,50,1.6,9,9,999.0,999,9,'999999999,0,0.0000,0,88,999.000,0.0,1.0
2056/11/23,13:00,?9?9?9?9E0?9?9?9?9*9?9*9?9?9?9?9?9?9*9*_?9*9*9?9?9,29.0,24.4,76,100749,9999,9999,465,402,46,364,999900,999900,999900,99990,50,1.0,10,10,999.0,999,9,'999999999,0,0.0000,0,88,999.000,1.2,1.0
2056/11/23,14:00,?9?9?9?9E0?9?9?9?9*9?9*9?9?9?9?9?9?9*9*_?9*9*9?9?9,29.6,24.5,74,100649,9999,9999,469,358,42,326,999900,999900,999900,99990,50,1.0,10,10,999.0,999,9,'999999999,0,0.0000,0,88,999.000,0.0,1.0
2056/11/23,15:00,?9?9?9?9E0?9?9?9?9*9?9*9?9?9?9?9?9?9*9*_?9*9*9?9?9,30.5,25.1,73,100649,9999,9999,475,282,36,259,999900,999900,999900,99990,20,2.3,10,10,999.0,999,9,'999999999,0,0.0000,0,88,999.000,0.0,1.0
2056/11/23,16:00,?9?9?9?9E0?9?9?9?9*9?9*9?9?9?9?9?9?9*9*_?9*9*9?9?9,30.2,25.5,76,100649,9999,9999,474,168,20,159,999900,999900,999900,99990,20,2.7,10,10,999.0,999,9,'999999999,0,0.0000,0,88,999.000,0.0,1.0
2056/11/23,17:00,?9?9?9?9E0?9?9?9?9*9?9*9?9?9?9?9?9?9*9*_?9*9*9?9?9,26.6,25.2,92,100649,9999,9999,451,54,6,52,999900,999900,999900,99990,20,1.0,10,10,999.0,999,9,'999999999,0,0.0000,0,88,999.000,1.7,1.0
2056/11/23,18:00,?9?9?9?9E0?9?9?9?9*9?9*9?9?9?9?9?9?9*9*_?9*9*9?9?9,25.6,24.6,94,100749,9999,9999,444,3,0,3,999900,999900,999900,99990,50,0.0,10,10,999.0,999,9,'999999999,0,0.0000,0,88,999.000,0.6,1.0
2056/11/23,19:00,?9?9?9?9E0?9?9?9?9*9?9*9?9?9?9?9?9?9*9*_?9*9*9?9?9,25.9,24.9,94,100749,9999,9999,447,0,0,0,999900,999900,999900,99990,50,0.6,10,10,999.0,999,9,'999999999,0,0.0000,0,88,999.000,0.1,1.0
2056/11/23,20:00,?9?9?9?9E0?9?9?9?9*9?9*9?9?9?9?9?9?9*9*_?9*9*9?9?9,25.6,24.6,94,100849,9999,9999,444,0,0,0,999900,999900,999900,99990,50,0.8,10,10,999.0,999,9,'999999999,0,0.0000,0,88,999.000,4.3,1.0
2056/11/23,21:00,?9?9?9?9E0?9?9?9?9*9?9*9?9?9?9?9?9?9*9*_?9*9*9?9?9,25.7,24.7,94,100849,9999,9999,445,0,0,0,999900,999900,999900,99990,340,0.8,10,10,999.0,999,9,'999999999,0,0.0000,0,88,999.000,0.8,1.0
2056/11/23,22:00,?9?9?9?9E0?9?9?9?9*9?9*9?9?9?9?9?9?9*9*_?9*9*9?9?9,25.7,24.7,94,100849,9999,9999,433,0,0,0,999900,999900,999900,99990,340,1.0,9,9,999.0,999,9,'999999999,0,0.0000,0,88,999.000,0.2,1.0
2056/11/23,23:00,?9?9?9?9E0?9?9?9?9*9?9*9?9?9?9?9?9?9*9*_?9*9*9?9?9,25.8,24.8,94,100849,9999,9999,434,0,0,0,999900,999900,999900,99990,340,1.1,9,9,999.0,999,9,'999999999,0,0.0000,0,88,999.000,0.0,1.0
2056/11/23,24:00,?9?9?9?9E0?9?9?9?9*9?9*9?9?9?9?9?9?9*9*_?9*9*9?9?9,25.8,24.8,94,100749,9999,9999,425,0,0,0,999900,999900,999900,99990,340,1.4,8,8,999.0,999,9,'999999999,0,0.0000,0,88,999.000,0.0,1.0
2056/11/24,01:00,?9?9?9?9E0?9?9?9?9*9?9*9?9?9?9?9?9?9*9*_?9*9*9?9?9,25.6,24.6,94,100649,9999,9999,417,0,0,0,999900,999900,999900,99990,340,1.0,7,7,999.0,999,9,'999999999,0,0.0000,0,88,999.000,0.0,1.0
2056/11/24,02:00,?9?9?9?9E0?9?9?9?9*9?9*9?9?9?9?9?9?9*9*_?9*9*9?9?9,25.6,24.4,93,100649,9999,9999,411,0,0,0,999900,999900,999900,99990,340,1.3,6,6,999.0,999,9,'999999999,0,0.0000,0,88,999.000,0.0,1.0
2056/11/24,03:00,?9?9?9?9E0?9?9?9?9*9?9*9?9?9?9?9?9?9*9*_?9*9*9?9?9,26.0,24.8,93,100549,9999,9999,411,0,0,0,999900,999900,999900,99990,320,0.7,5,5,999.0,999,9,'999999999,0,0.0000,0,88,999.000,0.0,1.0
2056/11/24,04:00,?9?9?9?9E0?9?9?9?9*9?9*9?9?9?9?9?9?9*9*_?9*9*9?9?9,26.1,24.9,93,100549,9999,9999,411,0,0,0,999900,999900,999900,99990,320,1.5,5,5,999.0,999,9,'999999999,0,0.0000,0,88,999.000,0.0,1.0
2056/11/24,05:00,?9?9?9?9E0?9?9?9?9*9?9*9?9?9?9?9?9?9*9*_?9*9*9?9?9,26.1,24.9,93,100549,9999,9999,415,0,0,0,999900,999900,999900,99990,320,0.9,6,6,999.0,999,9,'999999999,0,0.0000,0,88,999.000,0.0,1.0
2056/11/24,06:00,?9?9?9?9E0?9?9?9?9*9?9*9?9?9?9?9?9?9*9*_?9*9*9?9?9,26.0,24.4,91,100649,9999,9999,419,0,0,0,999900,999900,999900,99990,340,1.1,7,7,999.0,999,9,'999999999,0,0.0000,0,88,999.000,0.0,1.0
2056/11/24,07:00,?9?9?9?9E0?9?9?9?9*9?9*9?9?9?9?9?9?9*9*_?9*9*9?9?9,26.1,24.3,90,100749,9999,9999,426,15,13,14,999900,999900,999900,99990,340,1.0,8,8,999.0,999,9,'999999999,0,0.0000,0,88,999.000,0.0,1.0
2056/11/24,08:00,?9?9?9?9E0?9?9?9?9*9?9*9?9?9?9?9?9?9*9*_?9*9*9?9?9,26.7,24.0,85,100849,9999,9999,429,145,71,125,999900,999900,999900,99990,340,1.4,8,8,999.0,999,9,'999999999,0,0.0000,0,88,999.000,0.0,1.0
2056/11/24,09:00,?9?9?9?9E0?9?9?9?9*9?9*9?9?9?9?9?9?9*9*_?9*9*9?9?9,28.6,24.2,77,100849,9999,9999,440,301,140,233,999900,999900,999900,99990,320,2.0,8,8,999.0,999,9,'999999999,0,0.0000,0,88,999.000,0.0,1.0
2056/11/24,10:00,?9?9?9?9E0?9?9?9?9*9?9*9?9?9?9?9?9?9*9*_?9*9*9?9?9,29.2,23.6,72,100849,9999,9999,443,442,188,319,999900,999900,999900,99990,320,2.6,8,8,999.0,999,9,'999999999,0,0.0000,0,88,999.000,0.0,1.0
2056/11/24,11:00,?9?9?9?9E0?9?9?9?9*9?9*9?9?9?9?9?9?9*9*_?9*9*9?9?9,29.8,23.8,70,100849,9999,9999,446,532,200,378,999900,999900,999900,99990,320,1.6,8,8,999.0,999,9,'999999999,0,0.0000,0,88,999.000,0.0,1.0
2056/11/24,12:00,?9?9?9?9E0?9?9?9?9*9?9*9?9?9?9?9?9?9*9*_?9*9*9?9?9,30.6,23.8,67,100749,9999,9999,451,585,212,409,999900,999900,999900,99990,340,1.0,8,8,999.0,999,9,'999999999,0,0.0000,0,88,999.000,0.0,1.0
2056/11/24,13:00,?9?9?9?9E0?9?9?9?9*9?9*9?9?9?9?9?9?9*9*_?9*9*9?9?9,30.7,23.6,66,100749,9999,9999,451,583,215,406,999900,999900,999900,99990,340,1.7,8,8,999.0,999,9,'999999999,0,0.0000,0,88,999.000,0.0,1.0
2056/11/24,14:00,?9?9?9?9E0?9?9?9?9*9?9*9?9?9?9?9?9?9*9*_?9*9*9?9?9,30.7,23.1,64,100649,9999,9999,451,528,209,369,999900,999900,999900,99990,340,1.4,8,8,999.0,999,9,'999999999,0,0.0000,0,88,999.000,0.0,1.0
2056/11/24,15:00,?9?9?9?9E0?9?9?9?9*9?9*9?9?9?9?9?9?9*9*_?9*9*9?9?9,31.1,22.4,60,100649,9999,9999,452,427,191,305,999900,999900,999900,99990,360,1.0,8,8,999.0,999,9,'999999999,0,0.0000,0,88,999.000,0.0,1.0
2056/11/24,16:00,?9?9?9?9E0?9?9?9?9*9?9*9?9?9?9?9?9?9*9*_?9*9*9?9?9,31.3,22.6,60,100549,9999,9999,454,281,138,217,999900,999900,999900,99990,360,0.7,8,8,999.0,999,9,'999999999,0,0.0000,0,88,999.000,0.0,1.0
2056/11/24,17:00,?9?9?9?9E0?9?9?9?9*9?9*9?9?9?9?9?9?9*9*_?9*9*9?9?9,31.0,23.4,64,100549,9999,9999,453,123,65,106,999900,999900,999900,99990,360,0.3,8,8,999.0,999,9,'999999999,0,0.0000,0,88,999.000,0.0,1.0
2056/11/24,18:00,?9?9?9?9E0?9?9?9?9*9?9*9?9?9?9?9?9?9*9*_?9*9*9?9?9,29.5,25.5,79,100549,9999,9999,447,12,0,12,999900,999900,999900,99990,320,0.0,8,8,999.0,999,9,'999999999,0,0.0000,0,88,999.000,0.0,1.0
2056/11/24,19:00,?9?9?9?9E0?9?9?9?9*9?9*9?9?9?9?9?9?9*9*_?9*9*9?9?9,28.3,26.1,88,100549,9999,9999,441,0,0,0,999900,999900,999900,99990,320,0.0,8,8,999.0,999,9,'999999999,0,0.0000,0,88,999.000,0.0,1.0
2056/11/24,20:00,?9?9?9?9E0?9?9?9?9*9?9*9?9?9?9?9?9?9*9*_?9*9*9?9?9,28.0,26.8,93,100649,9999,9999,440,0,0,0,999900,999900,999900,99990,320,0.0,8,8,999.0,999,9,'999999999,0,0.0000,0,88,999.000,0.0,1.0
2056/11/24,21:00,?9?9?9?9E0?9?9?9?9*9?9*9?9?9?9?9?9?9*9*_?9*9*9?9?9,27.6,26.6,94,100649,9999,9999,430,0,0,0,999900,999900,999900,99990,320,0.0,7,7,999.0,999,9,'999999999,0,0.0000,0,88,999.000,0.0,1.0
2056/11/24,22:00,?9?9?9?9E0?9?9?9?9*9?9*9?9?9?9?9?9?9*9*_?9*9*9?9?9,27.3,26.3,94,100749,9999,9999,423,0,0,0,999900,999900,999900,99990,320,0.0,6,6,999.0,999,9,'999999999,0,0.0000,0,88,999.000,0.0,1.0
2056/11/24,23:00,?9?9?9?9E0?9?9?9?9*9?9*9?9?9?9?9?9?9*9*_?9*9*9?9?9,26.8,26.1,96,100749,9999,9999,420,0,0,0,999900,999900,999900,99990,320,0.0,6,6,999.0,999,9,'999999999,0,0.0000,0,88,999.000,0.0,1.0
2056/11/24,24:00,?9?9?9?9E0?9?9?9?9*9?9*9?9?9?9?9?9?9*9*_?9*9*9?9?9,26.5,25.8,96,100649,9999,9999,415,0,0,0,999900,999900,999900,99990,320,0.0,5,5,999.0,999,9,'999999999,0,0.0000,0,88,999.000,0.0,1.0
2056/11/25,01:00,?9?9?9?9E0?9?9?9?9*9?9*9?9?9?9?9?9?9*9*_?9*9*9?9?9,26.2,25.9,98,100649,9999,9999,413,0,0,0,999900,999900,999900,99990,320,0.0,5,5,999.0,999,9,'999999999,0,0.0000,0,88,999.000,0.0,1.0
2056/11/25,02:00,?9?9?9?9E0?9?9?9?9*9?9*9?9?9?9?9?9?9*9*_?9*9*9?9?9,26.0,25.5,97,100649,9999,9999,411,0,0,0,999900,999900,999900,99990,320,0.0,5,5,999.0,999,9,'999999999,0,0.0000,0,88,999.000,0.0,1.0
2056/11/25,03:00,?9?9?9?9E0?9?9?9?9*9?9*9?9?9?9?9?9?9*9*_?9*9*9?9?9,25.8,25.1,96,100649,9999,9999,410,0,0,0,999900,999900,999900,99990,320,0.0,5,5,999.0,999,9,'999999999,0,0.0000,0,88,999.000,0.0,1.0
2056/11/25,04:00,?9?9?9?9E0?9?9?9?9*9?9*9?9?9?9?9?9?9*9*_?9*9*9?9?9,25.8,25.3,97,100649,9999,9999,410,0,0,0,999900,999900,999900,99990,320,0.0,5,5,999.0,999,9,'999999999,0,0.0000,0,88,999.000,0.0,1.0
2056/11/25,05:00,?9?9?9?9E0?9?9?9?9*9?9*9?9?9?9?9?9?9*9*_?9*9*9?9?9,26.0,25.3,96,100649,9999,9999,415,0,0,0,999900,999900,999900,99990,320,0.2,6,6,999.0,999,9,'999999999,0,0.0000,0,88,999.000,0.0,1.0
2056/11/25,06:00,?9?9?9?9E0?9?9?9?9*9?9*9?9?9?9?9?9?9*9*_?9*9*9?9?9,25.9,25.2,96,100749,9999,9999,419,0,0,0,999900,999900,999900,99990,320,0.0,7,7,999.0,999,9,'999999999,0,0.0000,0,88,999.000,0.0,1.0
2056/11/25,07:00,?9?9?9?9E0?9?9?9?9*9?9*9?9?9?9?9?9?9*9*_?9*9*9?9?9,26.3,25.6,96,100849,9999,9999,428,12,8,12,999900,999900,999900,99990,320,0.0,8,8,999.0,999,9,'999999999,0,0.0000,0,88,999.000,0.0,1.0
2056/11/25,08:00,?9?9?9?9E0?9?9?9?9*9?9*9?9?9?9?9?9?9*9*_?9*9*9?9?9,27.7,27.0,96,100949,9999,9999,438,128,46,115,999900,999900,999900,99990,320,0.1,8,8,999.0,999,9,'999999999,0,0.0000,0,88,999.000,0.0,1.0
2056/11/25,09:00,?9?9?9?9E0?9?9?9?9*9?9*9?9?9?9?9?9?9*9*_?9*9*9?9?9,29.3,25.9,82,100949,9999,9999,446,283,108,231,999900,999900,999900,99990,250,0.1,8,8,999.0,999,9,'999999999,0,0.0000,0,88,999.000,0.0,1.0
2056/11/25,10:00,?9?9?9?9E0?9?9?9?9*9?9*9?9?9?9?9?9?9*9*_?9*9*9?9?9,29.4,26.0,82,100949,9999,9999,447,410,141,318,999900,999900,999900,99990,250,0.4,8,8,999.0,999,9,'999999999,0,0.0000,0,88,999.000,0.0,1.0
2056/11/25,11:00,?9?9?9?9E0?9?9?9?9*9?9*9?9?9?9?9?9?9*9*_?9*9*9?9?9,30.8,24.9,71,100949,9999,9999,454,523,180,384,999900,999900,999900,99990,250,0.3,8,8,999.0,999,9,'999999999,0,0.0000,0,88,999.000,0.0,1.0
2056/11/25,12:00,?9?9?9?9E0?9?9?9?9*9?9*9?9?9?9?9?9?9*9*_?9*9*9?9?9,31.8,24.9,67,100849,9999,9999,460,579,198,416,999900,999900,999900,99990,180,0.5,8,8,999.0,999,9,'999999999,0,0.0000,0,88,999.000,0.0,1.0
2056/11/25,13:00,?9?9?9?9E0?9?9?9?9*9?9*9?9?9?9?9?9?9*9*_?9*9*9?9?9,32.1,25.5,68,100749,9999,9999,462,566,185,414,999900,999900,999900,99990,180,1.0,8,8,999.0,999,9,'999999999,0,0.0000,0,88,999.000,0.0,1.0
2056/11/25,14:00,?9?9?9?9E0?9?9?9?9*9?9*9?9?9?9?9?9?9*9*_?9*9*9?9?9,26.9,25.1,90,100749,9999,9999,431,479,142,372,999900,999900,999900,99990,180,1.5,8,8,999.0,999,9,'999999999,0,0.0000,0,88,999.000,0.0,1.0
2056/11/25,15:00,?9?9?9?9E0?9?9?9?9*9?9*9?9?9?9?9?9?9*9*_?9*9*9?9?9,26.6,25.6,94,100649,9999,9999,430,374,114,302,999900,999900,999900,99990,70,1.8,8,8,999.0,999,9,'999999999,0,0.0000,0,88,999.000,0.9,1.0
2056/11/25,16:00,?9?9?9?9E0?9?9?9?9*9?9*9?9?9?9?9?9?9*9*_?9*9*9?9?9,26.8,25.4,92,100649,9999,9999,431,244,81,206,999900,999900,999900,99990,70,0.1,8,8,999.0,999,9,'999999999,0,0.0000,0,88,999.000,0.4,1.0
2056/11/25,17:00,?9?9?9?9E0?9?9?9?9*9?9*9?9?9?9?9?9?9*9*_?9*9*9?9?9,26.7,25.5,93,100649,9999,9999,424,117,54,103,999900,999900,999900,99990,70,0.5,7,7,999.0,999,9,'999999999,0,0.0000,0,88,999.000,0.1,1.0
2056/11/25,18:00,?9?9?9?9E0?9?9?9?9*9?9*9?9?9?9?9?9?9*9*_?9*9*9?9?9,26.8,25.8,94,100649,9999,9999,420,16,0,16,999900,999900,999900,99990,70,0.0,6,6,999.0,999,9,'999999999,0,0.0000,0,88,999.000,0.0,1.0
2056/11/25,19:00,?9?9?9?9E0?9?9?9?9*9?9*9?9?9?9?9?9?9*9*_?9*9*9?9?9,26.6,25.6,94,100649,9999,9999,418,0,0,0,999900,999900,999900,99990,70,0.0,6,6,999.0,999,9,'999999999,0,0.0000,0,88,999.000,0.0,1.0
2056/11/25,20:00,?9?9?9?9E0?9?9?9?9*9?9*9?9?9?9?9?9?9*9*_?9*9*9?9?9,26.6,25.6,94,100749,9999,9999,418,0,0,0,999900,999900,999900,99990,70,0.0,6,6,999.0,999,9,'999999999,0,0.0000,0,88,999.000,0.0,1.0
2056/11/25,21:00,?9?9?9?9E0?9?9?9?9*9?9*9?9?9?9?9?9?9*9*_?9*9*9?9?9,26.6,25.6,94,100749,9999,9999,418,0,0,0,999900,999900,999900,99990,70,0.0,6,6,999.0,999,9,'999999999,0,0.0000,0,88,999.000,0.0,1.0
2056/11/25,22:00,?9?9?9?9E0?9?9?9?9*9?9*9?9?9?9?9?9?9*9*_?9*9*9?9?9,26.6,25.8,95,100849,9999,9999,419,0,0,0,999900,999900,999900,99990,70,0.0,6,6,999.0,999,9,'999999999,0,0.0000,0,88,999.000,0.0,1.0
2056/11/25,23:00,?9?9?9?9E0?9?9?9?9*9?9*9?9?9?9?9?9?9*9*_?9*9*9?9?9,26.6,25.8,95,100849,9999,9999,419,0,0,0,999900,999900,999900,99990,70,0.0,6,6,999.0,999,9,'999999999,0,0.0000,0,88,999.000,0.0,1.0
2056/11/25,24:00,?9?9?9?9E0?9?9?9?9*9?9*9?9?9?9?9?9?9*9*_?9*9*9?9?9,26.5,25.7,95,100849,9999,9999,418,0,0,0,999900,999900,999900,99990,70,0.0,6,6,999.0,999,9,'999999999,0,0.0000,0,88,999.000,0.0,1.0
2056/11/26,01:00,?9?9?9?9E0?9?9?9?9*9?9*9?9?9?9?9?9?9*9*_?9*9*9?9?9,26.4,25.6,95,100849,9999,9999,414,0,0,0,999900,999900,999900,99990,70,0.0,5,5,999.0,999,9,'999999999,0,0.0000,0,88,999.000,0.0,1.0
2056/11/26,02:00,?9?9?9?9E0?9?9?9?9*9?9*9?9?9?9?9?9?9*9*_?9*9*9?9?9,26.2,25.4,95,100749,9999,9999,412,0,0,0,999900,999900,999900,99990,70,0.0,5,5,999.0,999,9,'999999999,0,0.0000,0,88,999.000,0.0,1.0
2056/11/26,03:00,?9?9?9?9E0?9?9?9?9*9?9*9?9?9?9?9?9?9*9*_?9*9*9?9?9,26.1,25.1,94,100749,9999,9999,411,0,0,0,999900,999900,999900,99990,70,0.1,5,5,999.0,999,9,'999999999,0,0.0000,0,88,999.000,0.0,1.0
2056/11/26,04:00,?9?9?9?9E0?9?9?9?9*9?9*9?9?9?9?9?9?9*9*_?9*9*9?9?9,26.0,25.0,94,100749,9999,9999,411,0,0,0,999900,999900,999900,99990,70,0.0,5,5,999.0,999,9,'999999999,0,0.0000,0,88,999.000,0.0,1.0
2056/11/26,05:00,?9?9?9?9E0?9?9?9?9*9?9*9?9?9?9?9?9?9*9*_?9*9*9?9?9,25.9,24.9,94,100849,9999,9999,410,0,0,0,999900,999900,999900,99990,70,0.0,5,5,999.0,999,9,'999999999,0,0.0000,0,88,999.000,0.0,1.0
2056/11/26,06:00,?9?9?9?9E0?9?9?9?9*9?9*9?9?9?9?9?9?9*9*_?9*9*9?9?9,25.9,24.9,94,100949,9999,9999,410,0,0,0,999900,999900,999900,99990,70,0.0,5,5,999.0,999,9,'999999999,0,0.0000,0,88,999.000,0.0,1.0
2056/11/26,07:00,?9?9?9?9E0?9?9?9?9*9?9*9?9?9?9?9?9?9*9*_?9*9*9?9?9,26.0,25.0,94,101049,9999,9999,408,28,93,23,999900,999900,999900,99990,70,0.1,4,4,999.0,999,9,'999999999,0,0.0000,0,88,999.000,0.0,1.0
2056/11/26,08:00,?9?9?9?9E0?9?9?9?9*9?9*9?9?9?9?9?9?9*9*_?9*9*9?9?9,27.1,26.1,94,101149,9999,9999,415,199,266,125,999900,999900,999900,99990,70,0.1,4,4,999.0,999,9,'999999999,0,0.0000,0,88,999.000,0.0,1.0
2056/11/26,09:00,?9?9?9?9E0?9?9?9?9*9?9*9?9?9?9?9?9?9*9*_?9*9*9?9?9,28.3,26.3,89,101249,9999,9999,422,391,411,192,999900,999900,999900,99990,70,0.1,4,4,999.0,999,9,'999999999,0,0.0000,0,88,999.000,0.0,1.0
2056/11/26,10:00,?9?9?9?9E0?9?9?9?9*9?9*9?9?9?9?9?9?9*9*_?9*9*9?9?9,29.2,25.8,82,101249,9999,9999,426,565,497,242,999900,999900,999900,99990,70,0.0,4,4,999.0,999,9,'999999999,0,0.0000,0,88,999.000,0.0,1.0
2056/11/26,11:00,?9?9?9?9E0?9?9?9?9*9?9*9?9?9?9?9?9?9*9*_?9*9*9?9?9,30.5,24.2,69,101249,9999,9999,439,636,428,308,999900,999900,999900,99990,70,0.1,6,6,999.0,999,9,'999999999,0,0.0000,0,88,999.000,0.0,1.0
2056/11/26,12:00,?9?9?9?9E0?9?9?9?9*9?9*9?9?9?9?9?9?9*9*_?9*9*9?9?9,31.7,23.5,62,101149,9999,9999,450,653,360,356,999900,999900,999900,99990,70,0.5,7,7,999.0,999,9,'999999999,0,0.0000,0,88,999.000,0.0,1.0
2056/11/26,13:00,?9?9?9?9E0?9?9?9?9*9?9*9?9?9?9?9?9?9*9*_?9*9*9?9?9,30.5,25.1,73,101049,9999,9999,445,620,310,365,999900,999900,999900,99990,70,0.4,7,7,999.0,999,9,'999999999,0,0.0000,0,88,999.000,0.0,1.0
2056/11/26,14:00,?9?9?9?9E0?9?9?9?9*9?9*9?9?9?9?9?9?9*9*_?9*9*9?9?9,31.1,23.2,63,100949,9999,9999,446,586,345,325,999900,999900,999900,99990,70,0.3,7,7,999.0,999,9,'999999999,0,0.0000,0,88,999.000,0.0,1.0
2056/11/26,15:00,?9?9?9?9E0?9?9?9?9*9?9*9?9?9?9?9?9?9*9*_?9*9*9?9?9,30.7,23.9,67,100949,9999,9999,440,507,395,256,999900,999900,999900,99990,90,0.6,6,6,999.0,999,9,'999999999,0,0.0000,0,88,999.000,0.0,1.0
2056/11/26,16:00,?9?9?9?9E0?9?9?9?9*9?9*9?9?9?9?9?9?9*9*_?9*9*9?9?9,30.2,23.4,67,100949,9999,9999,432,364,381,187,999900,999900,999900,99990,90,0.7,5,5,999.0,999,9,'999999999,0,0.0000,0,88,999.000,0.0,1.0
2056/11/26,17:00,?9?9?9?9E0?9?9?9?9*9?9*9?9?9?9?9?9?9*9*_?9*9*9?9?9,29.7,25.3,77,100949,9999,9999,432,165,209,111,999900,999900,999900,99990,90,0.3,5,5,999.0,999,9,'999999999,0,0.0000,0,88,999.000,0.0,1.0
2056/11/26,18:00,?9?9?9?9E0?9?9?9?9*9?9*9?9?9?9?9?9?9*9*_?9*9*9?9?9,28.8,25.8,84,100949,9999,9999,427,20,0,20,999900,999900,999900,99990,50,0.4,5,5,999.0,999,9,'999999999,0,0.0000,0,88,999.000,0.0,1.0
2056/11/26,19:00,?9?9?9?9E0?9?9?9?9*9?9*9?9?9?9?9?9?9*9*_?9*9*9?9?9,28.3,25.9,87,101049,9999,9999,425,0,0,0,999900,999900,999900,99990,50,0.2,5,5,999.0,999,9,'999999999,0,0.0000,0,88,999.000,0.0,1.0
2056/11/26,20:00,?9?9?9?9E0?9?9?9?9*9?9*9?9?9?9?9?9?9*9*_?9*9*9?9?9,28.2,26.0,88,101149,9999,9999,424,0,0,0,999900,999900,999900,99990,50,0.0,5,5,999.0,999,9,'999999999,0,0.0000,0,88,999.000,0.0,1.0
2056/11/26,21:00,?9?9?9?9E0?9?9?9?9*9?9*9?9?9?9?9?9?9*9*_?9*9*9?9?9,27.6,26.0,91,101149,9999,9999,418,0,0,0,999900,999900,999900,99990,320,0.0,4,4,999.0,999,9,'999999999,0,0.0000,0,88,999.000,0.0,1.0
2056/11/26,22:00,?9?9?9?9E0?9?9?9?9*9?9*9?9?9?9?9?9?9*9*_?9*9*9?9?9,27.3,25.7,91,101149,9999,9999,416,0,0,0,999900,999900,999900,99990,320,0.0,4,4,999.0,999,9,'999999999,0,0.0000,0,88,999.000,0.0,1.0
2056/11/26,23:00,?9?9?9?9E0?9?9?9?9*9?9*9?9?9?9?9?9?9*9*_?9*9*9?9?9,27.0,25.6,92,101149,9999,9999,414,0,0,0,999900,999900,999900,99990,320,0.0,4,4,999.0,999,9,'999999999,0,0.0000,0,88,999.000,0.0,1.0
2056/11/26,24:00,?9?9?9?9E0?9?9?9?9*9?9*9?9?9?9?9?9?9*9*_?9*9*9?9?9,26.5,25.7,95,101149,9999,9999,411,0,0,0,999900,999900,999900,99990,320,0.0,4,4,999.0,999,9,'999999999,0,0.0000,0,88,999.000,0.0,1.0
2056/11/27,01:00,?9?9?9?9E0?9?9?9?9*9?9*9?9?9?9?9?9?9*9*_?9*9*9?9?9,26.3,25.6,96,101049,9999,9999,410,0,0,0,999900,999900,999900,99990,320,0.0,4,4,999.0,999,9,'999999999,0,0.0000,0,88,999.000,0.0,1.0
2056/11/27,02:00,?9?9?9?9E0?9?9?9?9*9?9*9?9?9?9?9?9?9*9*_?9*9*9?9?9,26.3,25.6,96,101049,9999,9999,410,0,0,0,999900,999900,999900,99990,320,0.0,4,4,999.0,999,9,'999999999,0,0.0000,0,88,999.000,0.0,1.0
2056/11/27,03:00,?9?9?9?9E0?9?9?9?9*9?9*9?9?9?9?9?9?9*9*_?9*9*9?9?9,26.3,25.6,96,101049,9999,9999,410,0,0,0,999900,999900,999900,99990,320,0.0,4,4,999.0,999,9,'999999999,0,0.0000,0,88,999.000,0.0,1.0
2056/11/27,04:00,?9?9?9?9E0?9?9?9?9*9?9*9?9?9?9?9?9?9*9*_?9*9*9?9?9,26.3,25.6,96,101049,9999,9999,413,0,0,0,999900,999900,999900,99990,320,0.0,5,5,999.0,999,9,'999999999,0,0.0000,0,88,999.000,0.0,1.0
2056/11/27,05:00,?9?9?9?9E0?9?9?9?9*9?9*9?9?9?9?9?9?9*9*_?9*9*9?9?9,26.3,25.6,96,101149,9999,9999,413,0,0,0,999900,999900,999900,99990,320,0.0,5,5,999.0,999,9,'999999999,0,0.0000,0,88,999.000,0.0,1.0
2056/11/27,06:00,?9?9?9?9E0?9?9?9?9*9?9*9?9?9?9?9?9?9*9*_?9*9*9?9?9,26.3,25.6,96,101149,9999,9999,413,0,0,0,999900,999900,999900,99990,320,0.0,5,5,999.0,999,9,'999999999,0,0.0000,0,88,999.000,0.0,1.0
2056/11/27,07:00,?9?9?9?9E0?9?9?9?9*9?9*9?9?9?9?9?9?9*9*_?9*9*9?9?9,26.4,25.6,95,101249,9999,9999,414,23,0,23,999900,999900,999900,99990,320,0.0,5,5,999.0,999,9,'999999999,0,0.0000,0,88,999.000,0.0,1.0
2056/11/27,08:00,?9?9?9?9E0?9?9?9?9*9?9*9?9?9?9?9?9?9*9*_?9*9*9?9?9,27.6,26.2,92,101349,9999,9999,421,186,218,125,999900,999900,999900,99990,320,0.0,5,5,999.0,999,9,'999999999,0,0.0000,0,88,999.000,0.0,1.0
2056/11/27,09:00,?9?9?9?9E0?9?9?9?9*9?9*9?9?9?9?9?9?9*9*_?9*9*9?9?9,29.1,24.5,76,101349,9999,9999,424,410,477,180,999900,999900,999900,99990,320,0.0,4,4,999.0,999,9,'999999999,0,0.0000,0,88,999.000,0.0,1.0
2056/11/27,10:00,?9?9?9?9E0?9?9?9?9*9?9*9?9?9?9?9?9?9*9*_?9*9*9?9?9,30.2,23.2,66,101349,9999,9999,429,601,597,214,999900,999900,999900,99990,320,0.5,4,4,999.0,999,9,'999999999,0,0.0000,0,88,999.000,0.0,1.0
2056/11/27,11:00,?9?9?9?9E0?9?9?9?9*9?9*9?9?9?9?9?9?9*9*_?9*9*9?9?9,31.1,23.5,64,101349,9999,9999,441,649,462,296,999900,999900,999900,99990,320,0.5,6,6,999.0,999,9,'999999999,0,0.0000,0,88,999.000,0.0,1.0
2056/11/27,12:00,?9?9?9?9E0?9?9?9?9*9?9*9?9?9?9?9?9?9*9*_?9*9*9?9?9,30.1,23.6,68,101249,9999,9999,441,647,355,355,999900,999900,999900,99990,90,0.6,7,7,999.0,999,9,'999999999,0,0.0000,0,88,999.000,0.0,1.0
2056/11/27,13:00,?9?9?9?9E0?9?9?9?9*9?9*9?9?9?9?9?9?9*9*_?9*9*9?9?9,30.6,24.0,68,101149,9999,9999,444,640,342,359,999900,999900,999900,99990,90,0.9,7,7,999.0,999,9,'999999999,0,0.0000,0,88,999.000,0.0,1.0
2056/11/27,14:00,?9?9?9?9E0?9?9?9?9*9?9*9?9?9?9?9?9?9*9*_?9*9*9?9?9,30.0,23.5,68,101049,9999,9999,440,581,331,331,999900,999900,999900,99990,90,0.9,7,7,999.0,999,9,'999999999,0,0.0000,0,88,999.000,0.0,1.0
2056/11/27,15:00,?9?9?9?9E0?9?9?9?9*9?9*9?9?9?9?9?9?9*9*_?9*9*9?9?9,30.1,23.8,69,101049,9999,9999,441,455,279,278,999900,999900,999900,99990,90,0.6,7,7,999.0,999,9,'999999999,0,0.0000,0,88,999.000,0.0,1.0
2056/11/27,16:00,?9?9?9?9E0?9?9?9?9*9?9*9?9?9?9?9?9?9*9*_?9*9*9?9?9,29.6,24.5,74,100949,9999,9999,434,328,268,203,999900,999900,999900,99990,90,0.5,6,6,999.0,999,9,'999999999,0,0.0000,0,88,999.000,0.0,1.0
2056/11/27,17:00,?9?9?9?9E0?9?9?9?9*9?9*9?9?9?9?9?9?9*9*_?9*9*9?9?9,29.1,24.0,74,101049,9999,9999,431,153,159,112,999900,999900,999900,99990,90,0.5,6,6,999.0,999,9,'999999999,0,0.0000,0,88,999.000,0.0,1.0
2056/11/27,18:00,?9?9?9?9E0?9?9?9?9*9?9*9?9?9?9?9?9?9*9*_?9*9*9?9?9,28.7,24.1,76,101049,9999,9999,428,19,0,19,999900,999900,999900,99990,90,0.2,6,6,999.0,999,9,'999999999,0,0.0000,0,88,999.000,0.0,1.0
2056/11/27,19:00,?9?9?9?9E0?9?9?9?9*9?9*9?9?9?9?9?9?9*9*_?9*9*9?9?9,28.2,24.2,79,101049,9999,9999,422,0,0,0,999900,999900,999900,99990,90,0.2,5,5,999.0,999,9,'999999999,0,0.0000,0,88,999.000,0.0,1.0
2056/11/27,20:00,?9?9?9?9E0?9?9?9?9*9?9*9?9?9?9?9?9?9*9*_?9*9*9?9?9,28.2,24.4,80,101149,9999,9999,422,0,0,0,999900,999900,999900,99990,90,0.2,5,5,999.0,999,9,'999999999,0,0.0000,0,88,999.000,0.0,1.0
2056/11/27,21:00,?9?9?9?9E0?9?9?9?9*9?9*9?9?9?9?9?9?9*9*_?9*9*9?9?9,27.7,24.4,82,101149,9999,9999,416,0,0,0,999900,999900,999900,99990,70,0.2,4,4,999.0,999,9,'999999999,0,0.0000,0,88,999.000,0.0,1.0
2056/11/27,22:00,?9?9?9?9E0?9?9?9?9*9?9*9?9?9?9?9?9?9*9*_?9*9*9?9?9,27.2,24.9,87,101249,9999,9999,411,0,0,0,999900,999900,999900,99990,70,0.1,3,3,999.0,999,9,'999999999,0,0.0000,0,88,999.000,0.0,1.0
2056/11/27,23:00,?9?9?9?9E0?9?9?9?9*9?9*9?9?9?9?9?9?9*9*_?9*9*9?9?9,26.7,25.3,92,101249,9999,9999,405,0,0,0,999900,999900,999900,99990,70,0.1,2,2,999.0,999,9,'999999999,0,0.0000,0,88,999.000,0.0,1.0
2056/11/27,24:00,?9?9?9?9E0?9?9?9?9*9?9*9?9?9?9?9?9?9*9*_?9*9*9?9?9,26.3,25.3,94,101149,9999,9999,397,0,0,0,999900,999900,999900,99990,70,0.0,1,1,999.0,999,9,'999999999,0,0.0000,0,88,999.000,0.0,1.0
2056/11/28,01:00,?9?9?9?9E0?9?9?9?9*9?9*9?9?9?9?9?9?9*9*_?9*9*9?9?9,26.2,25.2,94,101149,9999,9999,396,0,0,0,999900,999900,999900,99990,70,0.0,1,1,999.0,999,9,'999999999,0,0.0000,0,88,999.000,0.0,1.0
2056/11/28,02:00,?9?9?9?9E0?9?9?9?9*9?9*9?9?9?9?9?9?9*9*_?9*9*9?9?9,26.0,25.0,94,101049,9999,9999,404,0,0,0,999900,999900,999900,99990,70,0.0,3,3,999.0,999,9,'999999999,0,0.0000,0,88,999.000,0.0,1.0
2056/11/28,03:00,?9?9?9?9E0?9?9?9?9*9?9*9?9?9?9?9?9?9*9*_?9*9*9?9?9,25.9,25.2,96,101049,9999,9999,411,0,0,0,999900,999900,999900,99990,70,0.0,5,5,999.0,999,9,'999999999,0,0.0000,0,88,999.000,0.0,1.0
2056/11/28,04:00,?9?9?9?9E0?9?9?9?9*9?9*9?9?9?9?9?9?9*9*_?9*9*9?9?9,25.8,25.1,96,101049,9999,9999,413,0,0,0,999900,999900,999900,99990,70,0.0,6,6,999.0,999,9,'999999999,0,0.0000,0,88,999.000,0.0,1.0
2056/11/28,05:00,?9?9?9?9E0?9?9?9?9*9?9*9?9?9?9?9?9?9*9*_?9*9*9?9?9,25.8,25.1,96,101149,9999,9999,418,0,0,0,999900,999900,999900,99990,70,0.0,7,7,999.0,999,9,'999999999,0,0.0000,0,88,999.000,0.0,1.0
2056/11/28,06:00,?9?9?9?9E0?9?9?9?9*9?9*9?9?9?9?9?9?9*9*_?9*9*9?9?9,26.2,25.5,96,101149,9999,9999,428,0,0,0,999900,999900,999900,99990,70,0.0,8,8,999.0,999,9,'999999999,0,0.0000,0,88,999.000,0.0,1.0
2056/11/28,07:00,?9?9?9?9E0?9?9?9?9*9?9*9?9?9?9?9?9?9*9*_?9*9*9?9?9,26.4,25.4,94,101249,9999,9999,429,10,0,10,999900,999900,999900,99990,70,0.0,8,8,999.0,999,9,'999999999,0,0.0000,0,88,999.000,0.0,1.0
2056/11/28,08:00,?9?9?9?9E0?9?9?9?9*9?9*9?9?9?9?9?9?9*9*_?9*9*9?9?9,27.6,26.2,92,101349,9999,9999,430,150,107,120,999900,999900,999900,99990,70,0.0,7,7,999.0,999,9,'999999999,0,0.0000,0,88,999.000,0.0,1.0
2056/11/28,09:00,?9?9?9?9E0?9?9?9?9*9?9*9?9?9?9?9?9?9*9*_?9*9*9?9?9,28.7,25.9,85,101349,9999,9999,431,346,288,208,999900,999900,999900,99990,320,0.0,6,6,999.0,999,9,'999999999,0,0.0000,0,88,999.000,0.0,1.0
2056/11/28,10:00,?9?9?9?9E0?9?9?9?9*9?9*9?9?9?9?9?9?9*9*_?9*9*9?9?9,30.1,24.0,70,101349,9999,9999,436,525,420,254,999900,999900,999900,99990,320,0.2,6,6,999.0,999,9,'999999999,0,0.0000,0,88,999.000,0.0,1.0
2056/11/28,11:00,?9?9?9?9E0?9?9?9?9*9?9*9?9?9?9?9?9?9*9*_?9*9*9?9?9,31.2,22.5,60,101349,9999,9999,441,658,498,279,999900,999900,999900,99990,320,0.3,6,6,999.0,999,9,'999999999,0,0.0000,0,88,999.000,0.0,1.0
2056/11/28,12:00,?9?9?9?9E0?9?9?9?9*9?9*9?9?9?9?9?9?9*9*_?9*9*9?9?9,31.6,21.8,56,101249,9999,9999,442,725,533,287,999900,999900,999900,99990,90,0.4,6,6,999.0,999,9,'999999999,0,0.0000,0,88,999.000,0.0,1.0
2056/11/28,13:00,?9?9?9?9E0?9?9?9?9*9?9*9?9?9?9?9?9?9*9*_?9*9*9?9?9,31.6,22.3,58,101149,9999,9999,439,763,617,258,999900,999900,999900,99990,90,0.8,5,5,999.0,999,9,'999999999,0,0.0000,0,88,999.000,0.0,1.0
2056/11/28,14:00,?9?9?9?9E0?9?9?9?9*9?9*9?9?9?9?9?9?9*9*_?9*9*9?9?9,31.6,21.8,56,101049,9999,9999,438,697,615,233,999900,999900,999900,99990,90,0.8,5,5,999.0,999,9,'999999999,0,0.0000,0,88,999.000,0.0,1.0
2056/11/28,15:00,?9?9?9?9E0?9?9?9?9*9?9*9?9?9?9?9?9?9*9*_?9*9*9?9?9,31.6,21.8,56,101049,9999,9999,438,561,563,204,999900,999900,999900,99990,90,0.7,5,5,999.0,999,9,'999999999,0,0.0000,0,88,999.000,0.0,1.0
2056/11/28,16:00,?9?9?9?9E0?9?9?9?9*9?9*9?9?9?9?9?9?9*9*_?9*9*9?9?9,31.0,23.1,63,101049,9999,9999,433,391,498,160,999900,999900,999900,99990,90,0.6,4,4,999.0,999,9,'999999999,0,0.0000,0,88,999.000,0.0,1.0
2056/11/28,17:00,?9?9?9?9E0?9?9?9?9*9?9*9?9?9?9?9?9?9*9*_?9*9*9?9?9,30.1,23.6,68,101049,9999,9999,429,184,315,103,999900,999900,999900,99990,90,0.3,4,4,999.0,999,9,'999999999,0,0.0000,0,88,999.000,0.0,1.0
2056/11/28,18:00,?9?9?9?9E0?9?9?9?9*9?9*9?9?9?9?9?9?9*9*_?9*9*9?9?9,29.1,24.0,74,101149,9999,9999,424,24,0,24,999900,999900,999900,99990,20,0.3,4,4,999.0,999,9,'999999999,0,0.0000,0,88,999.000,0.0,1.0
2056/11/28,19:00,?9?9?9?9E0?9?9?9?9*9?9*9?9?9?9?9?9?9*9*_?9*9*9?9?9,28.7,24.5,78,101149,9999,9999,422,0,0,0,999900,999900,999900,99990,20,0.1,4,4,999.0,999,9,'999999999,0,0.0000,0,88,999.000,0.0,1.0
2056/11/28,20:00,?9?9?9?9E0?9?9?9?9*9?9*9?9?9?9?9?9?9*9*_?9*9*9?9?9,27.8,25.5,87,101249,9999,9999,418,0,0,0,999900,999900,999900,99990,20,0.2,4,4,999.0,999,9,'999999999,0,0.0000,0,88,999.000,0.0,1.0
2056/11/28,21:00,?9?9?9?9E0?9?9?9?9*9?9*9?9?9?9?9?9?9*9*_?9*9*9?9?9,27.2,25.4,90,101249,9999,9999,415,0,0,0,999900,999900,999900,99990,360,0.0,4,4,999.0,999,9,'999999999,0,0.0000,0,88,999.000,0.0,1.0
2056/11/28,22:00,?9?9?9?9E0?9?9?9?9*9?9*9?9?9?9?9?9?9*9*_?9*9*9?9?9,26.7,25.3,92,101249,9999,9999,412,0,0,0,999900,999900,999900,99990,360,0.0,4,4,999.0,999,9,'999999999,0,0.0000,0,88,999.000,0.0,1.0
2056/11/28,23:00,?9?9?9?9E0?9?9?9?9*9?9*9?9?9?9?9?9?9*9*_?9*9*9?9?9,26.3,25.3,94,101249,9999,9999,410,0,0,0,999900,999900,999900,99990,360,0.0,4,4,999.0,999,9,'999999999,0,0.0000,0,88,999.000,0.0,1.0
2056/11/28,24:00,?9?9?9?9E0?9?9?9?9*9?9*9?9?9?9?9?9?9*9*_?9*9*9?9?9,25.8,25.1,96,101249,9999,9999,407,0,0,0,999900,999900,999900,99990,360,0.0,4,4,999.0,999,9,'999999999,0,0.0000,0,88,999.000,0.0,1.0
2056/11/29,01:00,?9?9?9?9E0?9?9?9?9*9?9*9?9?9?9?9?9?9*9*_?9*9*9?9?9,25.8,25.1,96,101249,9999,9999,407,0,0,0,999900,999900,999900,99990,360,0.0,4,4,999.0,999,9,'999999999,0,0.0000,0,88,999.000,0.0,1.0
2056/11/29,02:00,?9?9?9?9E0?9?9?9?9*9?9*9?9?9?9?9?9?9*9*_?9*9*9?9?9,25.7,25.0,96,101149,9999,9999,406,0,0,0,999900,999900,999900,99990,360,0.0,4,4,999.0,999,9,'999999999,0,0.0000,0,88,999.000,0.0,1.0
2056/11/29,03:00,?9?9?9?9E0?9?9?9?9*9?9*9?9?9?9?9?9?9*9*_?9*9*9?9?9,25.6,24.9,96,101149,9999,9999,405,0,0,0,999900,999900,999900,99990,360,0.0,4,4,999.0,999,9,'999999999,0,0.0000,0,88,999.000,0.0,1.0
2056/11/29,04:00,?9?9?9?9E0?9?9?9?9*9?9*9?9?9?9?9?9?9*9*_?9*9*9?9?9,25.2,24.7,97,101149,9999,9999,403,0,0,0,999900,999900,999900,99990,360,0.0,4,4,999.0,999,9,'999999999,0,0.0000,0,88,999.000,0.0,1.0
2056/11/29,05:00,?9?9?9?9E0?9?9?9?9*9?9*9?9?9?9?9?9?9*9*_?9*9*9?9?9,25.2,24.9,98,101149,9999,9999,406,0,0,0,999900,999900,999900,99990,360,0.0,5,5,999.0,999,9,'999999999,0,0.0000,0,88,999.000,0.0,1.0
2056/11/29,06:00,?9?9?9?9E0?9?9?9?9*9?9*9?9?9?9?9?9?9*9*_?9*9*9?9?9,24.9,24.6,98,101249,9999,9999,404,0,0,0,999900,999900,999900,99990,360,0.0,5,5,999.0,999,9,'999999999,0,0.0000,0,88,999.000,0.0,1.0
2056/11/29,07:00,?9?9?9?9E0?9?9?9?9*9?9*9?9?9?9?9?9?9*9*_?9*9*9?9?9,24.8,24.5,98,101349,9999,9999,404,20,0,20,999900,999900,999900,99990,360,0.0,5,5,999.0,999,9,'999999999,0,0.0000,0,88,999.000,0.0,1.0
2056/11/29,08:00,?9?9?9?9E0?9?9?9?9*9?9*9?9?9?9?9?9?9*9*_?9*9*9?9?9,26.5,26.2,98,101449,9999,9999,412,189,281,112,999900,999900,999900,99990,360,0.0,4,4,999.0,999,9,'999999999,0,0.0000,0,88,999.000,0.0,1.0
2056/11/29,09:00,?9?9?9?9E0?9?9?9?9*9?9*9?9?9?9?9?9?9*9*_?9*9*9?9?9,28.6,21.6,66,101549,9999,9999,414,436,632,134,999900,999900,999900,99990,360,0.1,3,3,999.0,999,9,'999999999,0,0.0000,0,88,999.000,0.0,1.0
2056/11/29,10:00,?9?9?9?9E0?9?9?9?9*9?9*9?9?9?9?9?9?9*9*_?9*9*9?9?9,29.5,20.4,58,101549,9999,9999,418,632,753,147,999900,999900,999900,99990,360,0.7,3,3,999.0,999,9,'999999999,0,0.0000,0,88,999.000,0.0,1.0
2056/11/29,11:00,?9?9?9?9E0?9?9?9?9*9?9*9?9?9?9?9?9?9*9*_?9*9*9?9?9,30.5,20.7,56,101449,9999,9999,424,765,791,164,999900,999900,999900,99990,360,1.0,3,3,999.0,999,9,'999999999,0,0.0000,0,88,999.000,0.0,1.0
2056/11/29,12:00,?9?9?9?9E0?9?9?9?9*9?9*9?9?9?9?9?9?9*9*_?9*9*9?9?9,31.0,20.0,52,101349,9999,9999,426,846,831,166,999900,999900,999900,99990,90,1.0,3,3,999.0,999,9,'999999999,0,0.0000,0,88,999.000,0.0,1.0
2056/11/29,13:00,?9?9?9?9E0?9?9?9?9*9?9*9?9?9?9?9?9?9*9*_?9*9*9?9?9,31.4,19.1,48,101249,9999,9999,427,849,844,160,999900,999900,999900,99990,90,0.8,3,3,999.0,999,9,'999999999,0,0.0000,0,88,999.000,0.0,1.0
2056/11/29,14:00,?9?9?9?9E0?9?9?9?9*9?9*9?9?9?9?9?9?9*9*_?9*9*9?9?9,31.5,18.8,47,101149,9999,9999,427,771,824,150,999900,999900,999900,99990,90,0.3,3,3,999.0,999,9,'999999999,0,0.0000,0,88,999.000,0.0,1.0
2056/11/29,15:00,?9?9?9?9E0?9?9?9?9*9?9*9?9?9?9?9?9?9*9*_?9*9*9?9?9,31.0,19.4,50,101149,9999,9999,425,621,763,138,999900,999900,999900,99990,110,0.6,3,3,999.0,999,9,'999999999,0,0.0000,0,88,999.000,0.0,1.0
2056/11/29,16:00,?9?9?9?9E0?9?9?9?9*9?9*9?9?9?9?9?9?9*9*_?9*9*9?9?9,30.7,20.3,54,101149,9999,9999,424,421,648,120,999900,999900,999900,99990,110,0.8,3,3,999.0,999,9,'999999999,0,0.0000,0,88,999.000,0.0,1.0
2056/11/29,17:00,?9?9?9?9E0?9?9?9?9*9?9*9?9?9?9?9?9?9*9*_?9*9*9?9?9,29.5,20.9,60,101149,9999,9999,419,201,448,86,999900,999900,999900,99990,110,0.3,3,3,999.0,999,9,'999999999,0,0.0000,0,88,999.000,0.0,1.0
2056/11/29,18:00,?9?9?9?9E0?9?9?9?9*9?9*9?9?9?9?9?9?9*9*_?9*9*9?9?9,29.0,21.5,64,101249,9999,9999,417,28,0,28,999900,999900,999900,99990,110,0.2,3,3,999.0,999,9,'999999999,0,0.0000,0,88,999.000,0.0,1.0
2056/11/29,19:00,?9?9?9?9E0?9?9?9?9*9?9*9?9?9?9?9?9?9*9*_?9*9*9?9?9,28.1,22.1,70,101249,9999,9999,412,0,0,0,999900,999900,999900,99990,110,0.0,3,3,999.0,999,9,'999999999,0,0.0000,0,88,999.000,0.0,1.0
2056/11/29,20:00,?9?9?9?9E0?9?9?9?9*9?9*9?9?9?9?9?9?9*9*_?9*9*9?9?9,26.7,23.0,80,101349,9999,9999,406,0,0,0,999900,999900,999900,99990,110,0.0,3,3,999.0,999,9,'999999999,0,0.0000,0,88,999.000,0.0,1.0
2056/11/29,21:00,?9?9?9?9E0?9?9?9?9*9?9*9?9?9?9?9?9?9*9*_?9*9*9?9?9,26.1,24.3,90,101349,9999,9999,404,0,0,0,999900,999900,999900,99990,110,0.0,3,3,999.0,999,9,'999999999,0,0.0000,0,88,999.000,0.0,1.0
2056/11/29,22:00,?9?9?9?9E0?9?9?9?9*9?9*9?9?9?9?9?9?9*9*_?9*9*9?9?9,25.6,23.9,90,101349,9999,9999,401,0,0,0,999900,999900,999900,99990,110,0.0,3,3,999.0,999,9,'999999999,0,0.0000,0,88,999.000,0.0,1.0
2056/11/29,23:00,?9?9?9?9E0?9?9?9?9*9?9*9?9?9?9?9?9?9*9*_?9*9*9?9?9,25.2,23.6,91,101349,9999,9999,399,0,0,0,999900,999900,999900,99990,110,0.0,3,3,999.0,999,9,'999999999,0,0.0000,0,88,999.000,0.0,1.0
2056/11/29,24:00,?9?9?9?9E0?9?9?9?9*9?9*9?9?9?9?9?9?9*9*_?9*9*9?9?9,24.6,23.6,94,101349,9999,9999,395,0,0,0,999900,999900,999900,99990,110,0.0,3,3,999.0,999,9,'999999999,0,0.0000,0,88,999.000,0.0,1.0
2056/11/30,01:00,?9?9?9?9E0?9?9?9?9*9?9*9?9?9?9?9?9?9*9*_?9*9*9?9?9,24.6,23.6,94,101249,9999,9999,395,0,0,0,999900,999900,999900,99990,110,0.0,3,3,999.0,999,9,'999999999,0,0.0000,0,88,999.000,0.0,1.0
2056/11/30,02:00,?9?9?9?9E0?9?9?9?9*9?9*9?9?9?9?9?9?9*9*_?9*9*9?9?9,24.6,23.6,94,101249,9999,9999,395,0,0,0,999900,999900,999900,99990,110,0.0,3,3,999.0,999,9,'999999999,0,0.0000,0,88,999.000,0.0,1.0
2056/11/30,03:00,?9?9?9?9E0?9?9?9?9*9?9*9?9?9?9?9?9?9*9*_?9*9*9?9?9,24.6,23.6,94,101249,9999,9999,395,0,0,0,999900,999900,999900,99990,110,0.0,3,3,999.0,999,9,'999999999,0,0.0000,0,88,999.000,0.0,1.0
2056/11/30,04:00,?9?9?9?9E0?9?9?9?9*9?9*9?9?9?9?9?9?9*9*_?9*9*9?9?9,24.5,23.8,96,101249,9999,9999,395,0,0,0,999900,999900,999900,99990,110,0.0,3,3,999.0,999,9,'999999999,0,0.0000,0,88,999.000,0.0,1.0
2056/11/30,05:00,?9?9?9?9E0?9?9?9?9*9?9*9?9?9?9?9?9?9*9*_?9*9*9?9?9,24.5,24.0,97,101249,9999,9999,395,0,0,0,999900,999900,999900,99990,110,0.0,3,3,999.0,999,9,'999999999,0,0.0000,0,88,999.000,0.0,1.0
2056/11/30,06:00,?9?9?9?9E0?9?9?9?9*9?9*9?9?9?9?9?9?9*9*_?9*9*9?9?9,24.5,24.0,97,101249,9999,9999,395,0,0,0,999900,999900,999900,99990,110,0.0,3,3,999.0,999,9,'999999999,0,0.0000,0,88,999.000,0.0,1.0
2056/11/30,07:00,?9?9?9?9E0?9?9?9?9*9?9*9?9?9?9?9?9?9*9*_?9*9*9?9?9,24.6,23.9,96,101349,9999,9999,396,24,0,24,999900,999900,999900,99990,110,0.1,3,3,999.0,999,9,'999999999,0,0.0000,0,88,999.000,0.0,1.0
2056/11/30,08:00,?9?9?9?9E0?9?9?9?9*9?9*9?9?9?9?9?9?9*9*_?9*9*9?9?9,25.7,24.7,94,101449,9999,9999,402,200,341,108,999900,999900,999900,99990,110,0.1,3,3,999.0,999,9,'999999999,0,0.0000,0,88,999.000,0.0,1.0
2056/11/30,09:00,?9?9?9?9E0?9?9?9?9*9?9*9?9?9?9?9?9?9*9*_?9*9*9?9?9,28.3,24.3,79,101449,9999,9999,416,411,557,146,999900,999900,999900,99990,270,0.3,3,3,999.0,999,9,'999999999,0,0.0000,0,88,999.000,0.0,1.0
2056/11/30,10:00,?9?9?9?9E0?9?9?9?9*9?9*9?9?9?9?9?9?9*9*_?9*9*9?9?9,29.6,19.0,53,101449,9999,9999,417,639,768,147,999900,999900,999900,99990,270,0.4,3,3,999.0,999,9,'999999999,0,0.0000,0,88,999.000,0.0,1.0
2056/11/30,11:00,?9?9?9?9E0?9?9?9?9*9?9*9?9?9?9?9?9?9*9*_?9*9*9?9?9,30.6,19.0,50,101449,9999,9999,425,751,763,173,999900,999900,999900,99990,270,0.7,4,4,999.0,999,9,'999999999,0,0.0000,0,88,999.000,0.0,1.0
2056/11/30,12:00,?9?9?9?9E0?9?9?9?9*9?9*9?9?9?9?9?9?9*9*_?9*9*9?9?9,31.1,18.8,48,101349,9999,9999,428,830,796,179,999900,999900,999900,99990,20,1.3,4,4,999.0,999,9,'999999999,0,0.0000,0,88,999.000,0.0,1.0
2056/11/30,13:00,?9?9?9?9E0?9?9?9?9*9?9*9?9?9?9?9?9?9*9*_?9*9*9?9?9,31.1,18.8,48,101249,9999,9999,428,825,793,178,999900,999900,999900,99990,20,0.9,4,4,999.0,999,9,'999999999,0,0.0000,0,88,999.000,0.0,1.0
2056/11/30,14:00,?9?9?9?9E0?9?9?9?9*9?9*9?9?9?9?9?9?9*9*_?9*9*9?9?9,30.8,18.9,49,101149,9999,9999,426,747,768,169,999900,999900,999900,99990,20,0.5,4,4,999.0,999,9,'999999999,0,0.0000,0,88,999.000,0.0,1.0
2056/11/30,15:00,?9?9?9?9E0?9?9?9?9*9?9*9?9?9?9?9?9?9*9*_?9*9*9?9?9,30.8,19.2,50,101149,9999,9999,427,602,711,153,999900,999900,999900,99990,90,0.5,4,4,999.0,999,9,'999999999,0,0.0000,0,88,999.000,0.0,1.0
2056/11/30,16:00,?9?9?9?9E0?9?9?9?9*9?9*9?9?9?9?9?9?9*9*_?9*9*9?9?9,30.1,19.5,53,101049,9999,9999,420,422,647,122,999900,999900,999900,99990,90,0.3,3,3,999.0,999,9,'999999999,0,0.0000,0,88,999.000,0.0,1.0
2056/11/30,17:00,?9?9?9?9E0?9?9?9?9*9?9*9?9?9?9?9?9?9*9*_?9*9*9?9?9,29.2,19.8,57,101149,9999,9999,415,203,456,86,999900,999900,999900,99990,90,0.2,3,3,999.0,999,9,'999999999,0,0.0000,0,88,999.000,0.0,1.0
2056/11/30,18:00,?9?9?9?9E0?9?9?9?9*9?9*9?9?9?9?9?9?9*9*_?9*9*9?9?9,28.4,21.2,65,101149,9999,9999,413,28,0,28,999900,999900,999900,99990,50,0.2,3,3,999.0,999,9,'999999999,0,0.0000,0,88,999.000,0.0,1.0
2056/11/30,19:00,?9?9?9?9E0?9?9?9?9*9?9*9?9?9?9?9?9?9*9*_?9*9*9?9?9,27.8,22.1,71,101249,9999,9999,411,0,0,0,999900,999900,999900,99990,50,0.0,3,3,999.0,999,9,'999999999,0,0.0000,0,88,999.000,0.0,1.0
2056/11/30,20:00,?9?9?9?9E0?9?9?9?9*9?9*9?9?9?9?9?9?9*9*_?9*9*9?9?9,27.1,22.7,77,101249,9999,9999,408,0,0,0,999900,999900,999900,99990,50,0.0,3,3,999.0,999,9,'999999999,0,0.0000,0,88,999.000,0.0,1.0
2056/11/30,21:00,?9?9?9?9E0?9?9?9?9*9?9*9?9?9?9?9?9?9*9*_?9*9*9?9?9,26.8,23.1,80,101349,9999,9999,402,0,0,0,999900,999900,999900,99990,360,0.1,2,2,999.0,999,9,'999999999,0,0.0000,0,88,999.000,0.0,1.0
2056/11/30,22:00,?9?9?9?9E0?9?9?9?9*9?9*9?9?9?9?9?9?9*9*_?9*9*9?9?9,26.4,23.5,84,101349,9999,9999,401,0,0,0,999900,999900,999900,99990,360,0.0,2,2,999.0,999,9,'999999999,0,0.0000,0,88,999.000,0.0,1.0
2056/11/30,23:00,?9?9?9?9E0?9?9?9?9*9?9*9?9?9?9?9?9?9*9*_?9*9*9?9?9,26.3,23.6,85,101349,9999,9999,400,0,0,0,999900,999900,999900,99990,360,0.0,2,2,999.0,999,9,'999999999,0,0.0000,0,88,999.000,0.0,1.0
2056/11/30,24:00,?9?9?9?9E0?9?9?9?9*9?9*9?9?9?9?9?9?9*9*_?9*9*9?9?9,26.3,24.9,92,101249,9999,9999,402,0,0,0,999900,999900,999900,99990,360,0.0,2,2,999.0,999,9,'999999999,0,0.0000,0,88,999.000,0.0,1.0
2056/12/1,01:00,?9?9?9?9E0?9?9?9?9*9?9*9?9?9?9?9?9?9*9*_?9*9*9?9?9,26.3,24.5,90,101127,9999,9999,402,0,0,0,999900,999900,999900,99990,50,0.0,2,2,999.0,999,9,'999999999,0,0.0000,0,88,999.000,0.0,1.0
2056/12/1,02:00,?9?9?9?9E0?9?9?9?9*9?9*9?9?9?9?9?9?9*9*_?9*9*9?9?9,26.0,24.1,89,101027,9999,9999,399,0,0,0,999900,999900,999900,99990,50,0.0,2,2,999.0,999,9,'999999999,0,0.0000,0,88,999.000,0.0,1.0
2056/12/1,03:00,?9?9?9?9E0?9?9?9?9*9?9*9?9?9?9?9?9?9*9*_?9*9*9?9?9,25.8,23.9,89,101027,9999,9999,398,0,0,0,999900,999900,999900,99990,50,0.0,2,2,999.0,999,9,'999999999,0,0.0000,0,88,999.000,0.0,1.0
2056/12/1,04:00,?9?9?9?9E0?9?9?9?9*9?9*9?9?9?9?9?9?9*9*_?9*9*9?9?9,25.7,23.4,87,101027,9999,9999,397,0,0,0,999900,999900,999900,99990,50,0.0,2,2,999.0,999,9,'999999999,0,0.0000,0,88,999.000,0.0,1.0
2056/12/1,05:00,?9?9?9?9E0?9?9?9?9*9?9*9?9?9?9?9?9?9*9*_?9*9*9?9?9,25.6,23.3,87,101027,9999,9999,396,0,0,0,999900,999900,999900,99990,50,0.0,2,2,999.0,999,9,'999999999,0,0.0000,0,88,999.000,0.0,1.0
2056/12/1,06:00,?9?9?9?9E0?9?9?9?9*9?9*9?9?9?9?9?9?9*9*_?9*9*9?9?9,25.6,23.3,87,101027,9999,9999,400,0,0,0,999900,999900,999900,99990,20,0.0,3,3,999.0,999,9,'999999999,0,0.0000,0,88,999.000,0.0,1.0
2056/12/1,07:00,?9?9?9?9E0?9?9?9?9*9?9*9?9?9?9?9?9?9*9*_?9*9*9?9?9,25.6,23.3,87,101127,9999,9999,400,38,0,38,999900,999900,999900,99990,20,0.0,3,3,999.0,999,9,'999999999,0,0.0000,0,88,999.000,0.0,1.0
2056/12/1,08:00,?9?9?9?9E0?9?9?9?9*9?9*9?9?9?9?9?9?9*9*_?9*9*9?9?9,27.1,24.6,86,101227,9999,9999,410,201,367,103,999900,999900,999900,99990,20,0.4,3,3,999.0,999,9,'999999999,0,0.0000,0,88,999.000,0.0,1.0
2056/12/1,09:00,?9?9?9?9E0?9?9?9?9*9?9*9?9?9?9?9?9?9*9*_?9*9*9?9?9,29.2,25.2,79,101227,9999,9999,422,402,518,157,999900,999900,999900,99990,50,0.7,3,3,999.0,999,9,'999999999,0,0.0000,0,88,999.000,0.0,1.0
2056/12/1,10:00,?9?9?9?9E0?9?9?9?9*9?9*9?9?9?9?9?9?9*9*_?9*9*9?9?9,30.6,24.5,70,101227,9999,9999,433,588,631,185,999900,999900,999900,99990,50,1.1,4,4,999.0,999,9,'999999999,0,0.0000,0,88,999.000,0.0,1.0
2056/12/1,11:00,?9?9?9?9E0?9?9?9?9*9?9*9?9?9?9?9?9?9*9*_?9*9*9?9?9,31.3,22.6,60,101227,9999,9999,438,725,693,201,999900,999900,999900,99990,50,1.4,5,5,999.0,999,9,'999999999,0,0.0000,0,88,999.000,0.0,1.0
2056/12/1,12:00,?9?9?9?9E0?9?9?9?9*9?9*9?9?9?9?9?9?9*9*_?9*9*9?9?9,32.0,22.7,58,101227,9999,9999,442,805,738,203,999900,999900,999900,99990,50,1.0,5,5,999.0,999,9,'999999999,0,0.0000,0,88,999.000,0.0,1.0
2056/12/1,13:00,?9?9?9?9E0?9?9?9?9*9?9*9?9?9?9?9?9?9*9*_?9*9*9?9?9,31.9,21.7,55,101127,9999,9999,440,818,768,193,999900,999900,999900,99990,40,1.1,5,5,999.0,999,9,'999999999,0,0.0000,0,88,999.000,0.0,1.0
2056/12/1,14:00,?9?9?9?9E0?9?9?9?9*9?9*9?9?9?9?9?9?9*9*_?9*9*9?9?9,31.8,22.0,56,101027,9999,9999,440,724,707,193,999900,999900,999900,99990,50,1.6,5,5,999.0,999,9,'999999999,0,0.0000,0,88,999.000,0.0,1.0
2056/12/1,15:00,?9?9?9?9E0?9?9?9?9*9?9*9?9?9?9?9?9?9*9*_?9*9*9?9?9,31.2,22.2,59,100927,9999,9999,436,577,627,181,999900,999900,999900,99990,50,1.6,5,5,999.0,999,9,'999999999,0,0.0000,0,88,999.000,0.0,1.0
2056/12/1,16:00,?9?9?9?9E0?9?9?9?9*9?9*9?9?9?9?9?9?9*9*_?9*9*9?9?9,30.4,22.8,64,100927,9999,9999,433,376,465,161,999900,999900,999900,99990,50,1.4,5,5,999.0,999,9,'999999999,0,0.0000,0,88,999.000,0.0,1.0
2056/12/1,17:00,?9?9?9?9E0?9?9?9?9*9?9*9?9?9?9?9?9?9*9*_?9*9*9?9?9,29.5,23.7,71,101027,9999,9999,429,170,242,107,999900,999900,999900,99990,50,1.2,5,5,999.0,999,9,'999999999,0,0.0000,0,88,999.000,0.0,1.0
2056/12/1,18:00,?9?9?9?9E0?9?9?9?9*9?9*9?9?9?9?9?9?9*9*_?9*9*9?9?9,28.8,24.4,77,101027,9999,9999,426,15,0,15,999900,999900,999900,99990,20,0.6,5,5,999.0,999,9,'999999999,0,0.0000,0,88,999.000,0.0,1.0
2056/12/1,19:00,?9?9?9?9E0?9?9?9?9*9?9*9?9?9?9?9?9?9*9*_?9*9*9?9?9,28.2,24.4,80,101127,9999,9999,419,0,0,0,999900,999900,999900,99990,20,0.5,4,4,999.0,999,9,'999999999,0,0.0000,0,88,999.000,0.0,1.0
2056/12/1,20:00,?9?9?9?9E0?9?9?9?9*9?9*9?9?9?9?9?9?9*9*_?9*9*9?9?9,27.7,24.6,83,101227,9999,9999,413,0,0,0,999900,999900,999900,99990,20,0.3,3,3,999.0,999,9,'999999999,0,0.0000,0,88,999.000,0.0,1.0
2056/12/1,21:00,?9?9?9?9E0?9?9?9?9*9?9*9?9?9?9?9?9?9*9*_?9*9*9?9?9,27.3,25.0,87,101327,9999,9999,412,0,0,0,999900,999900,999900,99990,20,0.2,3,3,999.0,999,9,'999999999,0,0.0000,0,88,999.000,0.0,1.0
2056/12/1,22:00,?9?9?9?9E0?9?9?9?9*9?9*9?9?9?9?9?9?9*9*_?9*9*9?9?9,27.3,25.0,87,101327,9999,9999,415,0,0,0,999900,999900,999900,99990,20,0.0,4,4,999.0,999,9,'999999999,0,0.0000,0,88,999.000,0.0,1.0
2056/12/1,23:00,?9?9?9?9E0?9?9?9?9*9?9*9?9?9?9?9?9?9*9*_?9*9*9?9?9,27.1,24.8,87,101227,9999,9999,410,0,0,0,999900,999900,999900,99990,20,0.0,3,3,999.0,999,9,'999999999,0,0.0000,0,88,999.000,0.0,1.0
2056/12/1,24:00,?9?9?9?9E0?9?9?9?9*9?9*9?9?9?9?9?9?9*9*_?9*9*9?9?9,26.6,24.7,89,101227,9999,9999,407,0,0,0,999900,999900,999900,99990,360,0.0,3,3,999.0,999,9,'999999999,0,0.0000,0,88,999.000,0.0,1.0
2056/12/2,01:00,?9?9?9?9E0?9?9?9?9*9?9*9?9?9?9?9?9?9*9*_?9*9*9?9?9,26.2,24.3,89,101227,9999,9999,411,0,0,0,999900,999900,999900,99990,360,0.0,5,5,999.0,999,9,'999999999,0,0.0000,0,88,999.000,0.0,1.0
2056/12/2,02:00,?9?9?9?9E0?9?9?9?9*9?9*9?9?9?9?9?9?9*9*_?9*9*9?9?9,26.0,24.2,90,101127,9999,9999,407,0,0,0,999900,999900,999900,99990,360,0.0,4,4,999.0,999,9,'999999999,0,0.0000,0,88,999.000,0.0,1.0
2056/12/2,03:00,?9?9?9?9E0?9?9?9?9*9?9*9?9?9?9?9?9?9*9*_?9*9*9?9?9,25.6,23.9,90,101127,9999,9999,401,0,0,0,999900,999900,999900,99990,320,0.1,3,3,999.0,999,9,'999999999,0,0.0000,0,88,999.000,0.0,1.0
2056/12/2,04:00,?9?9?9?9E0?9?9?9?9*9?9*9?9?9?9?9?9?9*9*_?9*9*9?9?9,25.6,23.9,90,101127,9999,9999,401,0,0,0,999900,999900,999900,99990,320,0.3,3,3,999.0,999,9,'999999999,0,0.0000,0,88,999.000,0.0,1.0
2056/12/2,05:00,?9?9?9?9E0?9?9?9?9*9?9*9?9?9?9?9?9?9*9*_?9*9*9?9?9,25.6,23.9,90,101127,9999,9999,401,0,0,0,999900,999900,999900,99990,320,0.0,3,3,999.0,999,9,'999999999,0,0.0000,0,88,999.000,0.0,1.0
2056/12/2,06:00,?9?9?9?9E0?9?9?9?9*9?9*9?9?9?9?9?9?9*9*_?9*9*9?9?9,25.4,23.7,90,101227,9999,9999,400,0,0,0,999900,999900,999900,99990,320,0.0,3,3,999.0,999,9,'999999999,0,0.0000,0,88,999.000,0.0,1.0
2056/12/2,07:00,?9?9?9?9E0?9?9?9?9*9?9*9?9?9?9?9?9?9*9*_?9*9*9?9?9,25.5,23.8,90,101227,9999,9999,403,34,0,34,999900,999900,999900,99990,320,0.3,4,4,999.0,999,9,'999999999,0,0.0000,0,88,999.000,0.0,1.0
2056/12/2,08:00,?9?9?9?9E0?9?9?9?9*9?9*9?9?9?9?9?9?9*9*_?9*9*9?9?9,26.4,24.6,90,101327,9999,9999,413,176,230,115,999900,999900,999900,99990,320,0.6,5,5,999.0,999,9,'999999999,0,0.0000,0,88,999.000,0.0,1.0
2056/12/2,09:00,?9?9?9?9E0?9?9?9?9*9?9*9?9?9?9?9?9?9*9*_?9*9*9?9?9,27.4,24.5,84,101427,9999,9999,418,360,356,193,999900,999900,999900,99990,20,0.6,5,5,999.0,999,9,'999999999,0,0.0000,0,88,999.000,0.0,1.0
2056/12/2,10:00,?9?9?9?9E0?9?9?9?9*9?9*9?9?9?9?9?9?9*9*_?9*9*9?9?9,29.3,25.1,78,101427,9999,9999,429,544,485,236,999900,999900,999900,99990,30,1.1,5,5,999.0,999,9,'999999999,0,0.0000,0,88,999.000,0.0,1.0
2056/12/2,11:00,?9?9?9?9E0?9?9?9?9*9?9*9?9?9?9?9?9?9*9*_?9*9*9?9?9,29.4,24.5,75,101427,9999,9999,433,644,478,284,999900,999900,999900,99990,30,1.5,6,6,999.0,999,9,'999999999,0,0.0000,0,88,999.000,0.0,1.0
2056/12/2,12:00,?9?9?9?9E0?9?9?9?9*9?9*9?9?9?9?9?9?9*9*_?9*9*9?9?9,30.2,24.4,71,101327,9999,9999,442,663,412,327,999900,999900,999900,99990,340,1.5,7,7,999.0,999,9,'999999999,0,0.0000,0,88,999.000,0.0,1.0
2056/12/2,13:00,?9?9?9?9E0?9?9?9?9*9?9*9?9?9?9?9?9?9*9*_?9*9*9?9?9,29.9,24.1,71,101227,9999,9999,440,671,436,317,999900,999900,999900,99990,340,1.5,7,7,999.0,999,9,'999999999,0,0.0000,0,88,999.000,0.0,1.0
2056/12/2,14:00,?9?9?9?9E0?9?9?9?9*9?9*9?9?9?9?9?9?9*9*_?9*9*9?9?9,30.2,24.1,70,101227,9999,9999,433,682,583,245,999900,999900,999900,99990,340,1.6,5,5,999.0,999,9,'999999999,0,0.0000,0,88,999.000,0.0,1.0
2056/12/2,15:00,?9?9?9?9E0?9?9?9?9*9?9*9?9?9?9?9?9?9*9*_?9*9*9?9?9,29.8,23.5,69,101127,9999,9999,424,599,660,182,999900,999900,999900,99990,30,1.4,3,3,999.0,999,9,'999999999,0,0.0000,0,88,999.000,0.0,1.0
2056/12/2,16:00,?9?9?9?9E0?9?9?9?9*9?9*9?9?9?9?9?9?9*9*_?9*9*9?9?9,29.4,23.6,71,101127,9999,9999,425,381,463,166,999900,999900,999900,99990,30,1.0,4,4,999.0,999,9,'999999999,0,0.0000,0,88,999.000,0.0,1.0
2056/12/2,17:00,?9?9?9?9E0?9?9?9?9*9?9*9?9?9?9?9?9?9*9*_?9*9*9?9?9,28.6,22.8,71,101127,9999,9999,422,170,213,115,999900,999900,999900,99990,30,1.2,5,5,999.0,999,9,'999999999,0,0.0000,0,88,999.000,0.0,1.0
2056/12/2,18:00,?9?9?9?9E0?9?9?9?9*9?9*9?9?9?9?9?9?9*9*_?9*9*9?9?9,28.0,23.4,76,101227,9999,9999,435,6,0,6,999900,999900,999900,99990,40,1.0,8,8,999.0,999,9,'999999999,0,0.0000,0,88,999.000,0.0,1.0
2056/12/2,19:00,?9?9?9?9E0?9?9?9?9*9?9*9?9?9?9?9?9?9*9*_?9*9*9?9?9,27.3,23.4,79,101227,9999,9999,416,0,0,0,999900,999900,999900,99990,50,0.6,5,5,999.0,999,9,'999999999,0,0.0000,0,88,999.000,0.0,1.0
2056/12/2,20:00,?9?9?9?9E0?9?9?9?9*9?9*9?9?9?9?9?9?9*9*_?9*9*9?9?9,26.8,23.5,82,101327,9999,9999,413,0,0,0,999900,999900,999900,99990,50,0.0,5,5,999.0,999,9,'999999999,0,0.0000,0,88,999.000,0.0,1.0
2056/12/2,21:00,?9?9?9?9E0?9?9?9?9*9?9*9?9?9?9?9?9?9*9*_?9*9*9?9?9,26.4,23.5,84,101327,9999,9999,411,0,0,0,999900,999900,999900,99990,50,0.0,5,5,999.0,999,9,'999999999,0,0.0000,0,88,999.000,0.0,1.0
2056/12/2,22:00,?9?9?9?9E0?9?9?9?9*9?9*9?9?9?9?9?9?9*9*_?9*9*9?9?9,26.1,23.6,86,101427,9999,9999,403,0,0,0,999900,999900,999900,99990,50,0.4,3,3,999.0,999,9,'999999999,0,0.0000,0,88,999.000,0.0,1.0
2056/12/2,23:00,?9?9?9?9E0?9?9?9?9*9?9*9?9?9?9?9?9?9*9*_?9*9*9?9?9,25.4,23.3,88,101427,9999,9999,402,0,0,0,999900,999900,999900,99990,50,0.2,4,4,999.0,999,9,'999999999,0,0.0000,0,88,999.000,0.0,1.0
2056/12/2,24:00,?9?9?9?9E0?9?9?9?9*9?9*9?9?9?9?9?9?9*9*_?9*9*9?9?9,25.2,23.1,88,101327,9999,9999,401,0,0,0,999900,999900,999900,99990,50,0.0,4,4,999.0,999,9,'999999999,0,0.0000,0,88,999.000,0.0,1.0
2056/12/3,01:00,?9?9?9?9E0?9?9?9?9*9?9*9?9?9?9?9?9?9*9*_?9*9*9?9?9,24.9,22.8,88,101227,9999,9999,399,0,0,0,999900,999900,999900,99990,50,0.0,4,4,999.0,999,9,'999999999,0,0.0000,0,88,999.000,0.0,1.0
2056/12/3,02:00,?9?9?9?9E0?9?9?9?9*9?9*9?9?9?9?9?9?9*9*_?9*9*9?9?9,24.4,22.3,88,101227,9999,9999,393,0,0,0,999900,999900,999900,99990,50,0.0,3,3,999.0,999,9,'999999999,0,0.0000,0,88,999.000,0.0,1.0
2056/12/3,03:00,?9?9?9?9E0?9?9?9?9*9?9*9?9?9?9?9?9?9*9*_?9*9*9?9?9,24.1,22.0,88,101127,9999,9999,391,0,0,0,999900,999900,999900,99990,50,0.0,3,3,999.0,999,9,'999999999,0,0.0000,0,88,999.000,0.0,1.0
2056/12/3,04:00,?9?9?9?9E0?9?9?9?9*9?9*9?9?9?9?9?9?9*9*_?9*9*9?9?9,23.9,21.8,88,101127,9999,9999,380,0,0,0,999900,999900,999900,99990,50,0.0,1,1,999.0,999,9,'999999999,0,0.0000,0,88,999.000,0.0,1.0
2056/12/3,05:00,?9?9?9?9E0?9?9?9?9*9?9*9?9?9?9?9?9?9*9*_?9*9*9?9?9,23.8,21.7,88,101227,9999,9999,385,0,0,0,999900,999900,999900,99990,50,0.0,2,2,999.0,999,9,'999999999,0,0.0000,0,88,999.000,0.0,1.0
2056/12/3,06:00,?9?9?9?9E0?9?9?9?9*9?9*9?9?9?9?9?9?9*9*_?9*9*9?9?9,23.5,21.8,90,101227,9999,9999,378,0,0,0,999900,999900,999900,99990,50,0.0,1,1,999.0,999,9,'999999999,0,0.0000,0,88,999.000,0.0,1.0
2056/12/3,07:00,?9?9?9?9E0?9?9?9?9*9?9*9?9?9?9?9?9?9*9*_?9*9*9?9?9,23.6,21.9,90,101327,9999,9999,372,36,0,36,999900,999900,999900,99990,50,0.0,0,0,999.0,999,9,'999999999,0,0.0000,0,88,999.000,0.0,1.0
2056/12/3,08:00,?9?9?9?9E0?9?9?9?9*9?9*9?9?9?9?9?9?9*9*_?9*9*9?9?9,25.5,23.4,88,101327,9999,9999,396,200,391,97,999900,999900,999900,99990,20,0.0,2,2,999.0,999,9,'999999999,0,0.0000,0,88,999.000,0.0,1.0
2056/12/3,09:00,?9?9?9?9E0?9?9?9?9*9?9*9?9?9?9?9?9?9*9*_?9*9*9?9?9,27.6,23.4,78,101427,9999,9999,411,399,535,149,999900,999900,999900,99990,20,0.7,3,3,999.0,999,9,'999999999,0,0.0000,0,88,999.000,0.0,1.0
2056/12/3,10:00,?9?9?9?9E0?9?9?9?9*9?9*9?9?9?9?9?9?9*9*_?9*9*9?9?9,29.0,22.5,68,101427,9999,9999,421,588,659,170,999900,999900,999900,99990,20,1.2,4,4,999.0,999,9,'999999999,0,0.0000,0,88,999.000,0.0,1.0
2056/12/3,11:00,?9?9?9?9E0?9?9?9?9*9?9*9?9?9?9?9?9?9*9*_?9*9*9?9?9,29.9,20.8,58,101327,9999,9999,424,759,792,164,999900,999900,999900,99990,20,1.4,4,4,999.0,999,9,'999999999,0,0.0000,0,88,999.000,0.0,1.0
2056/12/3,12:00,?9?9?9?9E0?9?9?9?9*9?9*9?9?9?9?9?9?9*9*_?9*9*9?9?9,30.4,20.4,55,101327,9999,9999,426,850,854,157,999900,999900,999900,99990,50,1.5,4,4,999.0,999,9,'999999999,0,0.0000,0,88,999.000,0.0,1.0
2056/12/3,13:00,?9?9?9?9E0?9?9?9?9*9?9*9?9?9?9?9?9?9*9*_?9*9*9?9?9,30.5,18.6,49,101227,9999,9999,424,872,899,143,999900,999900,999900,99990,50,1.6,4,4,999.0,999,9,'999999999,0,0.0000,0,88,999.000,0.0,1.0
2056/12/3,14:00,?9?9?9?9E0?9?9?9?9*9?9*9?9?9?9?9?9?9*9*_?9*9*9?9?9,30.4,18.5,49,101127,9999,9999,424,776,845,143,999900,999900,999900,99990,50,1.8,4,4,999.0,999,9,'999999999,0,0.0000,0,88,999.000,0.0,1.0
2056/12/3,15:00,?9?9?9?9E0?9?9?9?9*9?9*9?9?9?9?9?9?9*9*_?9*9*9?9?9,30.4,18.5,49,101027,9999,9999,424,625,775,136,999900,999900,999900,99990,60,1.6,4,4,999.0,999,9,'999999999,0,0.0000,0,88,999.000,0.0,1.0
2056/12/3,16:00,?9?9?9?9E0?9?9?9?9*9?9*9?9?9?9?9?9?9*9*_?9*9*9?9?9,29.3,17.2,48,101027,9999,9999,419,403,582,133,999900,999900,999900,99990,60,1.6,5,5,999.0,999,9,'999999999,0,0.0000,0,88,999.000,0.0,1.0
2056/12/3,17:00,?9?9?9?9E0?9?9?9?9*9?9*9?9?9?9?9?9?9*9*_?9*9*9?9?9,28.6,17.5,51,101027,9999,9999,416,189,352,98,999900,999900,999900,99990,60,1.2,5,5,999.0,999,9,'999999999,0,0.0000,0,88,999.000,0.0,1.0
2056/12/3,18:00,?9?9?9?9E0?9?9?9?9*9?9*9?9?9?9?9?9?9*9*_?9*9*9?9?9,27.4,17.9,56,101127,9999,9999,409,19,0,19,999900,999900,999900,99990,60,0.6,5,5,999.0,999,9,'999999999,0,0.0000,0,88,999.000,0.0,1.0
2056/12/3,19:00,?9?9?9?9E0?9?9?9?9*9?9*9?9?9?9?9?9?9*9*_?9*9*9?9?9,26.1,20.4,71,101227,9999,9999,406,0,0,0,999900,999900,999900,99990,60,0.2,5,5,999.0,999,9,'999999999,0,0.0000,0,88,999.000,0.0,1.0
2056/12/3,20:00,?9?9?9?9E0?9?9?9?9*9?9*9?9?9?9?9?9?9*9*_?9*9*9?9?9,25.5,21.6,79,101227,9999,9999,404,0,0,0,999900,999900,999900,99990,60,0.0,5,5,999.0,999,9,'999999999,0,0.0000,0,88,999.000,0.0,1.0
2056/12/3,21:00,?9?9?9?9E0?9?9?9?9*9?9*9?9?9?9?9?9?9*9*_?9*9*9?9?9,24.8,21.7,83,101327,9999,9999,400,0,0,0,999900,999900,999900,99990,60,0.0,5,5,999.0,999,9,'999999999,0,0.0000,0,88,999.000,0.0,1.0
2056/12/3,22:00,?9?9?9?9E0?9?9?9?9*9?9*9?9?9?9?9?9?9*9*_?9*9*9?9?9,24.3,22.0,87,101427,9999,9999,398,0,0,0,999900,999900,999900,99990,60,0.0,5,5,999.0,999,9,'999999999,0,0.0000,0,88,999.000,0.0,1.0
2056/12/3,23:00,?9?9?9?9E0?9?9?9?9*9?9*9?9?9?9?9?9?9*9*_?9*9*9?9?9,24.2,22.1,88,101427,9999,9999,397,0,0,0,999900,999900,999900,99990,60,0.0,5,5,999.0,999,9,'999999999,0,0.0000,0,88,999.000,0.0,1.0
2056/12/3,24:00,?9?9?9?9E0?9?9?9?9*9?9*9?9?9?9?9?9?9*9*_?9*9*9?9?9,24.0,22.1,89,101427,9999,9999,396,0,0,0,999900,999900,999900,99990,340,0.0,5,5,999.0,999,9,'999999999,0,0.0000,0,88,999.000,0.0,1.0
2056/12/4,01:00,?9?9?9?9E0?9?9?9?9*9?9*9?9?9?9?9?9?9*9*_?9*9*9?9?9,23.9,22.0,89,101327,9999,9999,390,0,0,0,999900,999900,999900,99990,340,0.0,3,3,999.0,999,9,'999999999,0,0.0000,0,88,999.000,0.0,1.0
2056/12/4,02:00,?9?9?9?9E0?9?9?9?9*9?9*9?9?9?9?9?9?9*9*_?9*9*9?9?9,23.4,21.5,89,101327,9999,9999,386,0,0,0,999900,999900,999900,99990,340,0.0,3,3,999.0,999,9,'999999999,0,0.0000,0,88,999.000,0.0,1.0
2056/12/4,03:00,?9?9?9?9E0?9?9?9?9*9?9*9?9?9?9?9?9?9*9*_?9*9*9?9?9,23.3,21.8,91,101227,9999,9999,386,0,0,0,999900,999900,999900,99990,340,0.0,3,3,999.0,999,9,'999999999,0,0.0000,0,88,999.000,0.0,1.0
2056/12/4,04:00,?9?9?9?9E0?9?9?9?9*9?9*9?9?9?9?9?9?9*9*_?9*9*9?9?9,23.1,21.6,91,101227,9999,9999,385,0,0,0,999900,999900,999900,99990,340,0.0,3,3,999.0,999,9,'999999999,0,0.0000,0,88,999.000,0.0,1.0
2056/12/4,05:00,?9?9?9?9E0?9?9?9?9*9?9*9?9?9?9?9?9?9*9*_?9*9*9?9?9,22.9,21.4,91,101227,9999,9999,384,0,0,0,999900,999900,999900,99990,340,0.0,3,3,999.0,999,9,'999999999,0,0.0000,0,88,999.000,0.0,1.0
2056/12/4,06:00,?9?9?9?9E0?9?9?9?9*9?9*9?9?9?9?9?9?9*9*_?9*9*9?9?9,22.7,21.2,91,101327,9999,9999,382,0,0,0,999900,999900,999900,99990,340,0.0,3,3,999.0,999,9,'999999999,0,0.0000,0,88,999.000,0.0,1.0
2056/12/4,07:00,?9?9?9?9E0?9?9?9?9*9?9*9?9?9?9?9?9?9*9*_?9*9*9?9?9,23.1,21.6,91,101327,9999,9999,385,33,0,33,999900,999900,999900,99990,340,0.0,3,3,999.0,999,9,'999999999,0,0.0000,0,88,999.000,0.0,1.0
2056/12/4,08:00,?9?9?9?9E0?9?9?9?9*9?9*9?9?9?9?9?9?9*9*_?9*9*9?9?9,24.8,22.7,88,101427,9999,9999,395,192,360,98,999900,999900,999900,99990,340,0.0,3,3,999.0,999,9,'999999999,0,0.0000,0,88,999.000,0.0,1.0
2056/12/4,09:00,?9?9?9?9E0?9?9?9?9*9?9*9?9?9?9?9?9?9*9*_?9*9*9?9?9,26.6,21.2,72,101527,9999,9999,403,407,576,139,999900,999900,999900,99990,340,0.4,3,3,999.0,999,9,'999999999,0,0.0000,0,88,999.000,0.0,1.0
2056/12/4,10:00,?9?9?9?9E0?9?9?9?9*9?9*9?9?9?9?9?9?9*9*_?9*9*9?9?9,28.2,20.0,61,101527,9999,9999,410,622,760,142,999900,999900,999900,99990,340,0.5,3,3,999.0,999,9,'999999999,0,0.0000,0,88,999.000,0.0,1.0
2056/12/4,11:00,?9?9?9?9E0?9?9?9?9*9?9*9?9?9?9?9?9?9*9*_?9*9*9?9?9,29.3,19.6,56,101427,9999,9999,416,786,863,139,999900,999900,999900,99990,340,1.1,3,3,999.0,999,9,'999999999,0,0.0000,0,88,999.000,0.0,1.0
2056/12/4,12:00,?9?9?9?9E0?9?9?9?9*9?9*9?9?9?9?9?9?9*9*_?9*9*9?9?9,30.4,20.1,54,101327,9999,9999,422,869,899,141,999900,999900,999900,99990,50,0.8,3,3,999.0,999,9,'999999999,0,0.0000,0,88,999.000,0.0,1.0
2056/12/4,13:00,?9?9?9?9E0?9?9?9?9*9?9*9?9?9?9?9?9?9*9*_?9*9*9?9?9,30.7,19.1,50,101227,9999,9999,426,861,885,144,999900,999900,999900,99990,50,1.4,4,4,999.0,999,9,'999999999,0,0.0000,0,88,999.000,0.0,1.0
2056/12/4,14:00,?9?9?9?9E0?9?9?9?9*9?9*9?9?9?9?9?9?9*9*_?9*9*9?9?9,30.8,19.2,50,101127,9999,9999,427,765,826,147,999900,999900,999900,99990,30,1.2,4,4,999.0,999,9,'999999999,0,0.0000,0,88,999.000,0.0,1.0
2056/12/4,15:00,?9?9?9?9E0?9?9?9?9*9?9*9?9?9?9?9?9?9*9*_?9*9*9?9?9,30.8,18.9,49,101127,9999,9999,426,621,773,134,999900,999900,999900,99990,30,1.0,4,4,999.0,999,9,'999999999,0,0.0000,0,88,999.000,0.0,1.0
2056/12/4,16:00,?9?9?9?9E0?9?9?9?9*9?9*9?9?9?9?9?9?9*9*_?9*9*9?9?9,30.3,18.4,49,101127,9999,9999,420,433,693,112,999900,999900,999900,99990,40,1.1,3,3,999.0,999,9,'999999999,0,0.0000,0,88,999.000,0.0,1.0
2056/12/4,17:00,?9?9?9?9E0?9?9?9?9*9?9*9?9?9?9?9?9?9*9*_?9*9*9?9?9,29.1,19.7,57,101127,9999,9999,415,204,447,88,999900,999900,999900,99990,40,1.0,3,3,999.0,999,9,'999999999,0,0.0000,0,88,999.000,0.0,1.0
2056/12/4,18:00,?9?9?9?9E0?9?9?9?9*9?9*9?9?9?9?9?9?9*9*_?9*9*9?9?9,27.9,20.0,62,101227,9999,9999,409,22,0,22,999900,999900,999900,99990,40,0.6,3,3,999.0,999,9,'999999999,0,0.0000,0,88,999.000,0.0,1.0
2056/12/4,19:00,?9?9?9?9E0?9?9?9?9*9?9*9?9?9?9?9?9?9*9*_?9*9*9?9?9,27.1,21.4,71,101227,9999,9999,406,0,0,0,999900,999900,999900,99990,40,0.5,3,3,999.0,999,9,'999999999,0,0.0000,0,88,999.000,0.0,1.0
2056/12/4,20:00,?9?9?9?9E0?9?9?9?9*9?9*9?9?9?9?9?9?9*9*_?9*9*9?9?9,25.8,22.1,80,101327,9999,9999,400,0,0,0,999900,999900,999900,99990,40,0.1,3,3,999.0,999,9,'999999999,0,0.0000,0,88,999.000,0.0,1.0
2056/12/4,21:00,?9?9?9?9E0?9?9?9?9*9?9*9?9?9?9?9?9?9*9*_?9*9*9?9?9,25.1,22.6,86,101427,9999,9999,397,0,0,0,999900,999900,999900,99990,40,0.0,3,3,999.0,999,9,'999999999,0,0.0000,0,88,999.000,0.0,1.0
2056/12/4,22:00,?9?9?9?9E0?9?9?9?9*9?9*9?9?9?9?9?9?9*9*_?9*9*9?9?9,24.6,22.3,87,101427,9999,9999,390,0,0,0,999900,999900,999900,99990,40,0.0,2,2,999.0,999,9,'999999999,0,0.0000,0,88,999.000,0.0,1.0
2056/12/4,23:00,?9?9?9?9E0?9?9?9?9*9?9*9?9?9?9?9?9?9*9*_?9*9*9?9?9,24.0,22.1,89,101427,9999,9999,390,0,0,0,999900,999900,999900,99990,40,0.0,3,3,999.0,999,9,'999999999,0,0.0000,0,88,999.000,0.0,1.0
2056/12/4,24:00,?9?9?9?9E0?9?9?9?9*9?9*9?9?9?9?9?9?9*9*_?9*9*9?9?9,23.6,21.7,89,101327,9999,9999,388,0,0,0,999900,999900,999900,99990,40,0.0,3,3,999.0,999,9,'999999999,0,0.0000,0,88,999.000,0.0,1.0
2056/12/5,01:00,?9?9?9?9E0?9?9?9?9*9?9*9?9?9?9?9?9?9*9*_?9*9*9?9?9,23.4,21.5,89,101227,9999,9999,386,0,0,0,999900,999900,999900,99990,40,0.0,3,3,999.0,999,9,'999999999,0,0.0000,0,88,999.000,0.0,1.0
2056/12/5,02:00,?9?9?9?9E0?9?9?9?9*9?9*9?9?9?9?9?9?9*9*_?9*9*9?9?9,23.5,21.6,89,101227,9999,9999,387,0,0,0,999900,999900,999900,99990,40,0.0,3,3,999.0,999,9,'999999999,0,0.0000,0,88,999.000,0.0,1.0
2056/12/5,03:00,?9?9?9?9E0?9?9?9?9*9?9*9?9?9?9?9?9?9*9*_?9*9*9?9?9,23.4,21.5,89,101227,9999,9999,386,0,0,0,999900,999900,999900,99990,40,0.0,3,3,999.0,999,9,'999999999,0,0.0000,0,88,999.000,0.0,1.0
2056/12/5,04:00,?9?9?9?9E0?9?9?9?9*9?9*9?9?9?9?9?9?9*9*_?9*9*9?9?9,23.2,21.3,89,101227,9999,9999,381,0,0,0,999900,999900,999900,99990,40,0.0,2,2,999.0,999,9,'999999999,0,0.0000,0,88,999.000,0.0,1.0
2056/12/5,05:00,?9?9?9?9E0?9?9?9?9*9?9*9?9?9?9?9?9?9*9*_?9*9*9?9?9,23.1,21.2,89,101227,9999,9999,385,0,0,0,999900,999900,999900,99990,40,0.0,3,3,999.0,999,9,'999999999,0,0.0000,0,88,999.000,0.0,1.0
2056/12/5,06:00,?9?9?9?9E0?9?9?9?9*9?9*9?9?9?9?9?9?9*9*_?9*9*9?9?9,22.7,21.0,90,101227,9999,9999,382,0,0,0,999900,999900,999900,99990,340,0.0,3,3,999.0,999,9,'999999999,0,0.0000,0,88,999.000,0.0,1.0
2056/12/5,07:00,?9?9?9?9E0?9?9?9?9*9?9*9?9?9?9?9?9?9*9*_?9*9*9?9?9,22.8,21.1,90,101327,9999,9999,383,32,0,32,999900,999900,999900,99990,340,0.0,3,3,999.0,999,9,'999999999,0,0.0000,0,88,999.000,0.0,1.0
2056/12/5,08:00,?9?9?9?9E0?9?9?9?9*9?9*9?9?9?9?9?9?9*9*_?9*9*9?9?9,25.0,22.7,87,101327,9999,9999,399,183,311,102,999900,999900,999900,99990,340,0.0,4,4,999.0,999,9,'999999999,0,0.0000,0,88,999.000,0.0,1.0
2056/12/5,09:00,?9?9?9?9E0?9?9?9?9*9?9*9?9?9?9?9?9?9*9*_?9*9*9?9?9,26.9,21.4,72,101327,9999,9999,405,404,556,146,999900,999900,999900,99990,30,0.5,3,3,999.0,999,9,'999999999,0,0.0000,0,88,999.000,0.0,1.0
2056/12/5,10:00,?9?9?9?9E0?9?9?9?9*9?9*9?9?9?9?9?9?9*9*_?9*9*9?9?9,28.6,20.6,62,101327,9999,9999,413,617,732,156,999900,999900,999900,99990,30,1.0,3,3,999.0,999,9,'999999999,0,0.0000,0,88,999.000,0.0,1.0
2056/12/5,11:00,?9?9?9?9E0?9?9?9?9*9?9*9?9?9?9?9?9?9*9*_?9*9*9?9?9,29.4,20.8,60,101327,9999,9999,424,714,695,195,999900,999900,999900,99990,30,0.8,5,5,999.0,999,9,'999999999,0,0.0000,0,88,999.000,0.0,1.0
2056/12/5,12:00,?9?9?9?9E0?9?9?9?9*9?9*9?9?9?9?9?9?9*9*_?9*9*9?9?9,30.4,20.4,55,101227,9999,9999,429,804,752,196,999900,999900,999900,99990,30,1.0,5,5,999.0,999,9,'999999999,0,0.0000,0,88,999.000,0.0,1.0
2056/12/5,13:00,?9?9?9?9E0?9?9?9?9*9?9*9?9?9?9?9?9?9*9*_?9*9*9?9?9,30.5,20.5,55,101127,9999,9999,430,810,766,191,999900,999900,999900,99990,30,1.0,5,5,999.0,999,9,'999999999,0,0.0000,0,88,999.000,0.0,1.0
2056/12/5,14:00,?9?9?9?9E0?9?9?9?9*9?9*9?9?9?9?9?9?9*9*_?9*9*9?9?9,30.8,20.7,55,101027,9999,9999,432,719,707,190,999900,999900,999900,99990,30,1.4,5,5,999.0,999,9,'999999999,0,0.0000,0,88,999.000,0.0,1.0
2056/12/5,15:00,?9?9?9?9E0?9?9?9?9*9?9*9?9?9?9?9?9?9*9*_?9*9*9?9?9,30.5,20.2,54,101027,9999,9999,430,583,655,170,999900,999900,999900,99990,20,1.2,5,5,999.0,999,9,'999999999,0,0.0000,0,88,999.000,0.0,1.0
2056/12/5,16:00,?9?9?9?9E0?9?9?9?9*9?9*9?9?9?9?9?9?9*9*_?9*9*9?9?9,30.5,20.2,54,101027,9999,9999,426,409,590,135,999900,999900,999900,99990,20,1.0,4,4,999.0,999,9,'999999999,0,0.0000,0,88,999.000,0.0,1.0
2056/12/5,17:00,?9?9?9?9E0?9?9?9?9*9?9*9?9?9?9?9?9?9*9*_?9*9*9?9?9,29.5,20.9,60,101027,9999,9999,419,200,400,96,999900,999900,999900,99990,30,1.0,3,3,999.0,999,9,'999999999,0,0.0000,0,88,999.000,0.0,1.0
2056/12/5,18:00,?9?9?9?9E0?9?9?9?9*9?9*9?9?9?9?9?9?9*9*_?9*9*9?9?9,28.2,22.7,72,101127,9999,9999,417,20,0,20,999900,999900,999900,99990,50,1.2,4,4,999.0,999,9,'999999999,0,0.0000,0,88,999.000,0.0,1.0
2056/12/5,19:00,?9?9?9?9E0?9?9?9?9*9?9*9?9?9?9?9?9?9*9*_?9*9*9?9?9,27.8,23.2,76,101127,9999,9999,412,0,0,0,999900,999900,999900,99990,30,0.7,3,3,999.0,999,9,'999999999,0,0.0000,0,88,999.000,0.0,1.0
2056/12/5,20:00,?9?9?9?9E0?9?9?9?9*9?9*9?9?9?9?9?9?9*9*_?9*9*9?9?9,27.3,23.6,80,101227,9999,9999,410,0,0,0,999900,999900,999900,99990,30,0.4,3,3,999.0,999,9,'999999999,0,0.0000,0,88,999.000,0.0,1.0
2056/12/5,21:00,?9?9?9?9E0?9?9?9?9*9?9*9?9?9?9?9?9?9*9*_?9*9*9?9?9,26.8,24.1,85,101227,9999,9999,408,0,0,0,999900,999900,999900,99990,20,0.3,3,3,999.0,999,9,'999999999,0,0.0000,0,88,999.000,0.0,1.0
2056/12/5,22:00,?9?9?9?9E0?9?9?9?9*9?9*9?9?9?9?9?9?9*9*_?9*9*9?9?9,26.3,23.8,86,101327,9999,9999,408,0,0,0,999900,999900,999900,99990,20,0.0,4,4,999.0,999,9,'999999999,0,0.0000,0,88,999.000,0.0,1.0
2056/12/5,23:00,?9?9?9?9E0?9?9?9?9*9?9*9?9?9?9?9?9?9*9*_?9*9*9?9?9,26.2,23.9,87,101227,9999,9999,407,0,0,0,999900,999900,999900,99990,20,0.0,4,4,999.0,999,9,'999999999,0,0.0000,0,88,999.000,0.0,1.0
2056/12/5,24:00,?9?9?9?9E0?9?9?9?9*9?9*9?9?9?9?9?9?9*9*_?9*9*9?9?9,25.5,23.6,89,101227,9999,9999,400,0,0,0,999900,999900,999900,99990,20,0.0,3,3,999.0,999,9,'999999999,0,0.0000,0,88,999.000,0.0,1.0
2056/12/6,01:00,?9?9?9?9E0?9?9?9?9*9?9*9?9?9?9?9?9?9*9*_?9*9*9?9?9,25.0,23.1,89,101227,9999,9999,397,0,0,0,999900,999900,999900,99990,20,0.0,3,3,999.0,999,9,'999999999,0,0.0000,0,88,999.000,0.0,1.0
2056/12/6,02:00,?9?9?9?9E0?9?9?9?9*9?9*9?9?9?9?9?9?9*9*_?9*9*9?9?9,24.6,22.7,89,101127,9999,9999,394,0,0,0,999900,999900,999900,99990,20,0.0,3,3,999.0,999,9,'999999999,0,0.0000,0,88,999.000,0.0,1.0
2056/12/6,03:00,?9?9?9?9E0?9?9?9?9*9?9*9?9?9?9?9?9?9*9*_?9*9*9?9?9,24.3,22.8,91,101127,9999,9999,393,0,0,0,999900,999900,999900,99990,20,0.0,3,3,999.0,999,9,'999999999,0,0.0000,0,88,999.000,0.0,1.0
2056/12/6,04:00,?9?9?9?9E0?9?9?9?9*9?9*9?9?9?9?9?9?9*9*_?9*9*9?9?9,24.3,22.8,91,101127,9999,9999,393,0,0,0,999900,999900,999900,99990,20,0.1,3,3,999.0,999,9,'999999999,0,0.0000,0,88,999.000,0.0,1.0
2056/12/6,05:00,?9?9?9?9E0?9?9?9?9*9?9*9?9?9?9?9?9?9*9*_?9*9*9?9?9,24.2,22.7,91,101127,9999,9999,392,0,0,0,999900,999900,999900,99990,20,0.0,3,3,999.0,999,9,'999999999,0,0.0000,0,88,999.000,0.0,1.0
2056/12/6,06:00,?9?9?9?9E0?9?9?9?9*9?9*9?9?9?9?9?9?9*9*_?9*9*9?9?9,23.7,22.3,92,101127,9999,9999,389,0,0,0,999900,999900,999900,99990,20,0.0,3,3,999.0,999,9,'999999999,0,0.0000,0,88,999.000,0.0,1.0
2056/12/6,07:00,?9?9?9?9E0?9?9?9?9*9?9*9?9?9?9?9?9?9*9*_?9*9*9?9?9,23.6,22.2,92,101127,9999,9999,388,31,0,31,999900,999900,999900,99990,20,0.0,3,3,999.0,999,9,'999999999,0,0.0000,0,88,999.000,0.0,1.0
2056/12/6,08:00,?9?9?9?9E0?9?9?9?9*9?9*9?9?9?9?9?9?9*9*_?9*9*9?9?9,25.1,23.7,92,101227,9999,9999,394,191,359,99,999900,999900,999900,99990,20,0.0,2,2,999.0,999,9,'999999999,0,0.0000,0,88,999.000,0.0,1.0
2056/12/6,09:00,?9?9?9?9E0?9?9?9?9*9?9*9?9?9?9?9?9?9*9*_?9*9*9?9?9,27.4,23.0,77,101227,9999,9999,400,407,575,142,999900,999900,999900,99990,20,0.5,1,1,999.0,999,9,'999999999,0,0.0000,0,88,999.000,0.0,1.0
2056/12/6,10:00,?9?9?9?9E0?9?9?9?9*9?9*9?9?9?9?9?9?9*9*_?9*9*9?9?9,28.8,22.6,69,101227,9999,9999,413,613,729,155,999900,999900,999900,99990,20,1.0,2,2,999.0,999,9,'999999999,0,0.0000,0,88,999.000,0.0,1.0
2056/12/6,11:00,?9?9?9?9E0?9?9?9?9*9?9*9?9?9?9?9?9?9*9*_?9*9*9?9?9,29.4,22.1,65,101227,9999,9999,423,733,734,185,999900,999900,999900,99990,20,1.0,4,4,999.0,999,9,'999999999,0,0.0000,0,88,999.000,0.0,1.0
2056/12/6,12:00,?9?9?9?9E0?9?9?9?9*9?9*9?9?9?9?9?9?9*9*_?9*9*9?9?9,30.2,20.5,56,101227,9999,9999,432,757,662,223,999900,999900,999900,99990,20,0.9,6,6,999.0,999,9,'999999999,0,0.0000,0,88,999.000,0.0,1.0
2056/12/6,13:00,?9?9?9?9E0?9?9?9?9*9?9*9?9?9?9?9?9?9*9*_?9*9*9?9?9,29.8,20.1,56,101127,9999,9999,426,812,766,194,999900,999900,999900,99990,50,1.2,5,5,999.0,999,9,'999999999,0,0.0000,0,88,999.000,0.0,1.0
2056/12/6,14:00,?9?9?9?9E0?9?9?9?9*9?9*9?9?9?9?9?9?9*9*_?9*9*9?9?9,30.3,20.6,56,101027,9999,9999,429,717,703,192,999900,999900,999900,99990,30,1.1,5,5,999.0,999,9,'999999999,0,0.0000,0,88,999.000,0.0,1.0
2056/12/6,15:00,?9?9?9?9E0?9?9?9?9*9?9*9?9?9?9?9?9?9*9*_?9*9*9?9?9,29.8,20.1,56,100927,9999,9999,426,580,642,176,999900,999900,999900,99990,50,1.1,5,5,999.0,999,9,'999999999,0,0.0000,0,88,999.000,0.0,1.0
2056/12/6,16:00,?9?9?9?9E0?9?9?9?9*9?9*9?9?9?9?9?9?9*9*_?9*9*9?9?9,29.8,20.1,56,100927,9999,9999,426,386,510,149,999900,999900,999900,99990,40,1.2,5,5,999.0,999,9,'999999999,0,0.0000,0,88,999.000,0.0,1.0
2056/12/6,17:00,?9?9?9?9E0?9?9?9?9*9?9*9?9?9?9?9?9?9*9*_?9*9*9?9?9,28.9,19.5,57,100927,9999,9999,413,206,428,94,999900,999900,999900,99990,60,1.2,3,3,999.0,999,9,'999999999,0,0.0000,0,88,999.000,0.0,1.0
2056/12/6,18:00,?9?9?9?9E0?9?9?9?9*9?9*9?9?9?9?9?9?9*9*_?9*9*9?9?9,27.8,20.1,63,101027,9999,9999,411,22,0,22,999900,999900,999900,99990,50,0.5,4,4,999.0,999,9,'999999999,0,0.0000,0,88,999.000,0.0,1.0
2056/12/6,19:00,?9?9?9?9E0?9?9?9?9*9?9*9?9?9?9?9?9?9*9*_?9*9*9?9?9,27.3,21.4,70,101127,9999,9999,407,0,0,0,999900,999900,999900,99990,90,0.4,3,3,999.0,999,9,'999999999,0,0.0000,0,88,999.000,0.0,1.0
2056/12/6,20:00,?9?9?9?9E0?9?9?9?9*9?9*9?9?9?9?9?9?9*9*_?9*9*9?9?9,26.1,21.3,75,101227,9999,9999,401,0,0,0,999900,999900,999900,99990,90,0.0,3,3,999.0,999,9,'999999999,0,0.0000,0,88,999.000,0.0,1.0
2056/12/6,21:00,?9?9?9?9E0?9?9?9?9*9?9*9?9?9?9?9?9?9*9*_?9*9*9?9?9,26.1,21.8,77,101227,9999,9999,401,0,0,0,999900,999900,999900,99990,20,0.4,3,3,999.0,999,9,'999999999,0,0.0000,0,88,999.000,0.0,1.0
2056/12/6,22:00,?9?9?9?9E0?9?9?9?9*9?9*9?9?9?9?9?9?9*9*_?9*9*9?9?9,25.9,22.0,79,101227,9999,9999,400,0,0,0,999900,999900,999900,99990,20,0.4,3,3,999.0,999,9,'999999999,0,0.0000,0,88,999.000,0.0,1.0
2056/12/6,23:00,?9?9?9?9E0?9?9?9?9*9?9*9?9?9?9?9?9?9*9*_?9*9*9?9?9,25.9,22.0,79,101227,9999,9999,400,0,0,0,999900,999900,999900,99990,20,0.5,3,3,999.0,999,9,'999999999,0,0.0000,0,88,999.000,0.0,1.0
2056/12/6,24:00,?9?9?9?9E0?9?9?9?9*9?9*9?9?9?9?9?9?9*9*_?9*9*9?9?9,25.3,21.6,80,101227,9999,9999,397,0,0,0,999900,999900,999900,99990,50,0.0,3,3,999.0,999,9,'999999999,0,0.0000,0,88,999.000,0.0,1.0
2056/12/7,01:00,?9?9?9?9E0?9?9?9?9*9?9*9?9?9?9?9?9?9*9*_?9*9*9?9?9,24.3,21.8,86,101127,9999,9999,392,0,0,0,999900,999900,999900,99990,50,0.0,3,3,999.0,999,9,'999999999,0,0.0000,0,88,999.000,0.0,1.0
2056/12/7,02:00,?9?9?9?9E0?9?9?9?9*9?9*9?9?9?9?9?9?9*9*_?9*9*9?9?9,24.2,21.7,86,101127,9999,9999,387,0,0,0,999900,999900,999900,99990,50,0.0,2,2,999.0,999,9,'999999999,0,0.0000,0,88,999.000,0.0,1.0
2056/12/7,03:00,?9?9?9?9E0?9?9?9?9*9?9*9?9?9?9?9?9?9*9*_?9*9*9?9?9,23.9,21.4,86,101027,9999,9999,380,0,0,0,999900,999900,999900,99990,50,0.0,1,1,999.0,999,9,'999999999,0,0.0000,0,88,999.000,0.0,1.0
2056/12/7,04:00,?9?9?9?9E0?9?9?9?9*9?9*9?9?9?9?9?9?9*9*_?9*9*9?9?9,23.7,21.2,86,101027,9999,9999,379,0,0,0,999900,999900,999900,99990,50,0.0,1,1,999.0,999,9,'999999999,0,0.0000,0,88,999.000,0.0,1.0
2056/12/7,05:00,?9?9?9?9E0?9?9?9?9*9?9*9?9?9?9?9?9?9*9*_?9*9*9?9?9,23.4,20.9,86,101027,9999,9999,382,0,0,0,999900,999900,999900,99990,50,0.0,2,2,999.0,999,9,'999999999,0,0.0000,0,88,999.000,0.0,1.0
2056/12/7,06:00,?9?9?9?9E0?9?9?9?9*9?9*9?9?9?9?9?9?9*9*_?9*9*9?9?9,23.3,20.8,86,101027,9999,9999,385,0,0,0,999900,999900,999900,99990,320,0.0,3,3,999.0,999,9,'999999999,0,0.0000,0,88,999.000,0.0,1.0
2056/12/7,07:00,?9?9?9?9E0?9?9?9?9*9?9*9?9?9?9?9?9?9*9*_?9*9*9?9?9,23.3,20.8,86,101127,9999,9999,385,30,0,30,999900,999900,999900,99990,320,0.0,3,3,999.0,999,9,'999999999,0,0.0000,0,88,999.000,0.0,1.0
2056/12/7,08:00,?9?9?9?9E0?9?9?9?9*9?9*9?9?9?9?9?9?9*9*_?9*9*9?9?9,25.3,22.6,85,101227,9999,9999,401,181,316,100,999900,999900,999900,99990,320,0.0,4,4,999.0,999,9,'999999999,0,0.0000,0,88,999.000,0.0,1.0
2056/12/7,09:00,?9?9?9?9E0?9?9?9?9*9?9*9?9?9?9?9?9?9*9*_?9*9*9?9?9,27.1,22.1,74,101327,9999,9999,407,396,540,148,999900,999900,999900,99990,340,0.0,3,3,999.0,999,9,'999999999,0,0.0000,0,88,999.000,0.0,1.0
2056/12/7,10:00,?9?9?9?9E0?9?9?9?9*9?9*9?9?9?9?9?9?9*9*_?9*9*9?9?9,28.5,22.7,71,101327,9999,9999,415,593,685,165,999900,999900,999900,99990,340,0.8,3,3,999.0,999,9,'999999999,0,0.0000,0,88,999.000,0.0,1.0
2056/12/7,11:00,?9?9?9?9E0?9?9?9?9*9?9*9?9?9?9?9?9?9*9*_?9*9*9?9?9,29.8,20.4,57,101227,9999,9999,423,751,786,166,999900,999900,999900,99990,340,0.7,4,4,999.0,999,9,'999999999,0,0.0000,0,88,999.000,0.0,1.0
2056/12/7,12:00,?9?9?9?9E0?9?9?9?9*9?9*9?9?9?9?9?9?9*9*_?9*9*9?9?9,30.5,18.9,50,101227,9999,9999,425,852,860,159,999900,999900,999900,99990,10,0.7,4,4,999.0,999,9,'999999999,0,0.0000,0,88,999.000,0.0,1.0
2056/12/7,13:00,?9?9?9?9E0?9?9?9?9*9?9*9?9?9?9?9?9?9*9*_?9*9*9?9?9,31.1,19.1,49,101127,9999,9999,432,822,798,178,999900,999900,999900,99990,10,0.8,5,5,999.0,999,9,'999999999,0,0.0000,0,88,999.000,0.0,1.0
2056/12/7,14:00,?9?9?9?9E0?9?9?9?9*9?9*9?9?9?9?9?9?9*9*_?9*9*9?9?9,30.5,21.3,58,101027,9999,9999,431,710,689,195,999900,999900,999900,99990,10,0.7,5,5,999.0,999,9,'999999999,0,0.0000,0,88,999.000,0.0,1.0
2056/12/7,15:00,?9?9?9?9E0?9?9?9?9*9?9*9?9?9?9?9?9?9*9*_?9*9*9?9?9,29.9,21.3,60,100927,9999,9999,428,571,617,182,999900,999900,999900,99990,30,1.2,5,5,999.0,999,9,'999999999,0,0.0000,0,88,999.000,0.0,1.0
2056/12/7,16:00,?9?9?9?9E0?9?9?9?9*9?9*9?9?9?9?9?9?9*9*_?9*9*9?9?9,30.3,21.7,60,100927,9999,9999,431,381,482,157,999900,999900,999900,99990,30,1.0,5,5,999.0,999,9,'999999999,0,0.0000,0,88,999.000,0.0,1.0
2056/12/7,17:00,?9?9?9?9E0?9?9?9?9*9?9*9?9?9?9?9?9?9*9*_?9*9*9?9?9,29.3,22.1,65,100927,9999,9999,425,178,276,106,999900,999900,999900,99990,30,1.2,5,5,999.0,999,9,'999999999,0,0.0000,0,88,999.000,0.0,1.0
2056/12/7,18:00,?9?9?9?9E0?9?9?9?9*9?9*9?9?9?9?9?9?9*9*_?9*9*9?9?9,27.8,21.4,68,101027,9999,9999,416,19,0,19,999900,999900,999900,99990,30,0.8,5,5,999.0,999,9,'999999999,0,0.0000,0,88,999.000,0.0,1.0
2056/12/7,19:00,?9?9?9?9E0?9?9?9?9*9?9*9?9?9?9?9?9?9*9*_?9*9*9?9?9,27.3,23.6,80,101127,9999,9999,416,0,0,0,999900,999900,999900,99990,40,0.5,5,5,999.0,999,9,'999999999,0,0.0000,0,88,999.000,0.0,1.0
2056/12/7,20:00,?9?9?9?9E0?9?9?9?9*9?9*9?9?9?9?9?9?9*9*_?9*9*9?9?9,26.6,23.7,84,101127,9999,9999,412,0,0,0,999900,999900,999900,99990,40,0.1,5,5,999.0,999,9,'999999999,0,0.0000,0,88,999.000,0.0,1.0
2056/12/7,21:00,?9?9?9?9E0?9?9?9?9*9?9*9?9?9?9?9?9?9*9*_?9*9*9?9?9,25.6,23.3,87,101227,9999,9999,400,0,0,0,999900,999900,999900,99990,40,0.0,3,3,999.0,999,9,'999999999,0,0.0000,0,88,999.000,0.0,1.0
2056/12/7,22:00,?9?9?9?9E0?9?9?9?9*9?9*9?9?9?9?9?9?9*9*_?9*9*9?9?9,25.2,23.1,88,101227,9999,9999,398,0,0,0,999900,999900,999900,99990,40,0.0,3,3,999.0,999,9,'999999999,0,0.0000,0,88,999.000,0.0,1.0
2056/12/7,23:00,?9?9?9?9E0?9?9?9?9*9?9*9?9?9?9?9?9?9*9*_?9*9*9?9?9,24.7,22.6,88,101227,9999,9999,395,0,0,0,999900,999900,999900,99990,40,0.0,3,3,999.0,999,9,'999999999,0,0.0000,0,88,999.000,0.0,1.0
2056/12/7,24:00,?9?9?9?9E0?9?9?9?9*9?9*9?9?9?9?9?9?9*9*_?9*9*9?9?9,24.1,22.4,90,101127,9999,9999,394,0,0,0,999900,999900,999900,99990,40,0.0,4,4,999.0,999,9,'999999999,0,0.0000,0,88,999.000,0.0,1.0
2056/12/8,01:00,?9?9?9?9E0?9?9?9?9*9?9*9?9?9?9?9?9?9*9*_?9*9*9?9?9,23.8,22.1,90,101127,9999,9999,385,0,0,0,999900,999900,999900,99990,40,0.0,2,2,999.0,999,9,'999999999,0,0.0000,0,88,999.000,0.0,1.0
2056/12/8,02:00,?9?9?9?9E0?9?9?9?9*9?9*9?9?9?9?9?9?9*9*_?9*9*9?9?9,23.8,22.3,91,101027,9999,9999,389,0,0,0,999900,999900,999900,99990,40,0.0,3,3,999.0,999,9,'999999999,0,0.0000,0,88,999.000,0.0,1.0
2056/12/8,03:00,?9?9?9?9E0?9?9?9?9*9?9*9?9?9?9?9?9?9*9*_?9*9*9?9?9,23.7,22.5,93,101027,9999,9999,389,0,0,0,999900,999900,999900,99990,40,0.3,3,3,999.0,999,9,'999999999,0,0.0000,0,88,999.000,0.0,1.0
2056/12/8,04:00,?9?9?9?9E0?9?9?9?9*9?9*9?9?9?9?9?9?9*9*_?9*9*9?9?9,23.6,22.4,93,101027,9999,9999,389,0,0,0,999900,999900,999900,99990,40,0.0,3,3,999.0,999,9,'999999999,0,0.0000,0,88,999.000,0.0,1.0
2056/12/8,05:00,?9?9?9?9E0?9?9?9?9*9?9*9?9?9?9?9?9?9*9*_?9*9*9?9?9,23.5,22.3,93,101027,9999,9999,388,0,0,0,999900,999900,999900,99990,40,0.0,3,3,999.0,999,9,'999999999,0,0.0000,0,88,999.000,0.0,1.0
2056/12/8,06:00,?9?9?9?9E0?9?9?9?9*9?9*9?9?9?9?9?9?9*9*_?9*9*9?9?9,23.3,22.1,93,101027,9999,9999,387,0,0,0,999900,999900,999900,99990,40,0.0,3,3,999.0,999,9,'999999999,0,0.0000,0,88,999.000,0.0,1.0
2056/12/8,07:00,?9?9?9?9E0?9?9?9?9*9?9*9?9?9?9?9?9?9*9*_?9*9*9?9?9,23.1,21.9,93,101127,9999,9999,382,29,0,29,999900,999900,999900,99990,40,0.0,2,2,999.0,999,9,'999999999,0,0.0000,0,88,999.000,0.0,1.0
2056/12/8,08:00,?9?9?9?9E0?9?9?9?9*9?9*9?9?9?9?9?9?9*9*_?9*9*9?9?9,24.3,22.9,92,101227,9999,9999,393,183,322,102,999900,999900,999900,99990,40,0.4,3,3,999.0,999,9,'999999999,0,0.0000,0,88,999.000,0.0,1.0
2056/12/8,09:00,?9?9?9?9E0?9?9?9?9*9?9*9?9?9?9?9?9?9*9*_?9*9*9?9?9,26.8,24.1,85,101327,9999,9999,408,378,469,164,999900,999900,999900,99990,340,0.5,3,3,999.0,999,9,'999999999,0,0.0000,0,88,999.000,0.0,1.0
2056/12/8,10:00,?9?9?9?9E0?9?9?9?9*9?9*9?9?9?9?9?9?9*9*_?9*9*9?9?9,28.7,24.9,80,101327,9999,9999,423,547,545,207,999900,999900,999900,99990,20,0.5,4,4,999.0,999,9,'999999999,0,0.0000,0,88,999.000,0.0,1.0
2056/12/8,11:00,?9?9?9?9E0?9?9?9?9*9?9*9?9?9?9?9?9?9*9*_?9*9*9?9?9,29.7,24.6,74,101327,9999,9999,431,664,575,237,999900,999900,999900,99990,40,0.6,5,5,999.0,999,9,'999999999,0,0.0000,0,88,999.000,0.0,1.0
2056/12/8,12:00,?9?9?9?9E0?9?9?9?9*9?9*9?9?9?9?9?9?9*9*_?9*9*9?9?9,30.5,21.9,60,101227,9999,9999,432,783,702,218,999900,999900,999900,99990,30,0.6,5,5,999.0,999,9,'999999999,0,0.0000,0,88,999.000,0.0,1.0
2056/12/8,13:00,?9?9?9?9E0?9?9?9?9*9?9*9?9?9?9?9?9?9*9*_?9*9*9?9?9,30.5,21.6,59,101127,9999,9999,432,797,733,206,999900,999900,999900,99990,60,1.2,5,5,999.0,999,9,'999999999,0,0.0000,0,88,999.000,0.0,1.0
2056/12/8,14:00,?9?9?9?9E0?9?9?9?9*9?9*9?9?9?9?9?9?9*9*_?9*9*9?9?9,30.7,21.8,59,101027,9999,9999,433,707,672,205,999900,999900,999900,99990,50,1.2,5,5,999.0,999,9,'999999999,0,0.0000,0,88,999.000,0.0,1.0
2056/12/8,15:00,?9?9?9?9E0?9?9?9?9*9?9*9?9?9?9?9?9?9*9*_?9*9*9?9?9,30.7,21.5,58,101027,9999,9999,433,573,613,187,999900,999900,999900,99990,20,1.2,5,5,999.0,999,9,'999999999,0,0.0000,0,88,999.000,0.0,1.0
2056/12/8,16:00,?9?9?9?9E0?9?9?9?9*9?9*9?9?9?9?9?9?9*9*_?9*9*9?9?9,30.5,21.3,58,101027,9999,9999,431,383,479,160,999900,999900,999900,99990,20,1.1,5,5,999.0,999,9,'999999999,0,0.0000,0,88,999.000,0.0,1.0
2056/12/8,17:00,?9?9?9?9E0?9?9?9?9*9?9*9?9?9?9?9?9?9*9*_?9*9*9?9?9,29.5,20.7,59,101027,9999,9999,425,184,293,107,999900,999900,999900,99990,20,1.0,5,5,999.0,999,9,'999999999,0,0.0000,0,88,999.000,0.0,1.0
2056/12/8,18:00,?9?9?9?9E0?9?9?9?9*9?9*9?9?9?9?9?9?9*9*_?9*9*9?9?9,28.1,21.7,68,101027,9999,9999,418,20,0,20,999900,999900,999900,99990,360,0.5,5,5,999.0,999,9,'999999999,0,0.0000,0,88,999.000,0.0,1.0
2056/12/8,19:00,?9?9?9?9E0?9?9?9?9*9?9*9?9?9?9?9?9?9*9*_?9*9*9?9?9,27.1,21.9,73,101127,9999,9999,413,0,0,0,999900,999900,999900,99990,360,0.4,5,5,999.0,999,9,'999999999,0,0.0000,0,88,999.000,0.0,1.0
2056/12/8,20:00,?9?9?9?9E0?9?9?9?9*9?9*9?9?9?9?9?9?9*9*_?9*9*9?9?9,26.3,21.5,75,101127,9999,9999,405,0,0,0,999900,999900,999900,99990,360,0.3,4,4,999.0,999,9,'999999999,0,0.0000,0,88,999.000,0.0,1.0
2056/12/8,21:00,?9?9?9?9E0?9?9?9?9*9?9*9?9?9?9?9?9?9*9*_?9*9*9?9?9,25.1,22.0,83,101227,9999,9999,399,0,0,0,999900,999900,999900,99990,360,0.0,4,4,999.0,999,9,'999999999,0,0.0000,0,88,999.000,0.0,1.0
2056/12/8,22:00,?9?9?9?9E0?9?9?9?9*9?9*9?9?9?9?9?9?9*9*_?9*9*9?9?9,24.3,21.4,84,101227,9999,9999,391,0,0,0,999900,999900,999900,99990,360,0.0,3,3,999.0,999,9,'999999999,0,0.0000,0,88,999.000,0.0,1.0
2056/12/8,23:00,?9?9?9?9E0?9?9?9?9*9?9*9?9?9?9?9?9?9*9*_?9*9*9?9?9,23.8,22.1,90,101227,9999,9999,389,0,0,0,999900,999900,999900,99990,360,0.0,3,3,999.0,999,9,'999999999,0,0.0000,0,88,999.000,0.0,1.0
2056/12/8,24:00,?9?9?9?9E0?9?9?9?9*9?9*9?9?9?9?9?9?9*9*_?9*9*9?9?9,23.5,21.8,90,101127,9999,9999,387,0,0,0,999900,999900,999900,99990,360,0.0,3,3,999.0,999,9,'999999999,0,0.0000,0,88,999.000,0.0,1.0
2056/12/9,01:00,?9?9?9?9E0?9?9?9?9*9?9*9?9?9?9?9?9?9*9*_?9*9*9?9?9,23.2,21.5,90,101027,9999,9999,385,0,0,0,999900,999900,999900,99990,360,0.0,3,3,999.0,999,9,'999999999,0,0.0000,0,88,999.000,0.0,1.0
2056/12/9,02:00,?9?9?9?9E0?9?9?9?9*9?9*9?9?9?9?9?9?9*9*_?9*9*9?9?9,23.3,21.6,90,101027,9999,9999,386,0,0,0,999900,999900,999900,99990,360,0.0,3,3,999.0,999,9,'999999999,0,0.0000,0,88,999.000,0.0,1.0
2056/12/9,03:00,?9?9?9?9E0?9?9?9?9*9?9*9?9?9?9?9?9?9*9*_?9*9*9?9?9,23.1,21.4,90,100927,9999,9999,385,0,0,0,999900,999900,999900,99990,360,0.0,3,3,999.0,999,9,'999999999,0,0.0000,0,88,999.000,0.0,1.0
2056/12/9,04:00,?9?9?9?9E0?9?9?9?9*9?9*9?9?9?9?9?9?9*9*_?9*9*9?9?9,22.5,20.8,90,100927,9999,9999,381,0,0,0,999900,999900,999900,99990,360,0.0,3,3,999.0,999,9,'999999999,0,0.0000,0,88,999.000,0.0,1.0
2056/12/9,05:00,?9?9?9?9E0?9?9?9?9*9?9*9?9?9?9?9?9?9*9*_?9*9*9?9?9,22.1,20.9,93,100927,9999,9999,379,0,0,0,999900,999900,999900,99990,360,0.0,3,3,999.0,999,9,'999999999,0,0.0000,0,88,999.000,0.0,1.0
2056/12/9,06:00,?9?9?9?9E0?9?9?9?9*9?9*9?9?9?9?9?9?9*9*_?9*9*9?9?9,22.8,21.6,93,101027,9999,9999,384,0,0,0,999900,999900,999900,99990,320,0.0,3,3,999.0,999,9,'999999999,0,0.0000,0,88,999.000,0.0,1.0
2056/12/9,07:00,?9?9?9?9E0?9?9?9?9*9?9*9?9?9?9?9?9?9*9*_?9*9*9?9?9,22.4,21.2,93,101127,9999,9999,384,25,0,25,999900,999900,999900,99990,320,0.5,4,4,999.0,999,9,'999999999,0,0.0000,0,88,999.000,0.0,1.0
2056/12/9,08:00,?9?9?9?9E0?9?9?9?9*9?9*9?9?9?9?9?9?9*9*_?9*9*9?9?9,23.7,22.0,90,101127,9999,9999,392,173,269,106,999900,999900,999900,99990,320,0.4,4,4,999.0,999,9,'999999999,0,0.0000,0,88,999.000,0.0,1.0
2056/12/9,09:00,?9?9?9?9E0?9?9?9?9*9?9*9?9?9?9?9?9?9*9*_?9*9*9?9?9,26.2,21.2,74,101227,9999,9999,407,358,402,175,999900,999900,999900,99990,340,0.1,5,5,999.0,999,9,'999999999,0,0.0000,0,88,999.000,0.0,1.0
2056/12/9,10:00,?9?9?9?9E0?9?9?9?9*9?9*9?9?9?9?9?9?9*9*_?9*9*9?9?9,28.3,22.6,71,101227,9999,9999,420,540,529,211,999900,999900,999900,99990,20,1.0,5,5,999.0,999,9,'999999999,0,0.0000,0,88,999.000,0.0,1.0
2056/12/9,11:00,?9?9?9?9E0?9?9?9?9*9?9*9?9?9?9?9?9?9*9*_?9*9*9?9?9,29.3,21.5,63,101227,9999,9999,425,695,638,222,999900,999900,999900,99990,30,1.1,5,5,999.0,999,9,'999999999,0,0.0000,0,88,999.000,0.0,1.0
2056/12/9,12:00,?9?9?9?9E0?9?9?9?9*9?9*9?9?9?9?9?9?9*9*_?9*9*9?9?9,30.2,20.8,57,101127,9999,9999,433,745,617,249,999900,999900,999900,99990,360,1.2,6,6,999.0,999,9,'999999999,0,0.0000,0,88,999.000,0.0,1.0
2056/12/9,13:00,?9?9?9?9E0?9?9?9?9*9?9*9?9?9?9?9?9?9*9*_?9*9*9?9?9,30.6,20.0,53,101027,9999,9999,439,710,553,265,999900,999900,999900,99990,360,1.2,7,7,999.0,999,9,'999999999,0,0.0000,0,88,999.000,0.0,1.0
2056/12/9,14:00,?9?9?9?9E0?9?9?9?9*9?9*9?9?9?9?9?9?9*9*_?9*9*9?9?9,31.0,19.4,50,100927,9999,9999,431,730,712,199,999900,999900,999900,99990,10,1.5,5,5,999.0,999,9,'999999999,0,0.0000,0,88,999.000,0.0,1.0
2056/12/9,15:00,?9?9?9?9E0?9?9?9?9*9?9*9?9?9?9?9?9?9*9*_?9*9*9?9?9,31.2,20.2,52,100927,9999,9999,434,584,640,181,999900,999900,999900,99990,40,1.3,5,5,999.0,999,9,'999999999,0,0.0000,0,88,999.000,0.0,1.0
2056/12/9,16:00,?9?9?9?9E0?9?9?9?9*9?9*9?9?9?9?9?9?9*9*_?9*9*9?9?9,30.8,21.6,58,100927,9999,9999,433,383,478,161,999900,999900,999900,99990,40,1.2,5,5,999.0,999,9,'999999999,0,0.0000,0,88,999.000,0.0,1.0
2056/12/9,17:00,?9?9?9?9E0?9?9?9?9*9?9*9?9?9?9?9?9?9*9*_?9*9*9?9?9,29.5,22.2,65,100927,9999,9999,424,191,324,106,999900,999900,999900,99990,30,1.0,4,4,999.0,999,9,'999999999,0,0.0000,0,88,999.000,0.0,1.0
2056/12/9,18:00,?9?9?9?9E0?9?9?9?9*9?9*9?9?9?9?9?9?9*9*_?9*9*9?9?9,28.1,23.5,76,100927,9999,9999,414,23,0,23,999900,999900,999900,99990,40,0.6,3,3,999.0,999,9,'999999999,0,0.0000,0,88,999.000,0.0,1.0
2056/12/9,19:00,?9?9?9?9E0?9?9?9?9*9?9*9?9?9?9?9?9?9*9*_?9*9*9?9?9,27.2,23.3,79,101027,9999,9999,409,0,0,0,999900,999900,999900,99990,50,0.6,3,3,999.0,999,9,'999999999,0,0.0000,0,88,999.000,0.0,1.0
2056/12/9,20:00,?9?9?9?9E0?9?9?9?9*9?9*9?9?9?9?9?9?9*9*_?9*9*9?9?9,26.7,23.8,84,101027,9999,9999,407,0,0,0,999900,999900,999900,99990,50,0.3,3,3,999.0,999,9,'999999999,0,0.0000,0,88,999.000,0.0,1.0
2056/12/9,21:00,?9?9?9?9E0?9?9?9?9*9?9*9?9?9?9?9?9?9*9*_?9*9*9?9?9,26.1,24.0,88,101127,9999,9999,404,0,0,0,999900,999900,999900,99990,20,0.0,3,3,999.0,999,9,'999999999,0,0.0000,0,88,999.000,0.0,1.0
2056/12/9,22:00,?9?9?9?9E0?9?9?9?9*9?9*9?9?9?9?9?9?9*9*_?9*9*9?9?9,25.3,23.4,89,101127,9999,9999,399,0,0,0,999900,999900,999900,99990,20,0.0,3,3,999.0,999,9,'999999999,0,0.0000,0,88,999.000,0.0,1.0
2056/12/9,23:00,?9?9?9?9E0?9?9?9?9*9?9*9?9?9?9?9?9?9*9*_?9*9*9?9?9,25.0,23.1,89,101127,9999,9999,397,0,0,0,999900,999900,999900,99990,20,0.0,3,3,999.0,999,9,'999999999,0,0.0000,0,88,999.000,0.0,1.0
2056/12/9,24:00,?9?9?9?9E0?9?9?9?9*9?9*9?9?9?9?9?9?9*9*_?9*9*9?9?9,24.5,22.9,91,101027,9999,9999,394,0,0,0,999900,999900,999900,99990,320,0.0,3,3,999.0,999,9,'999999999,0,0.0000,0,88,999.000,0.0,1.0
2056/12/10,01:00,?9?9?9?9E0?9?9?9?9*9?9*9?9?9?9?9?9?9*9*_?9*9*9?9?9,24.3,22.8,91,101027,9999,9999,393,0,0,0,999900,999900,999900,99990,320,0.0,3,3,999.0,999,9,'999999999,0,0.0000,0,88,999.000,0.0,1.0
2056/12/10,02:00,?9?9?9?9E0?9?9?9?9*9?9*9?9?9?9?9?9?9*9*_?9*9*9?9?9,24.0,22.5,91,101027,9999,9999,391,0,0,0,999900,999900,999900,99990,320,0.0,3,3,999.0,999,9,'999999999,0,0.0000,0,88,999.000,0.0,1.0
2056/12/10,03:00,?9?9?9?9E0?9?9?9?9*9?9*9?9?9?9?9?9?9*9*_?9*9*9?9?9,23.3,21.8,91,100927,9999,9999,386,0,0,0,999900,999900,999900,99990,320,0.0,3,3,999.0,999,9,'999999999,0,0.0000,0,88,999.000,0.0,1.0
2056/12/10,04:00,?9?9?9?9E0?9?9?9?9*9?9*9?9?9?9?9?9?9*9*_?9*9*9?9?9,23.2,21.7,91,100927,9999,9999,386,0,0,0,999900,999900,999900,99990,320,0.0,3,3,999.0,999,9,'999999999,0,0.0000,0,88,999.000,0.0,1.0
2056/12/10,05:00,?9?9?9?9E0?9?9?9?9*9?9*9?9?9?9?9?9?9*9*_?9*9*9?9?9,23.1,21.6,91,100927,9999,9999,385,0,0,0,999900,999900,999900,99990,320,0.0,3,3,999.0,999,9,'999999999,0,0.0000,0,88,999.000,0.0,1.0
2056/12/10,06:00,?9?9?9?9E0?9?9?9?9*9?9*9?9?9?9?9?9?9*9*_?9*9*9?9?9,22.8,21.3,91,101027,9999,9999,383,0,0,0,999900,999900,999900,99990,320,0.0,3,3,999.0,999,9,'999999999,0,0.0000,0,88,999.000,0.0,1.0
2056/12/10,07:00,?9?9?9?9E0?9?9?9?9*9?9*9?9?9?9?9?9?9*9*_?9*9*9?9?9,22.5,21.0,91,101027,9999,9999,372,27,0,27,999900,999900,999900,99990,320,0.0,1,1,999.0,999,9,'999999999,0,0.0000,0,88,999.000,0.0,1.0
2056/12/10,08:00,?9?9?9?9E0?9?9?9?9*9?9*9?9?9?9?9?9?9*9*_?9*9*9?9?9,23.9,21.8,88,101127,9999,9999,386,187,367,96,999900,999900,999900,99990,320,0.0,2,2,999.0,999,9,'999999999,0,0.0000,0,88,999.000,0.0,1.0
2056/12/10,09:00,?9?9?9?9E0?9?9?9?9*9?9*9?9?9?9?9?9?9*9*_?9*9*9?9?9,27.1,23.4,80,101227,9999,9999,404,389,532,148,999900,999900,999900,99990,30,0.7,2,2,999.0,999,9,'999999999,0,0.0000,0,88,999.000,0.0,1.0
2056/12/10,10:00,?9?9?9?9E0?9?9?9?9*9?9*9?9?9?9?9?9?9*9*_?9*9*9?9?9,29.3,24.0,73,101227,9999,9999,421,577,646,177,999900,999900,999900,99990,20,1.0,3,3,999.0,999,9,'999999999,0,0.0000,0,88,999.000,0.0,1.0
2056/12/10,11:00,?9?9?9?9E0?9?9?9?9*9?9*9?9?9?9?9?9?9*9*_?9*9*9?9?9,29.8,23.8,70,101127,9999,9999,427,706,689,196,999900,999900,999900,99990,20,1.2,4,4,999.0,999,9,'999999999,0,0.0000,0,88,999.000,0.0,1.0
2056/12/10,12:00,?9?9?9?9E0?9?9?9?9*9?9*9?9?9?9?9?9?9*9*_?9*9*9?9?9,30.8,21.3,57,101127,9999,9999,430,830,813,178,999900,999900,999900,99990,20,1.9,4,4,999.0,999,9,'999999999,0,0.0000,0,88,999.000,0.0,1.0
2056/12/10,13:00,?9?9?9?9E0?9?9?9?9*9?9*9?9?9?9?9?9?9*9*_?9*9*9?9?9,31.0,21.5,57,101027,9999,9999,434,800,753,195,999900,999900,999900,99990,30,0.8,5,5,999.0,999,9,'999999999,0,0.0000,0,88,999.000,0.0,1.0
2056/12/10,14:00,?9?9?9?9E0?9?9?9?9*9?9*9?9?9?9?9?9?9*9*_?9*9*9?9?9,30.9,21.1,56,100827,9999,9999,433,716,698,196,999900,999900,999900,99990,30,1.5,5,5,999.0,999,9,'999999999,0,0.0000,0,88,999.000,0.0,1.0
2056/12/10,15:00,?9?9?9?9E0?9?9?9?9*9?9*9?9?9?9?9?9?9*9*_?9*9*9?9?9,31.2,21.4,56,100827,9999,9999,435,578,630,181,999900,999900,999900,99990,30,1.4,5,5,999.0,999,9,'999999999,0,0.0000,0,88,999.000,0.0,1.0
2056/12/10,16:00,?9?9?9?9E0?9?9?9?9*9?9*9?9?9?9?9?9?9*9*_?9*9*9?9?9,30.6,21.4,58,100827,9999,9999,432,387,473,167,999900,999900,999900,99990,40,1.6,5,5,999.0,999,9,'999999999,0,0.0000,0,88,999.000,0.0,1.0
2056/12/10,17:00,?9?9?9?9E0?9?9?9?9*9?9*9?9?9?9?9?9?9*9*_?9*9*9?9?9,29.4,21.6,63,100827,9999,9999,441,129,91,105,999900,999900,999900,99990,30,1.6,8,8,999.0,999,9,'999999999,0,0.0000,0,88,999.000,0.0,1.0
2056/12/10,18:00,?9?9?9?9E0?9?9?9?9*9?9*9?9?9?9?9?9?9*9*_?9*9*9?9?9,28.4,22.6,71,100927,9999,9999,446,6,0,6,999900,999900,999900,99990,50,1.2,9,9,999.0,999,9,'999999999,0,0.0000,0,88,999.000,0.0,1.0
2056/12/10,19:00,?9?9?9?9E0?9?9?9?9*9?9*9?9?9?9?9?9?9*9*_?9*9*9?9?9,27.8,23.4,77,101027,9999,9999,416,0,0,0,999900,999900,999900,99990,40,0.8,4,4,999.0,999,9,'999999999,0,0.0000,0,88,999.000,0.0,1.0
2056/12/10,20:00,?9?9?9?9E0?9?9?9?9*9?9*9?9?9?9?9?9?9*9*_?9*9*9?9?9,27.3,22.9,77,101027,9999,9999,400,0,0,0,999900,999900,999900,99990,40,0.6,1,1,999.0,999,9,'999999999,0,0.0000,0,88,999.000,0.0,1.0
2056/12/10,21:00,?9?9?9?9E0?9?9?9?9*9?9*9?9?9?9?9?9?9*9*_?9*9*9?9?9,26.7,22.6,78,101127,9999,9999,388,0,0,0,999900,999900,999900,99990,40,0.5,0,0,999.0,999,9,'999999999,0,0.0000,0,88,999.000,0.0,1.0
2056/12/10,22:00,?9?9?9?9E0?9?9?9?9*9?9*9?9?9?9?9?9?9*9*_?9*9*9?9?9,26.2,22.3,79,101127,9999,9999,398,0,0,0,999900,999900,999900,99990,40,0.1,2,2,999.0,999,9,'999999999,0,0.0000,0,88,999.000,0.0,1.0
2056/12/10,23:00,?9?9?9?9E0?9?9?9?9*9?9*9?9?9?9?9?9?9*9*_?9*9*9?9?9,25.3,22.2,83,101127,9999,9999,397,0,0,0,999900,999900,999900,99990,40,0.0,3,3,999.0,999,9,'999999999,0,0.0000,0,88,999.000,0.0,1.0
2056/12/10,24:00,?9?9?9?9E0?9?9?9?9*9?9*9?9?9?9?9?9?9*9*_?9*9*9?9?9,25.1,23.0,88,101127,9999,9999,397,0,0,0,999900,999900,999900,99990,40,0.0,3,3,999.0,999,9,'999999999,0,0.0000,0,88,999.000,0.0,1.0
2056/12/11,01:00,?9?9?9?9E0?9?9?9?9*9?9*9?9?9?9?9?9?9*9*_?9*9*9?9?9,24.7,22.6,88,101027,9999,9999,378,0,0,0,999900,999900,999900,99990,40,0.0,0,0,999.0,999,9,'999999999,0,0.0000,0,88,999.000,0.0,1.0
2056/12/11,02:00,?9?9?9?9E0?9?9?9?9*9?9*9?9?9?9?9?9?9*9*_?9*9*9?9?9,24.2,22.1,88,101027,9999,9999,375,0,0,0,999900,999900,999900,99990,40,0.0,0,0,999.0,999,9,'999999999,0,0.0000,0,88,999.000,0.0,1.0
2056/12/11,03:00,?9?9?9?9E0?9?9?9?9*9?9*9?9?9?9?9?9?9*9*_?9*9*9?9?9,23.6,21.5,88,100927,9999,9999,371,0,0,0,999900,999900,999900,99990,40,0.3,0,0,999.0,999,9,'999999999,0,0.0000,0,88,999.000,0.0,1.0
2056/12/11,04:00,?9?9?9?9E0?9?9?9?9*9?9*9?9?9?9?9?9?9*9*_?9*9*9?9?9,23.1,21.0,88,100927,9999,9999,368,0,0,0,999900,999900,999900,99990,40,0.0,0,0,999.0,999,9,'999999999,0,0.0000,0,88,999.000,0.0,1.0
2056/12/11,05:00,?9?9?9?9E0?9?9?9?9*9?9*9?9?9?9?9?9?9*9*_?9*9*9?9?9,22.7,20.6,88,100927,9999,9999,373,0,0,0,999900,999900,999900,99990,40,0.0,1,1,999.0,999,9,'999999999,0,0.0000,0,88,999.000,0.0,1.0
2056/12/11,06:00,?9?9?9?9E0?9?9?9?9*9?9*9?9?9?9?9?9?9*9*_?9*9*9?9?9,22.5,20.6,89,101027,9999,9999,377,0,0,0,999900,999900,999900,99990,40,0.0,2,2,999.0,999,9,'999999999,0,0.0000,0,88,999.000,0.0,1.0
2056/12/11,07:00,?9?9?9?9E0?9?9?9?9*9?9*9?9?9?9?9?9?9*9*_?9*9*9?9?9,22.8,20.9,89,101027,9999,9999,383,25,0,25,999900,999900,999900,99990,40,0.0,3,3,999.0,999,9,'999999999,0,0.0000,0,88,999.000,0.0,1.0
2056/12/11,08:00,?9?9?9?9E0?9?9?9?9*9?9*9?9?9?9?9?9?9*9*_?9*9*9?9?9,23.3,21.0,87,101127,9999,9999,406,111,70,94,999900,999900,999900,99990,40,0.3,8,8,999.0,999,9,'999999999,0,0.0000,0,88,999.000,0.0,1.0
2056/12/11,09:00,?9?9?9?9E0?9?9?9?9*9?9*9?9?9?9?9?9?9*9*_?9*9*9?9?9,26.0,20.8,73,101227,9999,9999,406,358,366,193,999900,999900,999900,99990,360,1.1,5,5,999.0,999,9,'999999999,0,0.0000,0,88,999.000,0.0,1.0
2056/12/11,10:00,?9?9?9?9E0?9?9?9?9*9?9*9?9?9?9?9?9?9*9*_?9*9*9?9?9,28.0,20.3,63,101227,9999,9999,416,558,558,213,999900,999900,999900,99990,360,1.1,5,5,999.0,999,9,'999999999,0,0.0000,0,88,999.000,0.0,1.0
2056/12/11,11:00,?9?9?9?9E0?9?9?9?9*9?9*9?9?9?9?9?9?9*9*_?9*9*9?9?9,29.3,19.9,57,101227,9999,9999,423,710,660,224,999900,999900,999900,99990,360,1.9,5,5,999.0,999,9,'999999999,0,0.0000,0,88,999.000,0.0,1.0
2056/12/11,12:00,?9?9?9?9E0?9?9?9?9*9?9*9?9?9?9?9?9?9*9*_?9*9*9?9?9,30.3,20.0,54,101127,9999,9999,428,798,699,239,999900,999900,999900,99990,20,1.6,5,5,999.0,999,9,'999999999,0,0.0000,0,88,999.000,0.0,1.0
2056/12/11,13:00,?9?9?9?9E0?9?9?9?9*9?9*9?9?9?9?9?9?9*9*_?9*9*9?9?9,30.3,18.7,50,101027,9999,9999,442,653,394,336,999900,999900,999900,99990,30,1.5,8,8,999.0,999,9,'999999999,0,0.0000,0,88,999.000,0.0,1.0
2056/12/11,14:00,?9?9?9?9E0?9?9?9?9*9?9*9?9?9?9?9?9?9*9*_?9*9*9?9?9,30.3,18.4,49,100927,9999,9999,451,510,222,345,999900,999900,999900,99990,20,1.4,9,9,999.0,999,9,'999999999,0,0.0000,0,88,999.000,0.0,1.0
2056/12/11,15:00,?9?9?9?9E0?9?9?9?9*9?9*9?9?9?9?9?9?9*9*_?9*9*9?9?9,30.1,18.9,51,100827,9999,9999,451,401,172,293,999900,999900,999900,99990,20,1.2,9,9,999.0,999,9,'999999999,0,0.0000,0,88,999.000,0.0,1.0
2056/12/11,16:00,?9?9?9?9E0?9?9?9?9*9?9*9?9?9?9?9?9?9*9*_?9*9*9?9?9,29.5,18.9,53,100827,9999,9999,447,255,105,206,999900,999900,999900,99990,20,1.3,9,9,999.0,999,9,'999999999,0,0.0000,0,88,999.000,0.0,1.0
2056/12/11,17:00,?9?9?9?9E0?9?9?9?9*9?9*9?9?9?9?9?9?9*9*_?9*9*9?9?9,28.4,21.4,66,100927,9999,9999,444,102,35,93,999900,999900,999900,99990,40,1.5,9,9,999.0,999,9,'999999999,0,0.0000,0,88,999.000,0.0,1.0
2056/12/11,18:00,?9?9?9?9E0?9?9?9?9*9?9*9?9?9?9?9?9?9*9*_?9*9*9?9?9,27.8,22.1,71,100927,9999,9999,454,4,0,4,999900,999900,999900,99990,40,1.1,10,10,999.0,999,9,'999999999,0,0.0000,0,88,999.000,0.0,1.0
2056/12/11,19:00,?9?9?9?9E0?9?9?9?9*9?9*9?9?9?9?9?9?9*9*_?9*9*9?9?9,27.8,21.4,68,101027,9999,9999,441,0,0,0,999900,999900,999900,99990,50,1.0,9,9,999.0,999,9,'999999999,0,0.0000,0,88,999.000,0.0,1.0
2056/12/11,20:00,?9?9?9?9E0?9?9?9?9*9?9*9?9?9?9?9?9?9*9*_?9*9*9?9?9,27.8,21.4,68,101027,9999,9999,441,0,0,0,999900,999900,999900,99990,50,1.1,9,9,999.0,999,9,'999999999,0,0.0000,0,88,999.000,0.0,1.0
2056/12/11,21:00,?9?9?9?9E0?9?9?9?9*9?9*9?9?9?9?9?9?9*9*_?9*9*9?9?9,27.8,22.1,71,101127,9999,9999,442,0,0,0,999900,999900,999900,99990,30,1.1,9,9,999.0,999,9,'999999999,0,0.0000,0,88,999.000,0.0,1.0
2056/12/11,22:00,?9?9?9?9E0?9?9?9?9*9?9*9?9?9?9?9?9?9*9*_?9*9*9?9?9,27.8,22.3,72,101127,9999,9999,442,0,0,0,999900,999900,999900,99990,50,1.0,9,9,999.0,999,9,'999999999,0,0.0000,0,88,999.000,0.0,1.0
2056/12/11,23:00,?9?9?9?9E0?9?9?9?9*9?9*9?9?9?9?9?9?9*9*_?9*9*9?9?9,27.8,22.1,71,101127,9999,9999,442,0,0,0,999900,999900,999900,99990,50,1.2,9,9,999.0,999,9,'999999999,0,0.0000,0,88,999.000,0.0,1.0
2056/12/11,24:00,?9?9?9?9E0?9?9?9?9*9?9*9?9?9?9?9?9?9*9*_?9*9*9?9?9,27.6,21.9,71,101127,9999,9999,440,0,0,0,999900,999900,999900,99990,20,0.5,9,9,999.0,999,9,'999999999,0,0.0000,0,88,999.000,0.0,1.0
2056/12/12,01:00,?9?9?9?9E0?9?9?9?9*9?9*9?9?9?9?9?9?9*9*_?9*9*9?9?9,27.3,21.6,71,101027,9999,9999,438,0,0,0,999900,999900,999900,99990,20,0.3,9,9,999.0,999,9,'999999999,0,0.0000,0,88,999.000,0.0,1.0
2056/12/12,02:00,?9?9?9?9E0?9?9?9?9*9?9*9?9?9?9?9?9?9*9*_?9*9*9?9?9,27.1,21.6,72,101027,9999,9999,437,0,0,0,999900,999900,999900,99990,20,0.2,9,9,999.0,999,9,'999999999,0,0.0000,0,88,999.000,0.0,1.0
2056/12/12,03:00,?9?9?9?9E0?9?9?9?9*9?9*9?9?9?9?9?9?9*9*_?9*9*9?9?9,26.3,22.6,80,100927,9999,9999,434,0,0,0,999900,999900,999900,99990,20,0.5,9,9,999.0,999,9,'999999999,0,0.0000,0,88,999.000,0.0,1.0
2056/12/12,04:00,?9?9?9?9E0?9?9?9?9*9?9*9?9?9?9?9?9?9*9*_?9*9*9?9?9,26.3,22.6,80,100927,9999,9999,434,0,0,0,999900,999900,999900,99990,20,0.3,9,9,999.0,999,9,'999999999,0,0.0000,0,88,999.000,0.0,1.0
2056/12/12,05:00,?9?9?9?9E0?9?9?9?9*9?9*9?9?9?9?9?9?9*9*_?9*9*9?9?9,26.2,22.5,80,101027,9999,9999,433,0,0,0,999900,999900,999900,99990,20,0.5,9,9,999.0,999,9,'999999999,0,0.0000,0,88,999.000,0.0,1.0
2056/12/12,06:00,?9?9?9?9E0?9?9?9?9*9?9*9?9?9?9?9?9?9*9*_?9*9*9?9?9,25.8,21.7,78,101027,9999,9999,430,0,0,0,999900,999900,999900,99990,360,0.8,9,9,999.0,999,9,'999999999,0,0.0000,0,88,999.000,0.0,1.0
2056/12/12,07:00,?9?9?9?9E0?9?9?9?9*9?9*9?9?9?9?9?9?9*9*_?9*9*9?9?9,25.5,20.1,72,101127,9999,9999,426,12,0,12,999900,999900,999900,99990,360,0.7,9,9,999.0,999,9,'999999999,0,0.0000,0,88,999.000,0.0,1.0
2056/12/12,08:00,?9?9?9?9E0?9?9?9?9*9?9*9?9?9?9?9?9?9*9*_?9*9*9?9?9,25.4,18.6,66,101127,9999,9999,423,109,46,98,999900,999900,999900,99990,360,1.0,9,9,999.0,999,9,'999999999,0,0.0000,0,88,999.000,0.0,1.0
2056/12/12,09:00,?9?9?9?9E0?9?9?9?9*9?9*9?9?9?9?9?9?9*9*_?9*9*9?9?9,26.0,16.6,56,101327,9999,9999,424,259,104,212,999900,999900,999900,99990,20,1.1,9,9,999.0,999,9,'999999999,0,0.0000,0,88,999.000,0.0,1.0
2056/12/12,10:00,?9?9?9?9E0?9?9?9?9*9?9*9?9?9?9?9?9?9*9*_?9*9*9?9?9,26.6,17.1,56,101327,9999,9999,428,402,157,305,999900,999900,999900,99990,20,1.1,9,9,999.0,999,9,'999999999,0,0.0000,0,88,999.000,0.0,1.0
2056/12/12,11:00,?9?9?9?9E0?9?9?9?9*9?9*9?9?9?9?9?9?9*9*_?9*9*9?9?9,27.2,17.7,56,101327,9999,9999,432,505,184,370,999900,999900,999900,99990,20,1.0,9,9,999.0,999,9,'999999999,0,0.0000,0,88,999.000,0.0,1.0
2056/12/12,12:00,?9?9?9?9E0?9?9?9?9*9?9*9?9?9?9?9?9?9*9*_?9*9*9?9?9,28.1,18.8,57,101227,9999,9999,439,555,188,405,999900,999900,999900,99990,360,0.9,9,9,999.0,999,9,'999999999,0,0.0000,0,88,999.000,0.0,1.0
2056/12/12,13:00,?9?9?9?9E0?9?9?9?9*9?9*9?9?9?9?9?9?9*9*_?9*9*9?9?9,28.0,20.1,62,101227,9999,9999,440,544,171,407,999900,999900,999900,99990,360,1.0,9,9,999.0,999,9,'999999999,0,0.0000,0,88,999.000,0.0,1.0
2056/12/12,14:00,?9?9?9?9E0?9?9?9?9*9?9*9?9?9?9?9?9?9*9*_?9*9*9?9?9,28.2,21.5,67,101127,9999,9999,443,460,125,367,999900,999900,999900,99990,360,1.3,9,9,999.0,999,9,'999999999,0,0.0000,0,88,999.000,0.0,1.0
2056/12/12,15:00,?9?9?9?9E0?9?9?9?9*9?9*9?9?9?9?9?9?9*9*_?9*9*9?9?9,28.0,22.5,72,100927,9999,9999,443,349,88,294,999900,999900,999900,99990,360,0.4,9,9,999.0,999,9,'999999999,0,0.0000,0,88,999.000,0.0,1.0
2056/12/12,16:00,?9?9?9?9E0?9?9?9?9*9?9*9?9?9?9?9?9?9*9*_?9*9*9?9?9,28.3,22.8,72,100927,9999,9999,446,220,53,195,999900,999900,999900,99990,20,1.5,9,9,999.0,999,9,'999999999,0,0.0000,0,88,999.000,0.0,1.0
2056/12/12,17:00,?9?9?9?9E0?9?9?9?9*9?9*9?9?9?9?9?9?9*9*_?9*9*9?9?9,28.2,23.8,77,100927,9999,9999,446,88,19,83,999900,999900,999900,99990,20,1.0,9,9,999.0,999,9,'999999999,0,0.0000,0,88,999.000,0.0,1.0
2056/12/12,18:00,?9?9?9?9E0?9?9?9?9*9?9*9?9?9?9?9?9?9*9*_?9*9*9?9?9,28.1,24.8,82,101027,9999,9999,447,4,0,4,999900,999900,999900,99990,40,1.0,9,9,999.0,999,9,'999999999,0,0.0000,0,88,999.000,0.0,1.0
2056/12/12,19:00,?9?9?9?9E0?9?9?9?9*9?9*9?9?9?9?9?9?9*9*_?9*9*9?9?9,28.0,24.9,83,101027,9999,9999,459,0,0,0,999900,999900,999900,99990,360,1.0,10,10,999.0,999,9,'999999999,0,0.0000,0,88,999.000,0.0,1.0
2056/12/12,20:00,?9?9?9?9E0?9?9?9?9*9?9*9?9?9?9?9?9?9*9*_?9*9*9?9?9,28.0,24.7,82,101127,9999,9999,459,0,0,0,999900,999900,999900,99990,360,1.0,10,10,999.0,999,9,'999999999,0,0.0000,0,88,999.000,0.0,1.0
2056/12/12,21:00,?9?9?9?9E0?9?9?9?9*9?9*9?9?9?9?9?9?9*9*_?9*9*9?9?9,26.8,24.7,88,101127,9999,9999,452,0,0,0,999900,999900,999900,99990,20,0.7,10,10,999.0,999,9,'999999999,0,0.0000,0,88,999.000,0.0,1.0
2056/12/12,22:00,?9?9?9?9E0?9?9?9?9*9?9*9?9?9?9?9?9?9*9*_?9*9*9?9?9,26.7,24.6,88,101127,9999,9999,439,0,0,0,999900,999900,999900,99990,20,0.2,9,9,999.0,999,9,'999999999,0,0.0000,0,88,999.000,0.0,1.0
2056/12/12,23:00,?9?9?9?9E0?9?9?9?9*9?9*9?9?9?9?9?9?9*9*_?9*9*9?9?9,26.7,24.4,87,101127,9999,9999,438,0,0,0,999900,999900,999900,99990,20,0.6,9,9,999.0,999,9,'999999999,0,0.0000,0,88,999.000,0.0,1.0
2056/12/12,24:00,?9?9?9?9E0?9?9?9?9*9?9*9?9?9?9?9?9?9*9*_?9*9*9?9?9,26.9,24.4,86,101127,9999,9999,440,0,0,0,999900,999900,999900,99990,10,1.2,9,9,999.0,999,9,'999999999,0,0.0000,0,88,999.000,0.5,1.0
2056/12/13,01:00,?9?9?9?9E0?9?9?9?9*9?9*9?9?9?9?9?9?9*9*_?9*9*9?9?9,27.2,24.5,85,101027,9999,9999,414,0,0,0,999900,999900,999900,99990,40,1.0,4,4,999.0,999,9,'999999999,0,0.0000,0,88,999.000,0.0,1.0
2056/12/13,02:00,?9?9?9?9E0?9?9?9?9*9?9*9?9?9?9?9?9?9*9*_?9*9*9?9?9,27.3,24.4,84,101027,9999,9999,411,0,0,0,999900,999900,999900,99990,40,1.5,3,3,999.0,999,9,'999999999,0,0.0000,0,88,999.000,0.0,1.0
2056/12/13,03:00,?9?9?9?9E0?9?9?9?9*9?9*9?9?9?9?9?9?9*9*_?9*9*9?9?9,27.4,24.3,83,100927,9999,9999,426,0,0,0,999900,999900,999900,99990,50,1.0,7,7,999.0,999,9,'999999999,0,0.0000,0,88,999.000,0.0,1.0
2056/12/13,04:00,?9?9?9?9E0?9?9?9?9*9?9*9?9?9?9?9?9?9*9*_?9*9*9?9?9,27.4,24.3,83,100927,9999,9999,442,0,0,0,999900,999900,999900,99990,20,0.5,9,9,999.0,999,9,'999999999,0,0.0000,0,88,999.000,0.0,1.0
2056/12/13,05:00,?9?9?9?9E0?9?9?9?9*9?9*9?9?9?9?9?9?9*9*_?9*9*9?9?9,27.4,24.3,83,100927,9999,9999,442,0,0,0,999900,999900,999900,99990,20,0.7,9,9,999.0,999,9,'999999999,0,0.0000,0,88,999.000,0.0,1.0
2056/12/13,06:00,?9?9?9?9E0?9?9?9?9*9?9*9?9?9?9?9?9?9*9*_?9*9*9?9?9,27.4,24.5,84,101027,9999,9999,443,0,0,0,999900,999900,999900,99990,40,1.0,9,9,999.0,999,9,'999999999,0,0.0000,0,88,999.000,0.0,1.0
2056/12/13,07:00,?9?9?9?9E0?9?9?9?9*9?9*9?9?9?9?9?9?9*9*_?9*9*9?9?9,27.4,24.3,83,101027,9999,9999,455,5,0,5,999900,999900,999900,99990,30,0.9,10,10,999.0,999,9,'999999999,0,0.0000,0,88,999.000,0.0,1.0
2056/12/13,08:00,?9?9?9?9E0?9?9?9?9*9?9*9?9?9?9?9?9?9*9*_?9*9*9?9?9,27.5,23.3,78,101127,9999,9999,454,69,13,66,999900,999900,999900,99990,30,1.0,10,10,999.0,999,9,'999999999,0,0.0000,0,88,999.000,0.0,1.0
2056/12/13,09:00,?9?9?9?9E0?9?9?9?9*9?9*9?9?9?9?9?9?9*9*_?9*9*9?9?9,28.3,24.1,78,101227,9999,9999,419,375,309,237,999900,999900,999900,99990,10,1.1,4,4,999.0,999,9,'999999999,0,0.0000,0,88,999.000,0.0,1.0
2056/12/13,10:00,?9?9?9?9E0?9?9?9?9*9?9*9?9?9?9?9?9?9*9*_?9*9*9?9?9,28.1,25.2,84,101227,9999,9999,448,335,83,284,999900,999900,999900,99990,360,0.3,9,9,999.0,999,9,'999999999,0,0.0000,0,88,999.000,0.0,1.0
2056/12/13,11:00,?9?9?9?9E0?9?9?9?9*9?9*9?9?9?9?9?9?9*9*_?9*9*9?9?9,27.6,24.7,84,101227,9999,9999,444,433,91,366,999900,999900,999900,99990,10,0.6,9,9,999.0,999,9,'999999999,0,0.0000,0,88,999.000,0.0,1.0
2056/12/13,12:00,?9?9?9?9E0?9?9?9?9*9?9*9?9?9?9?9?9?9*9*_?9*9*9?9?9,27.1,24.8,87,101227,9999,9999,441,480,91,407,999900,999900,999900,99990,360,0.6,9,9,999.0,999,9,'999999999,0,0.0000,0,88,999.000,0.0,1.0
2056/12/13,13:00,?9?9?9?9E0?9?9?9?9*9?9*9?9?9?9?9?9?9*9*_?9*9*9?9?9,26.9,25.5,92,101127,9999,9999,454,379,42,346,999900,999900,999900,99990,40,0.4,10,10,999.0,999,9,'999999999,0,0.0000,0,88,999.000,0.4,1.0
2056/12/13,14:00,?9?9?9?9E0?9?9?9?9*9?9*9?9?9?9?9?9?9*9*_?9*9*9?9?9,27.1,25.5,91,101027,9999,9999,455,320,30,298,999900,999900,999900,99990,40,1.3,10,10,999.0,999,9,'999999999,0,0.0000,0,88,999.000,0.0,1.0
2056/12/13,15:00,?9?9?9?9E0?9?9?9?9*9?9*9?9?9?9?9?9?9*9*_?9*9*9?9?9,27.6,25.5,88,100827,9999,9999,458,243,22,229,999900,999900,999900,99990,360,0.9,10,10,999.0,999,9,'999999999,0,0.0000,0,88,999.000,0.0,1.0
2056/12/13,16:00,?9?9?9?9E0?9?9?9?9*9?9*9?9?9?9?9?9?9*9*_?9*9*9?9?9,27.6,25.5,88,100827,9999,9999,458,140,12,134,999900,999900,999900,99990,10,1.0,10,10,999.0,999,9,'999999999,0,0.0000,0,88,999.000,0.0,1.0
2056/12/13,17:00,?9?9?9?9E0?9?9?9?9*9?9*9?9?9?9?9?9?9*9*_?9*9*9?9?9,27.4,25.8,91,100927,9999,9999,457,45,4,44,999900,999900,999900,99990,10,0.5,10,10,999.0,999,9,'999999999,0,0.0000,0,88,999.000,0.6,1.0
2056/12/13,18:00,?9?9?9?9E0?9?9?9?9*9?9*9?9?9?9?9?9?9*9*_?9*9*9?9?9,26.6,25.4,93,100927,9999,9999,452,5,0,5,999900,999900,999900,99990,360,0.5,10,10,999.0,999,9,'999999999,0,0.0000,0,88,999.000,0.8,1.0
2056/12/13,19:00,?9?9?9?9E0?9?9?9?9*9?9*9?9?9?9?9?9?9*9*_?9*9*9?9?9,26.6,25.4,93,101027,9999,9999,452,0,0,0,999900,999900,999900,99990,20,0.8,10,10,999.0,999,9,'999999999,0,0.0000,0,88,999.000,0.0,1.0
2056/12/13,20:00,?9?9?9?9E0?9?9?9?9*9?9*9?9?9?9?9?9?9*9*_?9*9*9?9?9,26.6,25.4,93,101027,9999,9999,452,0,0,0,999900,999900,999900,99990,20,0.7,10,10,999.0,999,9,'999999999,0,0.0000,0,88,999.000,0.7,1.0
2056/12/13,21:00,?9?9?9?9E0?9?9?9?9*9?9*9?9?9?9?9?9?9*9*_?9*9*9?9?9,26.5,25.3,93,101127,9999,9999,451,0,0,0,999900,999900,999900,99990,20,0.0,10,10,999.0,999,9,'999999999,0,0.0000,0,88,999.000,0.1,1.0
2056/12/13,22:00,?9?9?9?9E0?9?9?9?9*9?9*9?9?9?9?9?9?9*9*_?9*9*9?9?9,26.5,25.3,93,101127,9999,9999,438,0,0,0,999900,999900,999900,99990,20,0.4,9,9,999.0,999,9,'999999999,0,0.0000,0,88,999.000,2.3,1.0
2056/12/13,23:00,?9?9?9?9E0?9?9?9?9*9?9*9?9?9?9?9?9?9*9*_?9*9*9?9?9,26.5,25.3,93,101027,9999,9999,438,0,0,0,999900,999900,999900,99990,20,0.0,9,9,999.0,999,9,'999999999,0,0.0000,0,88,999.000,0.0,1.0
2056/12/13,24:00,?9?9?9?9E0?9?9?9?9*9?9*9?9?9?9?9?9?9*9*_?9*9*9?9?9,26.1,25.1,94,101027,9999,9999,436,0,0,0,999900,999900,999900,99990,20,0.5,9,9,999.0,999,9,'999999999,0,0.0000,0,88,999.000,0.0,1.0
2056/12/14,01:00,?9?9?9?9E0?9?9?9?9*9?9*9?9?9?9?9?9?9*9*_?9*9*9?9?9,26.1,25.1,94,101027,9999,9999,436,0,0,0,999900,999900,999900,99990,20,0.7,9,9,999.0,999,9,'999999999,0,0.0000,0,88,999.000,0.0,1.0
2056/12/14,02:00,?9?9?9?9E0?9?9?9?9*9?9*9?9?9?9?9?9?9*9*_?9*9*9?9?9,26.3,25.3,94,100927,9999,9999,406,0,0,0,999900,999900,999900,99990,20,0.6,3,3,999.0,999,9,'999999999,0,0.0000,0,88,999.000,0.0,1.0
2056/12/14,03:00,?9?9?9?9E0?9?9?9?9*9?9*9?9?9?9?9?9?9*9*_?9*9*9?9?9,26.5,25.3,93,100927,9999,9999,408,0,0,0,999900,999900,999900,99990,360,0.5,3,3,999.0,999,9,'999999999,0,0.0000,0,88,999.000,0.0,1.0
2056/12/14,04:00,?9?9?9?9E0?9?9?9?9*9?9*9?9?9?9?9?9?9*9*_?9*9*9?9?9,26.5,25.3,93,100827,9999,9999,411,0,0,0,999900,999900,999900,99990,360,0.1,4,4,999.0,999,9,'999999999,0,0.0000,0,88,999.000,0.0,1.0
2056/12/14,05:00,?9?9?9?9E0?9?9?9?9*9?9*9?9?9?9?9?9?9*9*_?9*9*9?9?9,26.5,25.3,93,100827,9999,9999,414,0,0,0,999900,999900,999900,99990,360,0.1,5,5,999.0,999,9,'999999999,0,0.0000,0,88,999.000,0.0,1.0
2056/12/14,06:00,?9?9?9?9E0?9?9?9?9*9?9*9?9?9?9?9?9?9*9*_?9*9*9?9?9,26.5,25.3,93,100927,9999,9999,422,0,0,0,999900,999900,999900,99990,20,0.5,7,7,999.0,999,9,'999999999,0,0.0000,0,88,999.000,0.0,1.0
2056/12/14,07:00,?9?9?9?9E0?9?9?9?9*9?9*9?9?9?9?9?9?9*9*_?9*9*9?9?9,26.5,25.3,93,100927,9999,9999,438,7,0,7,999900,999900,999900,99990,10,0.5,9,9,999.0,999,9,'999999999,0,0.0000,0,88,999.000,0.0,1.0
2056/12/14,08:00,?9?9?9?9E0?9?9?9?9*9?9*9?9?9?9?9?9?9*9*_?9*9*9?9?9,26.6,25.4,93,101027,9999,9999,418,139,124,109,999900,999900,999900,99990,10,0.3,6,6,999.0,999,9,'999999999,0,0.0000,0,88,999.000,0.1,1.0
2056/12/14,09:00,?9?9?9?9E0?9?9?9?9*9?9*9?9?9?9?9?9?9*9*_?9*9*9?9?9,27.1,25.7,92,101127,9999,9999,411,361,396,185,999900,999900,999900,99990,340,0.0,3,3,999.0,999,9,'999999999,0,0.0000,0,88,999.000,0.1,1.0
2056/12/14,10:00,?9?9?9?9E0?9?9?9?9*9?9*9?9?9?9?9?9?9*9*_?9*9*9?9?9,27.7,25.7,89,101127,9999,9999,418,535,500,229,999900,999900,999900,99990,20,0.5,4,4,999.0,999,9,'999999999,0,0.0000,0,88,999.000,0.2,1.0
2056/12/14,11:00,?9?9?9?9E0?9?9?9?9*9?9*9?9?9?9?9?9?9*9*_?9*9*9?9?9,28.4,25.0,82,101127,9999,9999,424,655,507,283,999900,999900,999900,99990,20,1.5,5,5,999.0,999,9,'999999999,0,0.0000,0,88,999.000,0.0,1.0
2056/12/14,12:00,?9?9?9?9E0?9?9?9?9*9?9*9?9?9?9?9?9?9*9*_?9*9*9?9?9,28.5,24.9,81,101127,9999,9999,440,561,227,380,999900,999900,999900,99990,50,1.0,8,8,999.0,999,9,'999999999,0,0.0000,0,88,999.000,0.0,1.0
2056/12/14,13:00,?9?9?9?9E0?9?9?9?9*9?9*9?9?9?9?9?9?9*9*_?9*9*9?9?9,28.8,24.8,79,101027,9999,9999,464,410,90,338,999900,999900,999900,99990,40,1.4,10,10,999.0,999,9,'999999999,0,0.0000,0,88,999.000,0.0,1.0
2056/12/14,14:00,?9?9?9?9E0?9?9?9?9*9?9*9?9?9?9?9?9?9*9*_?9*9*9?9?9,28.8,24.8,79,100927,9999,9999,423,686,540,284,999900,999900,999900,99990,40,1.2,4,4,999.0,999,9,'999999999,0,0.0000,0,88,999.000,0.0,1.0
2056/12/14,15:00,?9?9?9?9E0?9?9?9?9*9?9*9?9?9?9?9?9?9*9*_?9*9*9?9?9,28.8,24.8,79,100927,9999,9999,420,573,537,234,999900,999900,999900,99990,40,1.2,3,3,999.0,999,9,'999999999,0,0.0000,0,88,999.000,0.0,1.0
2056/12/14,16:00,?9?9?9?9E0?9?9?9?9*9?9*9?9?9?9?9?9?9*9*_?9*9*9?9?9,28.6,24.6,79,100927,9999,9999,440,253,117,198,999900,999900,999900,99990,20,1.0,8,8,999.0,999,9,'999999999,0,0.0000,0,88,999.000,0.0,1.0
2056/12/14,17:00,?9?9?9?9E0?9?9?9?9*9?9*9?9?9?9?9?9?9*9*_?9*9*9?9?9,28.5,24.5,79,100927,9999,9999,428,153,126,119,999900,999900,999900,99990,20,0.6,6,6,999.0,999,9,'999999999,0,0.0000,0,88,999.000,0.0,1.0
2056/12/14,18:00,?9?9?9?9E0?9?9?9?9*9?9*9?9?9?9?9?9?9*9*_?9*9*9?9?9,28.1,24.5,81,100927,9999,9999,415,26,0,26,999900,999900,999900,99990,30,0.4,3,3,999.0,999,9,'999999999,0,0.0000,0,88,999.000,0.0,1.0
2056/12/14,19:00,?9?9?9?9E0?9?9?9?9*9?9*9?9?9?9?9?9?9*9*_?9*9*9?9?9,27.8,24.7,83,101027,9999,9999,417,0,0,0,999900,999900,999900,99990,40,0.4,4,4,999.0,999,9,'999999999,0,0.0000,0,88,999.000,0.0,1.0
2056/12/14,20:00,?9?9?9?9E0?9?9?9?9*9?9*9?9?9?9?9?9?9*9*_?9*9*9?9?9,27.7,24.8,84,101027,9999,9999,413,0,0,0,999900,999900,999900,99990,40,0.4,3,3,999.0,999,9,'999999999,0,0.0000,0,88,999.000,0.0,1.0
2056/12/14,21:00,?9?9?9?9E0?9?9?9?9*9?9*9?9?9?9?9?9?9*9*_?9*9*9?9?9,27.5,24.6,84,101127,9999,9999,434,0,0,0,999900,999900,999900,99990,40,0.4,8,8,999.0,999,9,'999999999,0,0.0000,0,88,999.000,0.0,1.0
2056/12/14,22:00,?9?9?9?9E0?9?9?9?9*9?9*9?9?9?9?9?9?9*9*_?9*9*9?9?9,27.5,24.6,84,101127,9999,9999,419,0,0,0,999900,999900,999900,99990,40,0.2,5,5,999.0,999,9,'999999999,0,0.0000,0,88,999.000,0.0,1.0
2056/12/14,23:00,?9?9?9?9E0?9?9?9?9*9?9*9?9?9?9?9?9?9*9*_?9*9*9?9?9,26.8,23.9,84,101127,9999,9999,414,0,0,0,999900,999900,999900,99990,40,0.0,5,5,999.0,999,9,'999999999,0,0.0000,0,88,999.000,0.0,1.0
2056/12/14,24:00,?9?9?9?9E0?9?9?9?9*9?9*9?9?9?9?9?9?9*9*_?9*9*9?9?9,26.3,24.4,89,101027,9999,9999,412,0,0,0,999900,999900,999900,99990,50,0.0,5,5,999.0,999,9,'999999999,0,0.0000,0,88,999.000,0.0,1.0
2056/12/15,01:00,?9?9?9?9E0?9?9?9?9*9?9*9?9?9?9?9?9?9*9*_?9*9*9?9?9,25.5,23.6,89,101027,9999,9999,406,0,0,0,999900,999900,999900,99990,50,0.0,5,5,999.0,999,9,'999999999,0,0.0000,0,88,999.000,0.0,1.0
2056/12/15,02:00,?9?9?9?9E0?9?9?9?9*9?9*9?9?9?9?9?9?9*9*_?9*9*9?9?9,25.0,23.1,89,101027,9999,9999,403,0,0,0,999900,999900,999900,99990,50,0.0,5,5,999.0,999,9,'999999999,0,0.0000,0,88,999.000,0.0,1.0
2056/12/15,03:00,?9?9?9?9E0?9?9?9?9*9?9*9?9?9?9?9?9?9*9*_?9*9*9?9?9,25.0,23.3,90,100927,9999,9999,403,0,0,0,999900,999900,999900,99990,50,0.0,5,5,999.0,999,9,'999999999,0,0.0000,0,88,999.000,0.0,1.0
2056/12/15,04:00,?9?9?9?9E0?9?9?9?9*9?9*9?9?9?9?9?9?9*9*_?9*9*9?9?9,25.0,23.3,90,100927,9999,9999,407,0,0,0,999900,999900,999900,99990,50,0.0,6,6,999.0,999,9,'999999999,0,0.0000,0,88,999.000,0.0,1.0
2056/12/15,05:00,?9?9?9?9E0?9?9?9?9*9?9*9?9?9?9?9?9?9*9*_?9*9*9?9?9,25.1,23.4,90,100927,9999,9999,419,0,0,0,999900,999900,999900,99990,50,0.0,8,8,999.0,999,9,'999999999,0,0.0000,0,88,999.000,0.0,1.0
2056/12/15,06:00,?9?9?9?9E0?9?9?9?9*9?9*9?9?9?9?9?9?9*9*_?9*9*9?9?9,25.2,23.5,90,101027,9999,9999,428,0,0,0,999900,999900,999900,99990,50,0.0,9,9,999.0,999,9,'999999999,0,0.0000,0,88,999.000,0.0,1.0
2056/12/15,07:00,?9?9?9?9E0?9?9?9?9*9?9*9?9?9?9?9?9?9*9*_?9*9*9?9?9,25.3,23.6,90,101027,9999,9999,420,10,0,10,999900,999900,999900,99990,50,0.0,8,8,999.0,999,9,'999999999,0,0.0000,0,88,999.000,0.0,1.0
2056/12/15,08:00,?9?9?9?9E0?9?9?9?9*9?9*9?9?9?9?9?9?9*9*_?9*9*9?9?9,26.2,24.1,88,101127,9999,9999,419,124,101,100,999900,999900,999900,99990,50,0.3,7,7,999.0,999,9,'999999999,0,0.0000,0,88,999.000,0.0,1.0
2056/12/15,09:00,?9?9?9?9E0?9?9?9?9*9?9*9?9?9?9?9?9?9*9*_?9*9*9?9?9,27.7,24.8,84,101227,9999,9999,424,310,272,190,999900,999900,999900,99990,50,0.6,6,6,999.0,999,9,'999999999,0,0.0000,0,88,999.000,0.0,1.0
2056/12/15,10:00,?9?9?9?9E0?9?9?9?9*9?9*9?9?9?9?9?9?9*9*_?9*9*9?9?9,29.5,24.2,73,101127,9999,9999,429,532,521,214,999900,999900,999900,99990,30,0.7,5,5,999.0,999,9,'999999999,0,0.0000,0,88,999.000,0.0,1.0
2056/12/15,11:00,?9?9?9?9E0?9?9?9?9*9?9*9?9?9?9?9?9?9*9*_?9*9*9?9?9,30.3,23.7,68,101127,9999,9999,433,680,625,222,999900,999900,999900,99990,30,1.2,5,5,999.0,999,9,'999999999,0,0.0000,0,88,999.000,0.0,1.0
2056/12/15,12:00,?9?9?9?9E0?9?9?9?9*9?9*9?9?9?9?9?9?9*9*_?9*9*9?9?9,30.5,22.4,62,101027,9999,9999,433,775,698,219,999900,999900,999900,99990,40,0.8,5,5,999.0,999,9,'999999999,0,0.0000,0,88,999.000,0.0,1.0
2056/12/15,13:00,?9?9?9?9E0?9?9?9?9*9?9*9?9?9?9?9?9?9*9*_?9*9*9?9?9,31.0,22.1,59,101027,9999,9999,435,794,730,209,999900,999900,999900,99990,20,1.2,5,5,999.0,999,9,'999999999,0,0.0000,0,88,999.000,0.0,1.0
2056/12/15,14:00,?9?9?9?9E0?9?9?9?9*9?9*9?9?9?9?9?9?9*9*_?9*9*9?9?9,30.6,22.0,60,100927,9999,9999,433,707,665,212,999900,999900,999900,99990,20,1.1,5,5,999.0,999,9,'999999999,0,0.0000,0,88,999.000,0.0,1.0
2056/12/15,15:00,?9?9?9?9E0?9?9?9?9*9?9*9?9?9?9?9?9?9*9*_?9*9*9?9?9,29.8,22.8,66,100827,9999,9999,429,562,570,202,999900,999900,999900,99990,50,1.8,5,5,999.0,999,9,'999999999,0,0.0000,0,88,999.000,0.0,1.0
2056/12/15,16:00,?9?9?9?9E0?9?9?9?9*9?9*9?9?9?9?9?9?9*9*_?9*9*9?9?9,30.0,22.7,65,100827,9999,9999,430,379,442,172,999900,999900,999900,99990,30,1.0,5,5,999.0,999,9,'999999999,0,0.0000,0,88,999.000,0.0,1.0
2056/12/15,17:00,?9?9?9?9E0?9?9?9?9*9?9*9?9?9?9?9?9?9*9*_?9*9*9?9?9,28.8,22.3,68,100827,9999,9999,423,184,264,113,999900,999900,999900,99990,30,1.3,5,5,999.0,999,9,'999999999,0,0.0000,0,88,999.000,0.0,1.0
2056/12/15,18:00,?9?9?9?9E0?9?9?9?9*9?9*9?9?9?9?9?9?9*9*_?9*9*9?9?9,27.8,22.5,73,100927,9999,9999,418,25,0,25,999900,999900,999900,99990,40,0.7,5,5,999.0,999,9,'999999999,0,0.0000,0,88,999.000,0.0,1.0
2056/12/15,19:00,?9?9?9?9E0?9?9?9?9*9?9*9?9?9?9?9?9?9*9*_?9*9*9?9?9,27.5,22.5,74,100927,9999,9999,413,0,0,0,999900,999900,999900,99990,40,0.8,4,4,999.0,999,9,'999999999,0,0.0000,0,88,999.000,0.0,1.0
2056/12/15,20:00,?9?9?9?9E0?9?9?9?9*9?9*9?9?9?9?9?9?9*9*_?9*9*9?9?9,27.2,22.8,77,101027,9999,9999,415,0,0,0,999900,999900,999900,99990,40,0.5,5,5,999.0,999,9,'999999999,0,0.0000,0,88,999.000,0.0,1.0
2056/12/15,21:00,?9?9?9?9E0?9?9?9?9*9?9*9?9?9?9?9?9?9*9*_?9*9*9?9?9,26.9,22.8,78,101027,9999,9999,413,0,0,0,999900,999900,999900,99990,20,0.2,5,5,999.0,999,9,'999999999,0,0.0000,0,88,999.000,0.0,1.0
2056/12/15,22:00,?9?9?9?9E0?9?9?9?9*9?9*9?9?9?9?9?9?9*9*_?9*9*9?9?9,26.5,22.6,79,101027,9999,9999,404,0,0,0,999900,999900,999900,99990,20,0.0,3,3,999.0,999,9,'999999999,0,0.0000,0,88,999.000,0.0,1.0
2056/12/15,23:00,?9?9?9?9E0?9?9?9?9*9?9*9?9?9?9?9?9?9*9*_?9*9*9?9?9,25.4,23.1,87,101027,9999,9999,402,0,0,0,999900,999900,999900,99990,20,0.0,4,4,999.0,999,9,'999999999,0,0.0000,0,88,999.000,0.0,1.0
2056/12/15,24:00,?9?9?9?9E0?9?9?9?9*9?9*9?9?9?9?9?9?9*9*_?9*9*9?9?9,24.7,22.6,88,101027,9999,9999,395,0,0,0,999900,999900,999900,99990,360,0.0,3,3,999.0,999,9,'999999999,0,0.0000,0,88,999.000,0.0,1.0
2056/12/16,01:00,?9?9?9?9E0?9?9?9?9*9?9*9?9?9?9?9?9?9*9*_?9*9*9?9?9,24.7,22.6,88,101027,9999,9999,395,0,0,0,999900,999900,999900,99990,360,0.0,3,3,999.0,999,9,'999999999,0,0.0000,0,88,999.000,0.0,1.0
2056/12/16,02:00,?9?9?9?9E0?9?9?9?9*9?9*9?9?9?9?9?9?9*9*_?9*9*9?9?9,24.1,22.0,88,100927,9999,9999,391,0,0,0,999900,999900,999900,99990,360,0.0,3,3,999.0,999,9,'999999999,0,0.0000,0,88,999.000,0.0,1.0
2056/12/16,03:00,?9?9?9?9E0?9?9?9?9*9?9*9?9?9?9?9?9?9*9*_?9*9*9?9?9,23.8,21.7,88,100927,9999,9999,389,0,0,0,999900,999900,999900,99990,360,0.0,3,3,999.0,999,9,'999999999,0,0.0000,0,88,999.000,0.0,1.0
2056/12/16,04:00,?9?9?9?9E0?9?9?9?9*9?9*9?9?9?9?9?9?9*9*_?9*9*9?9?9,23.7,21.6,88,100827,9999,9999,388,0,0,0,999900,999900,999900,99990,360,0.0,3,3,999.0,999,9,'999999999,0,0.0000,0,88,999.000,0.0,1.0
2056/12/16,05:00,?9?9?9?9E0?9?9?9?9*9?9*9?9?9?9?9?9?9*9*_?9*9*9?9?9,23.4,21.3,88,100927,9999,9999,386,0,0,0,999900,999900,999900,99990,360,0.0,3,3,999.0,999,9,'999999999,0,0.0000,0,88,999.000,0.0,1.0
2056/12/16,06:00,?9?9?9?9E0?9?9?9?9*9?9*9?9?9?9?9?9?9*9*_?9*9*9?9?9,23.3,21.4,89,100927,9999,9999,386,0,0,0,999900,999900,999900,99990,360,0.0,3,3,999.0,999,9,'999999999,0,0.0000,0,88,999.000,0.0,1.0
2056/12/16,07:00,?9?9?9?9E0?9?9?9?9*9?9*9?9?9?9?9?9?9*9*_?9*9*9?9?9,23.5,21.6,89,101027,9999,9999,387,20,0,20,999900,999900,999900,99990,360,0.0,3,3,999.0,999,9,'999999999,0,0.0000,0,88,999.000,0.0,1.0
2056/12/16,08:00,?9?9?9?9E0?9?9?9?9*9?9*9?9?9?9?9?9?9*9*_?9*9*9?9?9,25.2,23.1,88,101127,9999,9999,398,169,309,96,999900,999900,999900,99990,360,0.0,3,3,999.0,999,9,'999999999,0,0.0000,0,88,999.000,0.0,1.0
2056/12/16,09:00,?9?9?9?9E0?9?9?9?9*9?9*9?9?9?9?9?9?9*9*_?9*9*9?9?9,26.8,24.3,86,101227,9999,9999,408,360,463,156,999900,999900,999900,99990,360,0.4,3,3,999.0,999,9,'999999999,0,0.0000,0,88,999.000,0.0,1.0
2056/12/16,10:00,?9?9?9?9E0?9?9?9?9*9?9*9?9?9?9?9?9?9*9*_?9*9*9?9?9,28.6,23.5,74,101227,9999,9999,417,570,653,172,999900,999900,999900,99990,360,0.5,3,3,999.0,999,9,'999999999,0,0.0000,0,88,999.000,0.0,1.0
2056/12/16,11:00,?9?9?9?9E0?9?9?9?9*9?9*9?9?9?9?9?9?9*9*_?9*9*9?9?9,29.8,22.0,63,101227,9999,9999,425,724,748,177,999900,999900,999900,99990,360,1.4,4,4,999.0,999,9,'999999999,0,0.0000,0,88,999.000,0.0,1.0
2056/12/16,12:00,?9?9?9?9E0?9?9?9?9*9?9*9?9?9?9?9?9?9*9*_?9*9*9?9?9,30.7,21.8,59,101227,9999,9999,430,817,801,179,999900,999900,999900,99990,40,1.8,4,4,999.0,999,9,'999999999,0,0.0000,0,88,999.000,0.0,1.0
2056/12/16,13:00,?9?9?9?9E0?9?9?9?9*9?9*9?9?9?9?9?9?9*9*_?9*9*9?9?9,30.1,21.5,60,101127,9999,9999,429,791,739,199,999900,999900,999900,99990,40,1.2,5,5,999.0,999,9,'999999999,0,0.0000,0,88,999.000,0.0,1.0
2056/12/16,14:00,?9?9?9?9E0?9?9?9?9*9?9*9?9?9?9?9?9?9*9*_?9*9*9?9?9,30.4,22.0,61,101027,9999,9999,432,704,669,205,999900,999900,999900,99990,40,1.5,5,5,999.0,999,9,'999999999,0,0.0000,0,88,999.000,0.0,1.0
2056/12/16,15:00,?9?9?9?9E0?9?9?9?9*9?9*9?9?9?9?9?9?9*9*_?9*9*9?9?9,30.1,22.3,63,101027,9999,9999,430,570,600,191,999900,999900,999900,99990,360,2.1,5,5,999.0,999,9,'999999999,0,0.0000,0,88,999.000,0.0,1.0
2056/12/16,16:00,?9?9?9?9E0?9?9?9?9*9?9*9?9?9?9?9?9?9*9*_?9*9*9?9?9,29.6,21.8,63,101027,9999,9999,427,383,463,165,999900,999900,999900,99990,50,1.4,5,5,999.0,999,9,'999999999,0,0.0000,0,88,999.000,0.0,1.0
2056/12/16,17:00,?9?9?9?9E0?9?9?9?9*9?9*9?9?9?9?9?9?9*9*_?9*9*9?9?9,29.1,22.1,66,101027,9999,9999,424,187,282,111,999900,999900,999900,99990,40,1.4,5,5,999.0,999,9,'999999999,0,0.0000,0,88,999.000,0.0,1.0
2056/12/16,18:00,?9?9?9?9E0?9?9?9?9*9?9*9?9?9?9?9?9?9*9*_?9*9*9?9?9,28.0,22.0,70,101127,9999,9999,418,26,0,26,999900,999900,999900,99990,50,0.8,5,5,999.0,999,9,'999999999,0,0.0000,0,88,999.000,0.0,1.0
2056/12/16,19:00,?9?9?9?9E0?9?9?9?9*9?9*9?9?9?9?9?9?9*9*_?9*9*9?9?9,27.7,22.4,73,101227,9999,9999,414,0,0,0,999900,999900,999900,99990,40,0.8,4,4,999.0,999,9,'999999999,0,0.0000,0,88,999.000,0.0,1.0
2056/12/16,20:00,?9?9?9?9E0?9?9?9?9*9?9*9?9?9?9?9?9?9*9*_?9*9*9?9?9,26.7,21.5,73,101227,9999,9999,404,0,0,0,999900,999900,999900,99990,40,0.5,3,3,999.0,999,9,'999999999,0,0.0000,0,88,999.000,0.0,1.0
2056/12/16,21:00,?9?9?9?9E0?9?9?9?9*9?9*9?9?9?9?9?9?9*9*_?9*9*9?9?9,26.1,21.1,74,101327,9999,9999,400,0,0,0,999900,999900,999900,99990,50,0.3,3,3,999.0,999,9,'999999999,0,0.0000,0,88,999.000,0.0,1.0
2056/12/16,22:00,?9?9?9?9E0?9?9?9?9*9?9*9?9?9?9?9?9?9*9*_?9*9*9?9?9,25.1,22.2,84,101327,9999,9999,396,0,0,0,999900,999900,999900,99990,50,0.0,3,3,999.0,999,9,'999999999,0,0.0000,0,88,999.000,0.0,1.0
2056/12/16,23:00,?9?9?9?9E0?9?9?9?9*9?9*9?9?9?9?9?9?9*9*_?9*9*9?9?9,27.0,24.9,88,101227,9999,9999,410,0,0,0,999900,999900,999900,99990,50,0.1,3,3,999.0,999,9,'999999999,0,0.0000,0,88,999.000,0.0,1.0
2056/12/16,24:00,?9?9?9?9E0?9?9?9?9*9?9*9?9?9?9?9?9?9*9*_?9*9*9?9?9,23.7,21.8,89,101227,9999,9999,388,0,0,0,999900,999900,999900,99990,360,0.0,3,3,999.0,999,9,'999999999,0,0.0000,0,88,999.000,0.0,1.0
2056/12/17,01:00,?9?9?9?9E0?9?9?9?9*9?9*9?9?9?9?9?9?9*9*_?9*9*9?9?9,23.7,21.6,88,101127,9999,9999,388,0,0,0,999900,999900,999900,99990,360,0.0,3,3,999.0,999,9,'999999999,0,0.0000,0,88,999.000,0.0,1.0
2056/12/17,02:00,?9?9?9?9E0?9?9?9?9*9?9*9?9?9?9?9?9?9*9*_?9*9*9?9?9,23.3,21.4,89,101027,9999,9999,386,0,0,0,999900,999900,999900,99990,360,0.0,3,3,999.0,999,9,'999999999,0,0.0000,0,88,999.000,0.0,1.0
2056/12/17,03:00,?9?9?9?9E0?9?9?9?9*9?9*9?9?9?9?9?9?9*9*_?9*9*9?9?9,23.1,21.2,89,101027,9999,9999,388,0,0,0,999900,999900,999900,99990,360,0.0,4,4,999.0,999,9,'999999999,0,0.0000,0,88,999.000,0.0,1.0
2056/12/17,04:00,?9?9?9?9E0?9?9?9?9*9?9*9?9?9?9?9?9?9*9*_?9*9*9?9?9,23.0,21.1,89,101027,9999,9999,384,0,0,0,999900,999900,999900,99990,360,0.0,3,3,999.0,999,9,'999999999,0,0.0000,0,88,999.000,0.0,1.0
2056/12/17,05:00,?9?9?9?9E0?9?9?9?9*9?9*9?9?9?9?9?9?9*9*_?9*9*9?9?9,23.1,21.2,89,101027,9999,9999,385,0,0,0,999900,999900,999900,99990,360,0.2,3,3,999.0,999,9,'999999999,0,0.0000,0,88,999.000,0.0,1.0
2056/12/17,06:00,?9?9?9?9E0?9?9?9?9*9?9*9?9?9?9?9?9?9*9*_?9*9*9?9?9,23.0,21.1,89,101027,9999,9999,387,0,0,0,999900,999900,999900,99990,340,0.0,4,4,999.0,999,9,'999999999,0,0.0000,0,88,999.000,0.0,1.0
2056/12/17,07:00,?9?9?9?9E0?9?9?9?9*9?9*9?9?9?9?9?9?9*9*_?9*9*9?9?9,23.0,21.1,89,101127,9999,9999,384,19,0,19,999900,999900,999900,99990,340,0.2,3,3,999.0,999,9,'999999999,0,0.0000,0,88,999.000,0.0,1.0
2056/12/17,08:00,?9?9?9?9E0?9?9?9?9*9?9*9?9?9?9?9?9?9*9*_?9*9*9?9?9,24.9,22.2,85,101227,9999,9999,395,170,329,93,999900,999900,999900,99990,340,0.3,3,3,999.0,999,9,'999999999,0,0.0000,0,88,999.000,0.0,1.0
2056/12/17,09:00,?9?9?9?9E0?9?9?9?9*9?9*9?9?9?9?9?9?9*9*_?9*9*9?9?9,27.7,22.2,72,101227,9999,9999,410,380,542,142,999900,999900,999900,99990,20,0.8,3,3,999.0,999,9,'999999999,0,0.0000,0,88,999.000,0.0,1.0
2056/12/17,10:00,?9?9?9?9E0?9?9?9?9*9?9*9?9?9?9?9?9?9*9*_?9*9*9?9?9,29.1,20.0,58,101327,9999,9999,422,559,634,174,999900,999900,999900,99990,340,1.8,5,5,999.0,999,9,'999999999,0,0.0000,0,88,999.000,0.0,1.0
2056/12/17,11:00,?9?9?9?9E0?9?9?9?9*9?9*9?9?9?9?9?9?9*9*_?9*9*9?9?9,29.9,20.2,56,101227,9999,9999,426,709,717,186,999900,999900,999900,99990,340,1.6,5,5,999.0,999,9,'999999999,0,0.0000,0,88,999.000,0.0,1.0
2056/12/17,12:00,?9?9?9?9E0?9?9?9?9*9?9*9?9?9?9?9?9?9*9*_?9*9*9?9?9,30.7,20.3,54,101227,9999,9999,431,801,774,186,999900,999900,999900,99990,40,1.8,5,5,999.0,999,9,'999999999,0,0.0000,0,88,999.000,0.0,1.0
2056/12/17,13:00,?9?9?9?9E0?9?9?9?9*9?9*9?9?9?9?9?9?9*9*_?9*9*9?9?9,30.7,20.3,54,101127,9999,9999,431,812,786,183,999900,999900,999900,99990,50,2.0,5,5,999.0,999,9,'999999999,0,0.0000,0,88,999.000,0.0,1.0
2056/12/17,14:00,?9?9?9?9E0?9?9?9?9*9?9*9?9?9?9?9?9?9*9*_?9*9*9?9?9,30.4,20.1,54,101027,9999,9999,429,726,725,185,999900,999900,999900,99990,50,2.0,5,5,999.0,999,9,'999999999,0,0.0000,0,88,999.000,0.0,1.0
2056/12/17,15:00,?9?9?9?9E0?9?9?9?9*9?9*9?9?9?9?9?9?9*9*_?9*9*9?9?9,30.4,19.5,52,101027,9999,9999,428,594,669,171,999900,999900,999900,99990,50,1.6,5,5,999.0,999,9,'999999999,0,0.0000,0,88,999.000,0.0,1.0
2056/12/17,16:00,?9?9?9?9E0?9?9?9?9*9?9*9?9?9?9?9?9?9*9*_?9*9*9?9?9,29.9,19.9,55,101027,9999,9999,426,399,522,153,999900,999900,999900,99990,50,1.6,5,5,999.0,999,9,'999999999,0,0.0000,0,88,999.000,0.0,1.0
2056/12/17,17:00,?9?9?9?9E0?9?9?9?9*9?9*9?9?9?9?9?9?9*9*_?9*9*9?9?9,29.1,19.4,56,101027,9999,9999,421,198,343,105,999900,999900,999900,99990,50,1.4,5,5,999.0,999,9,'999999999,0,0.0000,0,88,999.000,0.0,1.0
2056/12/17,18:00,?9?9?9?9E0?9?9?9?9*9?9*9?9?9?9?9?9?9*9*_?9*9*9?9?9,27.9,20.7,65,101127,9999,9999,410,33,0,33,999900,999900,999900,99990,40,1.2,3,3,999.0,999,9,'999999999,0,0.0000,0,88,999.000,0.0,1.0
2056/12/17,19:00,?9?9?9?9E0?9?9?9?9*9?9*9?9?9?9?9?9?9*9*_?9*9*9?9?9,27.4,21.5,70,101127,9999,9999,408,0,0,0,999900,999900,999900,99990,30,0.9,3,3,999.0,999,9,'999999999,0,0.0000,0,88,999.000,0.0,1.0
2056/12/17,20:00,?9?9?9?9E0?9?9?9?9*9?9*9?9?9?9?9?9?9*9*_?9*9*9?9?9,27.1,21.6,72,101227,9999,9999,406,0,0,0,999900,999900,999900,99990,30,0.2,3,3,999.0,999,9,'999999999,0,0.0000,0,88,999.000,0.0,1.0
2056/12/17,21:00,?9?9?9?9E0?9?9?9?9*9?9*9?9?9?9?9?9?9*9*_?9*9*9?9?9,26.5,21.5,74,101227,9999,9999,403,0,0,0,999900,999900,999900,99990,20,0.5,3,3,999.0,999,9,'999999999,0,0.0000,0,88,999.000,0.0,1.0
2056/12/17,22:00,?9?9?9?9E0?9?9?9?9*9?9*9?9?9?9?9?9?9*9*_?9*9*9?9?9,26.4,21.4,74,101227,9999,9999,402,0,0,0,999900,999900,999900,99990,20,0.6,3,3,999.0,999,9,'999999999,0,0.0000,0,88,999.000,0.0,1.0
2056/12/17,23:00,?9?9?9?9E0?9?9?9?9*9?9*9?9?9?9?9?9?9*9*_?9*9*9?9?9,26.2,21.0,73,101327,9999,9999,401,0,0,0,999900,999900,999900,99990,20,0.3,3,3,999.0,999,9,'999999999,0,0.0000,0,88,999.000,0.0,1.0
2056/12/17,24:00,?9?9?9?9E0?9?9?9?9*9?9*9?9?9?9?9?9?9*9*_?9*9*9?9?9,24.9,22.2,85,101227,9999,9999,395,0,0,0,999900,999900,999900,99990,20,0.0,3,3,999.0,999,9,'999999999,0,0.0000,0,88,999.000,0.0,1.0
2056/12/18,01:00,?9?9?9?9E0?9?9?9?9*9?9*9?9?9?9?9?9?9*9*_?9*9*9?9?9,24.3,21.6,85,101127,9999,9999,391,0,0,0,999900,999900,999900,99990,20,0.0,3,3,999.0,999,9,'999999999,0,0.0000,0,88,999.000,0.0,1.0
2056/12/18,02:00,?9?9?9?9E0?9?9?9?9*9?9*9?9?9?9?9?9?9*9*_?9*9*9?9?9,23.8,21.9,89,101127,9999,9999,389,0,0,0,999900,999900,999900,99990,20,0.0,3,3,999.0,999,9,'999999999,0,0.0000,0,88,999.000,0.0,1.0
2056/12/18,03:00,?9?9?9?9E0?9?9?9?9*9?9*9?9?9?9?9?9?9*9*_?9*9*9?9?9,23.2,21.7,91,101027,9999,9999,386,0,0,0,999900,999900,999900,99990,340,0.0,3,3,999.0,999,9,'999999999,0,0.0000,0,88,999.000,0.0,1.0
2056/12/18,04:00,?9?9?9?9E0?9?9?9?9*9?9*9?9?9?9?9?9?9*9*_?9*9*9?9?9,23.0,21.5,91,101027,9999,9999,387,0,0,0,999900,999900,999900,99990,340,0.0,4,4,999.0,999,9,'999999999,0,0.0000,0,88,999.000,0.0,1.0
2056/12/18,05:00,?9?9?9?9E0?9?9?9?9*9?9*9?9?9?9?9?9?9*9*_?9*9*9?9?9,22.5,21.0,91,101027,9999,9999,384,0,0,0,999900,999900,999900,99990,340,0.0,4,4,999.0,999,9,'999999999,0,0.0000,0,88,999.000,0.0,1.0
2056/12/18,06:00,?9?9?9?9E0?9?9?9?9*9?9*9?9?9?9?9?9?9*9*_?9*9*9?9?9,22.1,20.6,91,101127,9999,9999,382,0,0,0,999900,999900,999900,99990,340,0.0,4,4,999.0,999,9,'999999999,0,0.0000,0,88,999.000,0.0,1.0
2056/12/18,07:00,?9?9?9?9E0?9?9?9?9*9?9*9?9?9?9?9?9?9*9*_?9*9*9?9?9,22.1,20.6,91,101227,9999,9999,382,16,0,16,999900,999900,999900,99990,340,0.0,4,4,999.0,999,9,'999999999,0,0.0000,0,88,999.000,0.0,1.0
2056/12/18,08:00,?9?9?9?9E0?9?9?9?9*9?9*9?9?9?9?9?9?9*9*_?9*9*9?9?9,23.8,22.3,91,101227,9999,9999,393,156,259,96,999900,999900,999900,99990,340,0.0,4,4,999.0,999,9,'999999999,0,0.0000,0,88,999.000,0.0,1.0
2056/12/18,09:00,?9?9?9?9E0?9?9?9?9*9?9*9?9?9?9?9?9?9*9*_?9*9*9?9?9,27.2,19.8,64,101327,9999,9999,411,356,465,152,999900,999900,999900,99990,40,0.6,5,5,999.0,999,9,'999999999,0,0.0000,0,88,999.000,0.0,1.0
2056/12/18,10:00,?9?9?9?9E0?9?9?9?9*9?9*9?9?9?9?9?9?9*9*_?9*9*9?9?9,28.8,18.0,52,101327,9999,9999,417,568,667,163,999900,999900,999900,99990,360,1.6,5,5,999.0,999,9,'999999999,0,0.0000,0,88,999.000,0.0,1.0
2056/12/18,11:00,?9?9?9?9E0?9?9?9?9*9?9*9?9?9?9?9?9?9*9*_?9*9*9?9?9,29.1,15.6,44,101227,9999,9999,416,740,799,158,999900,999900,999900,99990,60,2.0,5,5,999.0,999,9,'999999999,0,0.0000,0,88,999.000,0.0,1.0
2056/12/18,12:00,?9?9?9?9E0?9?9?9?9*9?9*9?9?9?9?9?9?9*9*_?9*9*9?9?9,29.6,16.1,44,101227,9999,9999,419,833,855,154,999900,999900,999900,99990,40,2.0,5,5,999.0,999,9,'999999999,0,0.0000,0,88,999.000,0.0,1.0
2056/12/18,13:00,?9?9?9?9E0?9?9?9?9*9?9*9?9?9?9?9?9?9*9*_?9*9*9?9?9,29.8,16.3,44,101027,9999,9999,417,879,927,137,999900,999900,999900,99990,40,1.6,4,4,999.0,999,9,'999999999,0,0.0000,0,88,999.000,0.0,1.0
2056/12/18,14:00,?9?9?9?9E0?9?9?9?9*9?9*9?9?9?9?9?9?9*9*_?9*9*9?9?9,29.8,17.3,47,101027,9999,9999,422,743,776,165,999900,999900,999900,99990,40,1.6,5,5,999.0,999,9,'999999999,0,0.0000,0,88,999.000,0.0,1.0
2056/12/18,15:00,?9?9?9?9E0?9?9?9?9*9?9*9?9?9?9?9?9?9*9*_?9*9*9?9?9,29.8,17.3,47,100927,9999,9999,422,604,701,159,999900,999900,999900,99990,50,1.6,5,5,999.0,999,9,'999999999,0,0.0000,0,88,999.000,0.0,1.0
2056/12/18,16:00,?9?9?9?9E0?9?9?9?9*9?9*9?9?9?9?9?9?9*9*_?9*9*9?9?9,29.2,18.0,51,100927,9999,9999,420,406,552,145,999900,999900,999900,99990,50,1.2,5,5,999.0,999,9,'999999999,0,0.0000,0,88,999.000,0.0,1.0
2056/12/18,17:00,?9?9?9?9E0?9?9?9?9*9?9*9?9?9?9?9?9?9*9*_?9*9*9?9?9,28.8,18.3,53,100927,9999,9999,418,203,366,103,999900,999900,999900,99990,50,1.4,5,5,999.0,999,9,'999999999,0,0.0000,0,88,999.000,0.0,1.0
2056/12/18,18:00,?9?9?9?9E0?9?9?9?9*9?9*9?9?9?9?9?9?9*9*_?9*9*9?9?9,28.0,18.7,57,100927,9999,9999,414,31,0,31,999900,999900,999900,99990,50,1.0,5,5,999.0,999,9,'999999999,0,0.0000,0,88,999.000,0.0,1.0
2056/12/18,19:00,?9?9?9?9E0?9?9?9?9*9?9*9?9?9?9?9?9?9*9*_?9*9*9?9?9,27.3,18.3,58,101027,9999,9999,425,0,0,0,999900,999900,999900,99990,20,1.0,8,8,999.0,999,9,'999999999,0,0.0000,0,88,999.000,0.0,1.0
2056/12/18,20:00,?9?9?9?9E0?9?9?9?9*9?9*9?9?9?9?9?9?9*9*_?9*9*9?9?9,27.1,18.7,60,101127,9999,9999,424,0,0,0,999900,999900,999900,99990,20,0.4,8,8,999.0,999,9,'999999999,0,0.0000,0,88,999.000,0.0,1.0
2056/12/18,21:00,?9?9?9?9E0?9?9?9?9*9?9*9?9?9?9?9?9?9*9*_?9*9*9?9?9,27.0,18.3,59,101227,9999,9999,423,0,0,0,999900,999900,999900,99990,250,0.3,8,8,999.0,999,9,'999999999,0,0.0000,0,88,999.000,0.0,1.0
2056/12/18,22:00,?9?9?9?9E0?9?9?9?9*9?9*9?9?9?9?9?9?9*9*_?9*9*9?9?9,25.3,18.7,67,101227,9999,9999,407,0,0,0,999900,999900,999900,99990,250,0.0,7,7,999.0,999,9,'999999999,0,0.0000,0,88,999.000,0.0,1.0
2056/12/18,23:00,?9?9?9?9E0?9?9?9?9*9?9*9?9?9?9?9?9?9*9*_?9*9*9?9?9,24.6,19.5,73,101227,9999,9999,396,0,0,0,999900,999900,999900,99990,250,0.0,5,5,999.0,999,9,'999999999,0,0.0000,0,88,999.000,0.0,1.0
2056/12/18,24:00,?9?9?9?9E0?9?9?9?9*9?9*9?9?9?9?9?9?9*9*_?9*9*9?9?9,24.8,19.9,74,101227,9999,9999,398,0,0,0,999900,999900,999900,99990,250,0.0,5,5,999.0,999,9,'999999999,0,0.0000,0,88,999.000,0.0,1.0
2056/12/19,01:00,?9?9?9?9E0?9?9?9?9*9?9*9?9?9?9?9?9?9*9*_?9*9*9?9?9,24.2,19.5,75,101127,9999,9999,391,0,0,0,999900,999900,999900,99990,250,0.0,4,4,999.0,999,9,'999999999,0,0.0000,0,88,999.000,0.0,1.0
2056/12/19,02:00,?9?9?9?9E0?9?9?9?9*9?9*9?9?9?9?9?9?9*9*_?9*9*9?9?9,23.6,20.0,80,101027,9999,9999,386,0,0,0,999900,999900,999900,99990,250,0.0,3,3,999.0,999,9,'999999999,0,0.0000,0,88,999.000,0.0,1.0
2056/12/19,03:00,?9?9?9?9E0?9?9?9?9*9?9*9?9?9?9?9?9?9*9*_?9*9*9?9?9,23.5,19.9,80,101027,9999,9999,385,0,0,0,999900,999900,999900,99990,250,0.0,3,3,999.0,999,9,'999999999,0,0.0000,0,88,999.000,0.0,1.0
2056/12/19,04:00,?9?9?9?9E0?9?9?9?9*9?9*9?9?9?9?9?9?9*9*_?9*9*9?9?9,22.9,19.3,80,101027,9999,9999,381,0,0,0,999900,999900,999900,99990,250,0.0,3,3,999.0,999,9,'999999999,0,0.0000,0,88,999.000,0.0,1.0
2056/12/19,05:00,?9?9?9?9E0?9?9?9?9*9?9*9?9?9?9?9?9?9*9*_?9*9*9?9?9,22.8,20.0,84,101027,9999,9999,382,0,0,0,999900,999900,999900,99990,250,0.0,3,3,999.0,999,9,'999999999,0,0.0000,0,88,999.000,0.0,1.0
2056/12/19,06:00,?9?9?9?9E0?9?9?9?9*9?9*9?9?9?9?9?9?9*9*_?9*9*9?9?9,22.6,19.8,84,101027,9999,9999,380,0,0,0,999900,999900,999900,99990,250,0.0,3,3,999.0,999,9,'999999999,0,0.0000,0,88,999.000,0.0,1.0
2056/12/19,07:00,?9?9?9?9E0?9?9?9?9*9?9*9?9?9?9?9?9?9*9*_?9*9*9?9?9,22.7,19.9,84,101127,9999,9999,384,16,0,16,999900,999900,999900,99990,250,0.0,4,4,999.0,999,9,'999999999,0,0.0000,0,88,999.000,0.0,1.0
2056/12/19,08:00,?9?9?9?9E0?9?9?9?9*9?9*9?9?9?9?9?9?9*9*_?9*9*9?9?9,23.8,20.8,83,101227,9999,9999,397,139,155,103,999900,999900,999900,99990,250,0.0,6,6,999.0,999,9,'999999999,0,0.0000,0,88,999.000,0.0,1.0
2056/12/19,09:00,?9?9?9?9E0?9?9?9?9*9?9*9?9?9?9?9?9?9*9*_?9*9*9?9?9,24.3,20.8,81,101327,9999,9999,411,244,121,191,999900,999900,999900,99990,340,0.0,8,8,999.0,999,9,'999999999,0,0.0000,0,88,999.000,0.0,1.0
2056/12/19,10:00,?9?9?9?9E0?9?9?9?9*9?9*9?9?9?9?9?9?9*9*_?9*9*9?9?9,26.6,22.2,77,101327,9999,9999,435,333,113,265,999900,999900,999900,99990,340,0.3,9,9,999.0,999,9,'999999999,0,0.0000,0,88,999.000,0.0,1.0
2056/12/19,11:00,?9?9?9?9E0?9?9?9?9*9?9*9?9?9?9?9?9?9*9*_?9*9*9?9?9,28.3,16.6,49,101227,9999,9999,437,507,243,330,999900,999900,999900,99990,40,1.4,9,9,999.0,999,9,'999999999,0,0.0000,0,88,999.000,0.0,1.0
2056/12/19,12:00,?9?9?9?9E0?9?9?9?9*9?9*9?9?9?9?9?9?9*9*_?9*9*9?9?9,29.3,15.8,44,101127,9999,9999,426,718,554,279,999900,999900,999900,99990,50,1.6,7,7,999.0,999,9,'999999999,0,0.0000,0,88,999.000,0.0,1.0
2056/12/19,13:00,?9?9?9?9E0?9?9?9?9*9?9*9?9?9?9?9?9?9*9*_?9*9*9?9?9,29.7,16.2,44,101027,9999,9999,420,830,792,197,999900,999900,999900,99990,50,1.2,5,5,999.0,999,9,'999999999,0,0.0000,0,88,999.000,0.0,1.0
2056/12/19,14:00,?9?9?9?9E0?9?9?9?9*9?9*9?9?9?9?9?9?9*9*_?9*9*9?9?9,30.0,16.8,45,100927,9999,9999,422,743,739,192,999900,999900,999900,99990,60,1.2,5,5,999.0,999,9,'999999999,0,0.0000,0,88,999.000,0.0,1.0
2056/12/19,15:00,?9?9?9?9E0?9?9?9?9*9?9*9?9?9?9?9?9?9*9*_?9*9*9?9?9,29.3,17.5,49,100927,9999,9999,419,598,653,184,999900,999900,999900,99990,60,0.7,5,5,999.0,999,9,'999999999,0,0.0000,0,88,999.000,0.0,1.0
2056/12/19,16:00,?9?9?9?9E0?9?9?9?9*9?9*9?9?9?9?9?9?9*9*_?9*9*9?9?9,28.9,17.1,49,100927,9999,9999,417,410,529,159,999900,999900,999900,99990,60,0.8,5,5,999.0,999,9,'999999999,0,0.0000,0,88,999.000,0.0,1.0
2056/12/19,17:00,?9?9?9?9E0?9?9?9?9*9?9*9?9?9?9?9?9?9*9*_?9*9*9?9?9,28.4,16.7,49,100927,9999,9999,413,208,358,110,999900,999900,999900,99990,40,0.6,5,5,999.0,999,9,'999999999,0,0.0000,0,88,999.000,0.0,1.0
2056/12/19,18:00,?9?9?9?9E0?9?9?9?9*9?9*9?9?9?9?9?9?9*9*_?9*9*9?9?9,26.9,17.1,55,100927,9999,9999,406,33,179,24,999900,999900,999900,99990,40,0.7,5,5,999.0,999,9,'999999999,0,0.0000,0,88,999.000,0.0,1.0
2056/12/19,19:00,?9?9?9?9E0?9?9?9?9*9?9*9?9?9?9?9?9?9*9*_?9*9*9?9?9,25.4,19.1,68,101027,9999,9999,394,0,0,0,999900,999900,999900,99990,50,0.2,3,3,999.0,999,9,'999999999,0,0.0000,0,88,999.000,0.0,1.0
2056/12/19,20:00,?9?9?9?9E0?9?9?9?9*9?9*9?9?9?9?9?9?9*9*_?9*9*9?9?9,24.7,20.0,75,101027,9999,9999,395,0,0,0,999900,999900,999900,99990,50,0.0,4,4,999.0,999,9,'999999999,0,0.0000,0,88,999.000,0.0,1.0
2056/12/19,21:00,?9?9?9?9E0?9?9?9?9*9?9*9?9?9?9?9?9?9*9*_?9*9*9?9?9,24.5,20.0,76,101127,9999,9999,397,0,0,0,999900,999900,999900,99990,20,0.0,5,5,999.0,999,9,'999999999,0,0.0000,0,88,999.000,0.0,1.0
2056/12/19,22:00,?9?9?9?9E0?9?9?9?9*9?9*9?9?9?9?9?9?9*9*_?9*9*9?9?9,24.4,20.5,79,101127,9999,9999,397,0,0,0,999900,999900,999900,99990,20,0.0,5,5,999.0,999,9,'999999999,0,0.0000,0,88,999.000,0.0,1.0
2056/12/19,23:00,?9?9?9?9E0?9?9?9?9*9?9*9?9?9?9?9?9?9*9*_?9*9*9?9?9,24.2,20.9,82,101127,9999,9999,396,0,0,0,999900,999900,999900,99990,20,0.0,5,5,999.0,999,9,'999999999,0,0.0000,0,88,999.000,0.0,1.0
2056/12/19,24:00,?9?9?9?9E0?9?9?9?9*9?9*9?9?9?9?9?9?9*9*_?9*9*9?9?9,23.8,20.9,84,101127,9999,9999,394,0,0,0,999900,999900,999900,99990,340,0.0,5,5,999.0,999,9,'999999999,0,0.0000,0,88,999.000,0.0,1.0
2056/12/20,01:00,?9?9?9?9E0?9?9?9?9*9?9*9?9?9?9?9?9?9*9*_?9*9*9?9?9,23.0,20.5,86,101027,9999,9999,389,0,0,0,999900,999900,999900,99990,340,0.0,5,5,999.0,999,9,'999999999,0,0.0000,0,88,999.000,0.0,1.0
2056/12/20,02:00,?9?9?9?9E0?9?9?9?9*9?9*9?9?9?9?9?9?9*9*_?9*9*9?9?9,22.9,20.4,86,101027,9999,9999,389,0,0,0,999900,999900,999900,99990,340,0.0,5,5,999.0,999,9,'999999999,0,0.0000,0,88,999.000,0.0,1.0
2056/12/20,03:00,?9?9?9?9E0?9?9?9?9*9?9*9?9?9?9?9?9?9*9*_?9*9*9?9?9,23.0,20.5,86,100927,9999,9999,389,0,0,0,999900,999900,999900,99990,340,0.3,5,5,999.0,999,9,'999999999,0,0.0000,0,88,999.000,0.0,1.0
2056/12/20,04:00,?9?9?9?9E0?9?9?9?9*9?9*9?9?9?9?9?9?9*9*_?9*9*9?9?9,23.1,20.6,86,100927,9999,9999,387,0,0,0,999900,999900,999900,99990,340,0.0,4,4,999.0,999,9,'999999999,0,0.0000,0,88,999.000,0.0,1.0
2056/12/20,05:00,?9?9?9?9E0?9?9?9?9*9?9*9?9?9?9?9?9?9*9*_?9*9*9?9?9,23.4,20.9,86,100927,9999,9999,389,0,0,0,999900,999900,999900,99990,340,0.0,4,4,999.0,999,9,'999999999,0,0.0000,0,88,999.000,0.0,1.0
2056/12/20,06:00,?9?9?9?9E0?9?9?9?9*9?9*9?9?9?9?9?9?9*9*_?9*9*9?9?9,23.5,21.0,86,101027,9999,9999,392,0,0,0,999900,999900,999900,99990,340,0.3,5,5,999.0,999,9,'999999999,0,0.0000,0,88,999.000,0.0,1.0
2056/12/20,07:00,?9?9?9?9E0?9?9?9?9*9?9*9?9?9?9?9?9?9*9*_?9*9*9?9?9,23.6,21.1,86,101027,9999,9999,397,12,0,12,999900,999900,999900,99990,340,0.0,6,6,999.0,999,9,'999999999,0,0.0000,0,88,999.000,0.0,1.0
2056/12/20,08:00,?9?9?9?9E0?9?9?9?9*9?9*9?9?9?9?9?9?9*9*_?9*9*9?9?9,24.4,21.9,86,101127,9999,9999,407,118,87,98,999900,999900,999900,99990,340,0.0,7,7,999.0,999,9,'999999999,0,0.0000,0,88,999.000,0.0,1.0
2056/12/20,09:00,?9?9?9?9E0?9?9?9?9*9?9*9?9?9?9?9?9?9*9*_?9*9*9?9?9,26.4,22.5,79,101227,9999,9999,418,279,174,203,999900,999900,999900,99990,360,0.5,7,7,999.0,999,9,'999999999,0,0.0000,0,88,999.000,0.0,1.0
2056/12/20,10:00,?9?9?9?9E0?9?9?9?9*9?9*9?9?9?9?9?9?9*9*_?9*9*9?9?9,27.6,22.3,73,101227,9999,9999,432,401,195,283,999900,999900,999900,99990,360,1.0,8,8,999.0,999,9,'999999999,0,0.0000,0,88,999.000,0.0,1.0
2056/12/20,11:00,?9?9?9?9E0?9?9?9?9*9?9*9?9?9?9?9?9?9*9*_?9*9*9?9?9,27.4,22.1,73,101227,9999,9999,430,515,235,344,999900,999900,999900,99990,360,0.9,8,8,999.0,999,9,'999999999,0,0.0000,0,88,999.000,0.0,1.0
2056/12/20,12:00,?9?9?9?9E0?9?9?9?9*9?9*9?9?9?9?9?9?9*9*_?9*9*9?9?9,28.0,22.5,72,101127,9999,9999,434,584,263,375,999900,999900,999900,99990,360,1.0,8,8,999.0,999,9,'999999999,0,0.0000,0,88,999.000,0.0,1.0
2056/12/20,13:00,?9?9?9?9E0?9?9?9?9*9?9*9?9?9?9?9?9?9*9*_?9*9*9?9?9,28.3,22.8,72,101027,9999,9999,436,591,274,372,999900,999900,999900,99990,360,0.9,8,8,999.0,999,9,'999999999,0,0.0000,0,88,999.000,0.0,1.0
2056/12/20,14:00,?9?9?9?9E0?9?9?9?9*9?9*9?9?9?9?9?9?9*9*_?9*9*9?9?9,29.0,21.8,65,100927,9999,9999,432,596,363,325,999900,999900,999900,99990,360,1.8,7,7,999.0,999,9,'999999999,0,0.0000,0,88,999.000,0.0,1.0
2056/12/20,15:00,?9?9?9?9E0?9?9?9?9*9?9*9?9?9?9?9?9?9*9*_?9*9*9?9?9,30.0,21.1,59,100827,9999,9999,432,534,441,254,999900,999900,999900,99990,360,1.5,6,6,999.0,999,9,'999999999,0,0.0000,0,88,999.000,0.0,1.0
2056/12/20,16:00,?9?9?9?9E0?9?9?9?9*9?9*9?9?9?9?9?9?9*9*_?9*9*9?9?9,29.5,20.9,60,100827,9999,9999,425,387,421,187,999900,999900,999900,99990,360,1.1,5,5,999.0,999,9,'999999999,0,0.0000,0,88,999.000,0.0,1.0
2056/12/20,17:00,?9?9?9?9E0?9?9?9?9*9?9*9?9?9?9?9?9?9*9*_?9*9*9?9?9,28.6,20.4,61,100827,9999,9999,413,217,376,113,999900,999900,999900,99990,40,1.0,3,3,999.0,999,9,'999999999,0,0.0000,0,88,999.000,0.0,1.0
2056/12/20,18:00,?9?9?9?9E0?9?9?9?9*9?9*9?9?9?9?9?9?9*9*_?9*9*9?9?9,27.6,20.7,66,100927,9999,9999,408,37,219,25,999900,999900,999900,99990,40,0.7,3,3,999.0,999,9,'999999999,0,0.0000,0,88,999.000,0.0,1.0
2056/12/20,19:00,?9?9?9?9E0?9?9?9?9*9?9*9?9?9?9?9?9?9*9*_?9*9*9?9?9,27.1,21.2,70,100927,9999,9999,406,0,0,0,999900,999900,999900,99990,40,0.5,3,3,999.0,999,9,'999999999,0,0.0000,0,88,999.000,0.0,1.0
2056/12/20,20:00,?9?9?9?9E0?9?9?9?9*9?9*9?9?9?9?9?9?9*9*_?9*9*9?9?9,26.5,21.3,73,101027,9999,9999,406,0,0,0,999900,999900,999900,99990,40,0.2,4,4,999.0,999,9,'999999999,0,0.0000,0,88,999.000,0.0,1.0
2056/12/20,21:00,?9?9?9?9E0?9?9?9?9*9?9*9?9?9?9?9?9?9*9*_?9*9*9?9?9,26.2,21.9,77,101027,9999,9999,405,0,0,0,999900,999900,999900,99990,20,0.0,4,4,999.0,999,9,'999999999,0,0.0000,0,88,999.000,0.0,1.0
2056/12/20,22:00,?9?9?9?9E0?9?9?9?9*9?9*9?9?9?9?9?9?9*9*_?9*9*9?9?9,26.1,22.6,81,101127,9999,9999,423,0,0,0,999900,999900,999900,99990,20,0.0,8,8,999.0,999,9,'999999999,0,0.0000,0,88,999.000,0.0,1.0
2056/12/20,23:00,?9?9?9?9E0?9?9?9?9*9?9*9?9?9?9?9?9?9*9*_?9*9*9?9?9,25.8,22.3,81,101127,9999,9999,430,0,0,0,999900,999900,999900,99990,20,0.0,9,9,999.0,999,9,'999999999,0,0.0000,0,88,999.000,0.0,1.0
2056/12/20,24:00,?9?9?9?9E0?9?9?9?9*9?9*9?9?9?9?9?9?9*9*_?9*9*9?9?9,25.5,22.4,83,101127,9999,9999,429,0,0,0,999900,999900,999900,99990,340,0.0,9,9,999.0,999,9,'999999999,0,0.0000,0,88,999.000,0.0,1.0
2056/12/21,01:00,?9?9?9?9E0?9?9?9?9*9?9*9?9?9?9?9?9?9*9*_?9*9*9?9?9,25.3,23.0,87,101027,9999,9999,428,0,0,0,999900,999900,999900,99990,340,0.0,9,9,999.0,999,9,'999999999,0,0.0000,0,88,999.000,0.0,1.0
2056/12/21,02:00,?9?9?9?9E0?9?9?9?9*9?9*9?9?9?9?9?9?9*9*_?9*9*9?9?9,25.2,22.9,87,101027,9999,9999,404,0,0,0,999900,999900,999900,99990,340,0.0,5,5,999.0,999,9,'999999999,0,0.0000,0,88,999.000,0.0,1.0
2056/12/21,03:00,?9?9?9?9E0?9?9?9?9*9?9*9?9?9?9?9?9?9*9*_?9*9*9?9?9,25.0,22.7,87,100927,9999,9999,406,0,0,0,999900,999900,999900,99990,340,0.0,6,6,999.0,999,9,'999999999,0,0.0000,0,88,999.000,0.0,1.0
2056/12/21,04:00,?9?9?9?9E0?9?9?9?9*9?9*9?9?9?9?9?9?9*9*_?9*9*9?9?9,25.0,22.7,87,100927,9999,9999,417,0,0,0,999900,999900,999900,99990,340,0.3,8,8,999.0,999,9,'999999999,0,0.0000,0,88,999.000,0.0,1.0
2056/12/21,05:00,?9?9?9?9E0?9?9?9?9*9?9*9?9?9?9?9?9?9*9*_?9*9*9?9?9,24.8,22.5,87,100927,9999,9999,416,0,0,0,999900,999900,999900,99990,340,0.2,8,8,999.0,999,9,'999999999,0,0.0000,0,88,999.000,0.0,1.0
2056/12/21,06:00,?9?9?9?9E0?9?9?9?9*9?9*9?9?9?9?9?9?9*9*_?9*9*9?9?9,24.8,22.5,87,100927,9999,9999,416,0,0,0,999900,999900,999900,99990,340,0.4,8,8,999.0,999,9,'999999999,0,0.0000,0,88,999.000,0.0,1.0
2056/12/21,07:00,?9?9?9?9E0?9?9?9?9*9?9*9?9?9?9?9?9?9*9*_?9*9*9?9?9,24.8,22.9,89,101027,9999,9999,416,6,0,6,999900,999900,999900,99990,340,0.2,8,8,999.0,999,9,'999999999,0,0.0000,0,88,999.000,0.2,1.0
2056/12/21,08:00,?9?9?9?9E0?9?9?9?9*9?9*9?9?9?9?9?9?9*9*_?9*9*9?9?9,24.8,22.9,89,101127,9999,9999,425,76,15,73,999900,999900,999900,99990,340,0.0,9,9,999.0,999,9,'999999999,0,0.0000,0,88,999.000,0.7,1.0
2056/12/21,09:00,?9?9?9?9E0?9?9?9?9*9?9*9?9?9?9?9?9?9*9*_?9*9*9?9?9,24.8,24.1,96,101227,9999,9999,439,137,14,131,999900,999900,999900,99990,360,0.5,10,10,999.0,999,9,'999999999,0,0.0000,0,88,999.000,4.0,1.0
2056/12/21,10:00,?9?9?9?9E0?9?9?9?9*9?9*9?9?9?9?9?9?9*9*_?9*9*9?9?9,24.5,23.8,96,101227,9999,9999,437,244,24,229,999900,999900,999900,99990,360,1.0,10,10,999.0,999,9,'999999999,0,0.0000,0,88,999.000,1.0,1.0
2056/12/21,11:00,?9?9?9?9E0?9?9?9?9*9?9*9?9?9?9?9?9?9*9*_?9*9*9?9?9,25.1,24.4,96,101127,9999,9999,441,320,31,298,999900,999900,999900,99990,360,1.2,10,10,999.0,999,9,'999999999,0,0.0000,0,88,999.000,0.0,1.0
2056/12/21,12:00,?9?9?9?9E0?9?9?9?9*9?9*9?9?9?9?9?9?9*9*_?9*9*9?9?9,25.0,24.5,97,101027,9999,9999,441,357,32,332,999900,999900,999900,99990,360,1.1,10,10,999.0,999,9,'999999999,0,0.0000,0,88,999.000,3.3,1.0
2056/12/21,13:00,?9?9?9?9E0?9?9?9?9*9?9*9?9?9?9?9?9?9*9*_?9*9*9?9?9,25.1,24.6,97,100927,9999,9999,442,356,30,332,999900,999900,999900,99990,360,1.0,10,10,999.0,999,9,'999999999,0,0.0000,0,88,999.000,1.5,1.0
2056/12/21,14:00,?9?9?9?9E0?9?9?9?9*9?9*9?9?9?9?9?9?9*9*_?9*9*9?9?9,26.0,25.5,97,100827,9999,9999,448,297,22,280,999900,999900,999900,99990,360,1.2,10,10,999.0,999,9,'999999999,0,0.0000,0,88,999.000,0.0,1.0
2056/12/21,15:00,?9?9?9?9E0?9?9?9?9*9?9*9?9?9?9?9?9?9*9*_?9*9*9?9?9,26.5,25.8,96,100827,9999,9999,452,225,20,212,999900,999900,999900,99990,20,1.7,10,10,999.0,999,9,'999999999,0,0.0000,0,88,999.000,0.0,1.0
2056/12/21,16:00,?9?9?9?9E0?9?9?9?9*9?9*9?9?9?9?9?9?9*9*_?9*9*9?9?9,26.3,25.6,96,100827,9999,9999,410,345,192,254,999900,999900,999900,99990,50,1.2,4,4,999.0,999,9,'999999999,0,0.0000,0,88,999.000,3.5,1.0
2056/12/21,17:00,?9?9?9?9E0?9?9?9?9*9?9*9?9?9?9?9?9?9*9*_?9*9*9?9?9,25.6,24.9,96,100827,9999,9999,402,181,152,139,999900,999900,999900,99990,50,0.6,3,3,999.0,999,9,'999999999,0,0.0000,0,88,999.000,0.0,1.0
2056/12/21,18:00,?9?9?9?9E0?9?9?9?9*9?9*9?9?9?9?9?9?9*9*_?9*9*9?9?9,25.6,25.1,97,100827,9999,9999,402,30,73,26,999900,999900,999900,99990,30,0.7,3,3,999.0,999,9,'999999999,0,0.0000,0,88,999.000,0.0,1.0
2056/12/21,19:00,?9?9?9?9E0?9?9?9?9*9?9*9?9?9?9?9?9?9*9*_?9*9*9?9?9,25.6,25.1,97,100927,9999,9999,433,0,0,0,999900,999900,999900,99990,50,0.0,9,9,999.0,999,9,'999999999,0,0.0000,0,88,999.000,4.5,1.0
2056/12/21,20:00,?9?9?9?9E0?9?9?9?9*9?9*9?9?9?9?9?9?9*9*_?9*9*9?9?9,25.5,25.0,97,101027,9999,9999,432,0,0,0,999900,999900,999900,99990,50,0.5,9,9,999.0,999,9,'999999999,0,0.0000,0,88,999.000,0.2,1.0
2056/12/21,21:00,?9?9?9?9E0?9?9?9?9*9?9*9?9?9?9?9?9?9*9*_?9*9*9?9?9,25.5,25.0,97,101127,9999,9999,432,0,0,0,999900,999900,999900,99990,50,0.8,9,9,999.0,999,9,'999999999,0,0.0000,0,88,999.000,0.0,1.0
2056/12/21,22:00,?9?9?9?9E0?9?9?9?9*9?9*9?9?9?9?9?9?9*9*_?9*9*9?9?9,25.5,25.0,97,101127,9999,9999,432,0,0,0,999900,999900,999900,99990,70,0.0,9,9,999.0,999,9,'999999999,0,0.0000,0,88,999.000,2.8,1.0
2056/12/21,23:00,?9?9?9?9E0?9?9?9?9*9?9*9?9?9?9?9?9?9*9*_?9*9*9?9?9,25.8,25.3,97,101127,9999,9999,434,0,0,0,999900,999900,999900,99990,70,0.7,9,9,999.0,999,9,'999999999,0,0.0000,0,88,999.000,0.1,1.0
2056/12/21,24:00,?9?9?9?9E0?9?9?9?9*9?9*9?9?9?9?9?9?9*9*_?9*9*9?9?9,26.0,25.7,98,101127,9999,9999,436,0,0,0,999900,999900,999900,99990,70,0.2,9,9,999.0,999,9,'999999999,0,0.0000,0,88,999.000,0.0,1.0
2056/12/22,01:00,?9?9?9?9E0?9?9?9?9*9?9*9?9?9?9?9?9?9*9*_?9*9*9?9?9,25.4,25.1,98,101127,9999,9999,423,0,0,0,999900,999900,999900,99990,70,0.1,8,8,999.0,999,9,'999999999,0,0.0000,0,88,999.000,0.0,1.0
2056/12/22,02:00,?9?9?9?9E0?9?9?9?9*9?9*9?9?9?9?9?9?9*9*_?9*9*9?9?9,25.6,25.3,98,101027,9999,9999,424,0,0,0,999900,999900,999900,99990,70,0.5,8,8,999.0,999,9,'999999999,0,0.0000,0,88,999.000,0.4,1.0
2056/12/22,03:00,?9?9?9?9E0?9?9?9?9*9?9*9?9?9?9?9?9?9*9*_?9*9*9?9?9,25.8,25.5,98,101027,9999,9999,425,0,0,0,999900,999900,999900,99990,70,0.5,8,8,999.0,999,9,'999999999,0,0.0000,0,88,999.000,0.1,1.0
2056/12/22,04:00,?9?9?9?9E0?9?9?9?9*9?9*9?9?9?9?9?9?9*9*_?9*9*9?9?9,26.0,25.7,98,100927,9999,9999,427,0,0,0,999900,999900,999900,99990,70,0.7,8,8,999.0,999,9,'999999999,0,0.0000,0,88,999.000,0.1,1.0
2056/12/22,05:00,?9?9?9?9E0?9?9?9?9*9?9*9?9?9?9?9?9?9*9*_?9*9*9?9?9,26.0,25.7,98,101027,9999,9999,427,0,0,0,999900,999900,999900,99990,70,0.7,8,8,999.0,999,9,'999999999,0,0.0000,0,88,999.000,8.8,1.0
2056/12/22,06:00,?9?9?9?9E0?9?9?9?9*9?9*9?9?9?9?9?9?9*9*_?9*9*9?9?9,25.8,25.5,98,101027,9999,9999,425,0,0,0,999900,999900,999900,99990,70,0.9,8,8,999.0,999,9,'999999999,0,0.0000,0,88,999.000,4.7,1.0
2056/12/22,07:00,?9?9?9?9E0?9?9?9?9*9?9*9?9?9?9?9?9?9*9*_?9*9*9?9?9,25.8,25.5,98,101127,9999,9999,435,2,0,2,999900,999900,999900,99990,70,0.8,9,9,999.0,999,9,'999999999,0,0.0000,0,88,999.000,1.8,1.0
2056/12/22,08:00,?9?9?9?9E0?9?9?9?9*9?9*9?9?9?9?9?9?9*9*_?9*9*9?9?9,25.6,25.3,98,101227,9999,9999,433,69,14,66,999900,999900,999900,99990,70,1.3,9,9,999.0,999,9,'999999999,0,0.0000,0,88,999.000,1.4,1.0
2056/12/22,09:00,?9?9?9?9E0?9?9?9?9*9?9*9?9?9?9?9?9?9*9*_?9*9*9?9?9,25.8,24.2,91,101327,9999,9999,433,191,39,174,999900,999900,999900,99990,90,1.0,9,9,999.0,999,9,'999999999,0,0.0000,0,88,999.000,7.2,1.0
2056/12/22,10:00,?9?9?9?9E0?9?9?9?9*9?9*9?9?9?9?9?9?9*9*_?9*9*9?9?9,27.4,25.8,91,101327,9999,9999,457,248,32,229,999900,999900,999900,99990,90,1.3,10,10,999.0,999,9,'999999999,0,0.0000,0,88,999.000,0.0,1.0
2056/12/22,11:00,?9?9?9?9E0?9?9?9?9*9?9*9?9?9?9?9?9?9*9*_?9*9*9?9?9,28.2,26.2,89,101227,9999,9999,462,328,40,299,999900,999900,999900,99990,90,1.3,10,10,999.0,999,9,'999999999,0,0.0000,0,88,999.000,0.0,1.0
2056/12/22,12:00,?9?9?9?9E0?9?9?9?9*9?9*9?9?9?9?9?9?9*9*_?9*9*9?9?9,27.8,25.8,89,101227,9999,9999,459,373,53,331,999900,999900,999900,99990,90,1.2,10,10,999.0,999,9,'999999999,0,0.0000,0,88,999.000,0.6,1.0
2056/12/22,13:00,?9?9?9?9E0?9?9?9?9*9?9*9?9?9?9?9?9?9*9*_?9*9*9?9?9,27.8,25.8,89,101127,9999,9999,419,743,493,348,999900,999900,999900,99990,80,0.8,4,4,999.0,999,9,'999999999,0,0.0000,0,88,999.000,0.2,1.0
2056/12/22,14:00,?9?9?9?9E0?9?9?9?9*9?9*9?9?9?9?9?9?9*9*_?9*9*9?9?9,28.3,25.8,86,101027,9999,9999,418,698,541,294,999900,999900,999900,99990,60,1.8,3,3,999.0,999,9,'999999999,0,0.0000,0,88,999.000,0.0,1.0
2056/12/22,15:00,?9?9?9?9E0?9?9?9?9*9?9*9?9?9?9?9?9?9*9*_?9*9*9?9?9,28.3,25.8,86,100927,9999,9999,428,477,257,313,999900,999900,999900,99990,50,1.2,6,6,999.0,999,9,'999999999,0,0.0000,0,88,999.000,0.0,1.0
2056/12/22,16:00,?9?9?9?9E0?9?9?9?9*9?9*9?9?9?9?9?9?9*9*_?9*9*9?9?9,28.3,25.8,86,100927,9999,9999,450,199,39,180,999900,999900,999900,99990,80,0.9,9,9,999.0,999,9,'999999999,0,0.0000,0,88,999.000,0.0,1.0
2056/12/22,17:00,?9?9?9?9E0?9?9?9?9*9?9*9?9?9?9?9?9?9*9*_?9*9*9?9?9,27.5,24.6,84,100927,9999,9999,443,91,18,86,999900,999900,999900,99990,60,1.2,9,9,999.0,999,9,'999999999,0,0.0000,0,88,999.000,0.0,1.0
2056/12/22,18:00,?9?9?9?9E0?9?9?9?9*9?9*9?9?9?9?9?9?9*9*_?9*9*9?9?9,27.0,24.7,87,101027,9999,9999,441,10,5,10,999900,999900,999900,99990,50,1.0,9,9,999.0,999,9,'999999999,0,0.0000,0,88,999.000,0.0,1.0
2056/12/22,19:00,?9?9?9?9E0?9?9?9?9*9?9*9?9?9?9?9?9?9*9*_?9*9*9?9?9,26.3,24.2,88,101127,9999,9999,436,0,0,0,999900,999900,999900,99990,50,0.7,9,9,999.0,999,9,'999999999,0,0.0000,0,88,999.000,0.2,1.0
2056/12/22,20:00,?9?9?9?9E0?9?9?9?9*9?9*9?9?9?9?9?9?9*9*_?9*9*9?9?9,26.1,24.0,88,101227,9999,9999,414,0,0,0,999900,999900,999900,99990,50,0.5,6,6,999.0,999,9,'999999999,0,0.0000,0,88,999.000,0.0,1.0
2056/12/22,21:00,?9?9?9?9E0?9?9?9?9*9?9*9?9?9?9?9?9?9*9*_?9*9*9?9?9,26.0,23.9,88,101227,9999,9999,403,0,0,0,999900,999900,999900,99990,360,0.2,3,3,999.0,999,9,'999999999,0,0.0000,0,88,999.000,0.8,1.0
2056/12/22,22:00,?9?9?9?9E0?9?9?9?9*9?9*9?9?9?9?9?9?9*9*_?9*9*9?9?9,25.8,23.9,89,101327,9999,9999,423,0,0,0,999900,999900,999900,99990,360,0.0,8,8,999.0,999,9,'999999999,0,0.0000,0,88,999.000,0.0,1.0
2056/12/22,23:00,?9?9?9?9E0?9?9?9?9*9?9*9?9?9?9?9?9?9*9*_?9*9*9?9?9,25.8,23.9,89,101327,9999,9999,423,0,0,0,999900,999900,999900,99990,360,0.0,8,8,999.0,999,9,'999999999,0,0.0000,0,88,999.000,1.2,1.0
2056/12/22,24:00,?9?9?9?9E0?9?9?9?9*9?9*9?9?9?9?9?9?9*9*_?9*9*9?9?9,25.8,23.9,89,101327,9999,9999,423,0,0,0,999900,999900,999900,99990,360,0.0,8,8,999.0,999,9,'999999999,0,0.0000,0,88,999.000,0.7,1.0
2056/12/23,01:00,?9?9?9?9E0?9?9?9?9*9?9*9?9?9?9?9?9?9*9*_?9*9*9?9?9,25.8,23.9,89,101227,9999,9999,423,0,0,0,999900,999900,999900,99990,360,4.1,8,8,999.0,999,9,'999999999,0,0.0000,0,88,999.000,0.0,1.0
2056/12/23,02:00,?9?9?9?9E0?9?9?9?9*9?9*9?9?9?9?9?9?9*9*_?9*9*9?9?9,25.8,23.9,89,101227,9999,9999,417,0,0,0,999900,999900,999900,99990,360,3.0,7,7,999.0,999,9,'999999999,0,0.0000,0,88,999.000,0.0,1.0
2056/12/23,03:00,?9?9?9?9E0?9?9?9?9*9?9*9?9?9?9?9?9?9*9*_?9*9*9?9?9,25.8,23.9,89,101127,9999,9999,408,0,0,0,999900,999900,999900,99990,360,2.0,5,5,999.0,999,9,'999999999,0,0.0000,0,88,999.000,0.0,1.0
2056/12/23,04:00,?9?9?9?9E0?9?9?9?9*9?9*9?9?9?9?9?9?9*9*_?9*9*9?9?9,26.0,23.9,88,101127,9999,9999,406,0,0,0,999900,999900,999900,99990,360,1.0,4,4,999.0,999,9,'999999999,0,0.0000,0,88,999.000,0.1,1.0
2056/12/23,05:00,?9?9?9?9E0?9?9?9?9*9?9*9?9?9?9?9?9?9*9*_?9*9*9?9?9,25.8,23.9,89,101227,9999,9999,402,0,0,0,999900,999900,999900,99990,360,0.1,3,3,999.0,999,9,'999999999,0,0.0000,0,88,999.000,0.3,1.0
2056/12/23,06:00,?9?9?9?9E0?9?9?9?9*9?9*9?9?9?9?9?9?9*9*_?9*9*9?9?9,25.7,23.8,89,101227,9999,9999,401,0,0,0,999900,999900,999900,99990,360,0.0,3,3,999.0,999,9,'999999999,0,0.0000,0,88,999.000,0.0,1.0
2056/12/23,07:00,?9?9?9?9E0?9?9?9?9*9?9*9?9?9?9?9?9?9*9*_?9*9*9?9?9,25.6,23.7,89,101227,9999,9999,404,13,0,13,999900,999900,999900,99990,360,1.8,4,4,999.0,999,9,'999999999,0,0.0000,0,88,999.000,0.0,1.0
2056/12/23,08:00,?9?9?9?9E0?9?9?9?9*9?9*9?9?9?9?9?9?9*9*_?9*9*9?9?9,27.1,24.6,86,101327,9999,9999,413,155,277,93,999900,999900,999900,99990,50,2.5,4,4,999.0,999,9,'999999999,0,0.0000,0,88,999.000,0.0,1.0
2056/12/23,09:00,?9?9?9?9E0?9?9?9?9*9?9*9?9?9?9?9?9?9*9*_?9*9*9?9?9,28.1,24.1,79,101427,9999,9999,421,336,410,160,999900,999900,999900,99990,50,2.3,5,5,999.0,999,9,'999999999,0,0.0000,0,88,999.000,0.0,1.0
2056/12/23,10:00,?9?9?9?9E0?9?9?9?9*9?9*9?9?9?9?9?9?9*9*_?9*9*9?9?9,28.7,23.2,72,101427,9999,9999,423,532,571,189,999900,999900,999900,99990,50,2.0,5,5,999.0,999,9,'999999999,0,0.0000,0,88,999.000,0.0,1.0
2056/12/23,11:00,?9?9?9?9E0?9?9?9?9*9?9*9?9?9?9?9?9?9*9*_?9*9*9?9?9,29.3,22.8,68,101427,9999,9999,426,684,667,201,999900,999900,999900,99990,50,1.6,5,5,999.0,999,9,'999999999,0,0.0000,0,88,999.000,0.0,1.0
2056/12/23,12:00,?9?9?9?9E0?9?9?9?9*9?9*9?9?9?9?9?9?9*9*_?9*9*9?9?9,29.6,21.6,62,101327,9999,9999,426,780,734,199,999900,999900,999900,99990,20,1.2,5,5,999.0,999,9,'999999999,0,0.0000,0,88,999.000,0.0,1.0
2056/12/23,13:00,?9?9?9?9E0?9?9?9?9*9?9*9?9?9?9?9?9?9*9*_?9*9*9?9?9,30.0,19.4,53,101227,9999,9999,426,814,793,179,999900,999900,999900,99990,20,1.4,5,5,999.0,999,9,'999999999,0,0.0000,0,88,999.000,0.0,1.0
2056/12/23,14:00,?9?9?9?9E0?9?9?9?9*9?9*9?9?9?9?9?9?9*9*_?9*9*9?9?9,30.1,19.8,54,101127,9999,9999,420,783,845,151,999900,999900,999900,99990,30,1.3,3,3,999.0,999,9,'999999999,0,0.0000,0,88,999.000,0.0,1.0
2056/12/23,15:00,?9?9?9?9E0?9?9?9?9*9?9*9?9?9?9?9?9?9*9*_?9*9*9?9?9,30.1,20.4,56,101127,9999,9999,421,635,766,146,999900,999900,999900,99990,50,1.2,3,3,999.0,999,9,'999999999,0,0.0000,0,88,999.000,0.0,1.0
2056/12/23,16:00,?9?9?9?9E0?9?9?9?9*9?9*9?9?9?9?9?9?9*9*_?9*9*9?9?9,29.1,21.1,62,101127,9999,9999,420,416,560,147,999900,999900,999900,99990,30,1.6,4,4,999.0,999,9,'999999999,0,0.0000,0,88,999.000,0.0,1.0
2056/12/23,17:00,?9?9?9?9E0?9?9?9?9*9?9*9?9?9?9?9?9?9*9*_?9*9*9?9?9,28.3,22.3,70,101127,9999,9999,417,207,356,107,999900,999900,999900,99990,30,1.0,4,4,999.0,999,9,'999999999,0,0.0000,0,88,999.000,0.0,1.0
2056/12/23,18:00,?9?9?9?9E0?9?9?9?9*9?9*9?9?9?9?9?9?9*9*_?9*9*9?9?9,27.5,22.5,74,101127,9999,9999,410,39,231,26,999900,999900,999900,99990,30,1.0,3,3,999.0,999,9,'999999999,0,0.0000,0,88,999.000,0.0,1.0
2056/12/23,19:00,?9?9?9?9E0?9?9?9?9*9?9*9?9?9?9?9?9?9*9*_?9*9*9?9?9,26.7,23.4,82,101227,9999,9999,406,0,0,0,999900,999900,999900,99990,40,0.3,3,3,999.0,999,9,'999999999,0,0.0000,0,88,999.000,0.0,1.0
2056/12/23,20:00,?9?9?9?9E0?9?9?9?9*9?9*9?9?9?9?9?9?9*9*_?9*9*9?9?9,26.3,23.4,84,101327,9999,9999,407,0,0,0,999900,999900,999900,99990,40,0.1,4,4,999.0,999,9,'999999999,0,0.0000,0,88,999.000,0.0,1.0
2056/12/23,21:00,?9?9?9?9E0?9?9?9?9*9?9*9?9?9?9?9?9?9*9*_?9*9*9?9?9,26.2,23.5,85,101327,9999,9999,410,0,0,0,999900,999900,999900,99990,20,0.3,5,5,999.0,999,9,'999999999,0,0.0000,0,88,999.000,0.0,1.0
2056/12/23,22:00,?9?9?9?9E0?9?9?9?9*9?9*9?9?9?9?9?9?9*9*_?9*9*9?9?9,26.2,23.7,86,101327,9999,9999,410,0,0,0,999900,999900,999900,99990,20,0.1,5,5,999.0,999,9,'999999999,0,0.0000,0,88,999.000,0.0,1.0
2056/12/23,23:00,?9?9?9?9E0?9?9?9?9*9?9*9?9?9?9?9?9?9*9*_?9*9*9?9?9,26.2,24.1,88,101327,9999,9999,411,0,0,0,999900,999900,999900,99990,20,0.2,5,5,999.0,999,9,'999999999,0,0.0000,0,88,999.000,0.0,1.0
2056/12/23,24:00,?9?9?9?9E0?9?9?9?9*9?9*9?9?9?9?9?9?9*9*_?9*9*9?9?9,26.0,23.9,88,101327,9999,9999,409,0,0,0,999900,999900,999900,99990,360,0.0,5,5,999.0,999,9,'999999999,0,0.0000,0,88,999.000,0.0,1.0
2056/12/24,01:00,?9?9?9?9E0?9?9?9?9*9?9*9?9?9?9?9?9?9*9*_?9*9*9?9?9,25.8,23.9,89,101227,9999,9999,408,0,0,0,999900,999900,999900,99990,360,0.0,5,5,999.0,999,9,'999999999,0,0.0000,0,88,999.000,0.0,1.0
2056/12/24,02:00,?9?9?9?9E0?9?9?9?9*9?9*9?9?9?9?9?9?9*9*_?9*9*9?9?9,25.6,24.0,91,101227,9999,9999,407,0,0,0,999900,999900,999900,99990,360,0.2,5,5,999.0,999,9,'999999999,0,0.0000,0,88,999.000,0.7,1.0
2056/12/24,03:00,?9?9?9?9E0?9?9?9?9*9?9*9?9?9?9?9?9?9*9*_?9*9*9?9?9,25.5,24.1,92,101127,9999,9999,407,0,0,0,999900,999900,999900,99990,360,0.0,5,5,999.0,999,9,'999999999,0,0.0000,0,88,999.000,0.0,1.0
2056/12/24,04:00,?9?9?9?9E0?9?9?9?9*9?9*9?9?9?9?9?9?9*9*_?9*9*9?9?9,25.5,24.1,92,101127,9999,9999,407,0,0,0,999900,999900,999900,99990,360,0.0,5,5,999.0,999,9,'999999999,0,0.0000,0,88,999.000,0.1,1.0
2056/12/24,05:00,?9?9?9?9E0?9?9?9?9*9?9*9?9?9?9?9?9?9*9*_?9*9*9?9?9,25.1,23.7,92,101227,9999,9999,404,0,0,0,999900,999900,999900,99990,360,0.0,5,5,999.0,999,9,'999999999,0,0.0000,0,88,999.000,0.0,1.0
2056/12/24,06:00,?9?9?9?9E0?9?9?9?9*9?9*9?9?9?9?9?9?9*9*_?9*9*9?9?9,25.1,23.7,92,101227,9999,9999,398,0,0,0,999900,999900,999900,99990,360,0.2,3,3,999.0,999,9,'999999999,0,0.0000,0,88,999.000,0.0,1.0
2056/12/24,07:00,?9?9?9?9E0?9?9?9?9*9?9*9?9?9?9?9?9?9*9*_?9*9*9?9?9,25.1,23.7,92,101227,9999,9999,398,12,0,12,999900,999900,999900,99990,360,0.2,3,3,999.0,999,9,'999999999,0,0.0000,0,88,999.000,0.0,1.0
2056/12/24,08:00,?9?9?9?9E0?9?9?9?9*9?9*9?9?9?9?9?9?9*9*_?9*9*9?9?9,25.9,24.5,92,101327,9999,9999,403,154,231,103,999900,999900,999900,99990,360,0.4,3,3,999.0,999,9,'999999999,0,0.0000,0,88,999.000,0.0,1.0
2056/12/24,09:00,?9?9?9?9E0?9?9?9?9*9?9*9?9?9?9?9?9?9*9*_?9*9*9?9?9,26.4,24.5,89,101427,9999,9999,406,350,405,176,999900,999900,999900,99990,30,0.4,3,3,999.0,999,9,'999999999,0,0.0000,0,88,999.000,0.1,1.0
2056/12/24,10:00,?9?9?9?9E0?9?9?9?9*9?9*9?9?9?9?9?9?9*9*_?9*9*9?9?9,27.2,25.1,88,101527,9999,9999,411,544,541,220,999900,999900,999900,99990,50,1.5,3,3,999.0,999,9,'999999999,0,0.0000,0,88,999.000,0.0,1.0
2056/12/24,11:00,?9?9?9?9E0?9?9?9?9*9?9*9?9?9?9?9?9?9*9*_?9*9*9?9?9,27.4,25.1,87,101427,9999,9999,419,632,465,295,999900,999900,999900,99990,50,0.8,5,5,999.0,999,9,'999999999,0,0.0000,0,88,999.000,0.0,1.0
2056/12/24,12:00,?9?9?9?9E0?9?9?9?9*9?9*9?9?9?9?9?9?9*9*_?9*9*9?9?9,30.1,25.4,76,101427,9999,9999,450,565,232,381,999900,999900,999900,99990,50,2.2,8,8,999.0,999,9,'999999999,0,0.0000,0,88,999.000,0.0,1.0
2056/12/24,13:00,?9?9?9?9E0?9?9?9?9*9?9*9?9?9?9?9?9?9*9*_?9*9*9?9?9,29.6,25.4,78,101327,9999,9999,457,493,133,386,999900,999900,999900,99990,60,1.8,9,9,999.0,999,9,'999999999,0,0.0000,0,88,999.000,0.0,1.0
2056/12/24,14:00,?9?9?9?9E0?9?9?9?9*9?9*9?9?9?9?9?9?9*9*_?9*9*9?9?9,29.3,25.1,78,101227,9999,9999,455,429,104,351,999900,999900,999900,99990,50,2.0,9,9,999.0,999,9,'999999999,0,0.0000,0,88,999.000,0.0,1.0
2056/12/24,15:00,?9?9?9?9E0?9?9?9?9*9?9*9?9?9?9?9?9?9*9*_?9*9*9?9?9,29.0,24.8,78,101227,9999,9999,453,348,99,285,999900,999900,999900,99990,60,1.5,9,9,999.0,999,9,'999999999,0,0.0000,0,88,999.000,0.0,1.0
2056/12/24,16:00,?9?9?9?9E0?9?9?9?9*9?9*9?9?9?9?9?9?9*9*_?9*9*9?9?9,28.3,25.0,82,101227,9999,9999,424,360,262,234,999900,999900,999900,99990,40,1.1,5,5,999.0,999,9,'999999999,0,0.0000,0,88,999.000,0.0,1.0
2056/12/24,17:00,?9?9?9?9E0?9?9?9?9*9?9*9?9?9?9?9?9?9*9*_?9*9*9?9?9,27.3,25.2,88,101227,9999,9999,434,117,49,103,999900,999900,999900,99990,40,1.0,8,8,999.0,999,9,'999999999,0,0.0000,0,88,999.000,0.5,1.0
2056/12/24,18:00,?9?9?9?9E0?9?9?9?9*9?9*9?9?9?9?9?9?9*9*_?9*9*9?9?9,27.0,24.9,88,101227,9999,9999,416,31,70,27,999900,999900,999900,99990,320,0.0,5,5,999.0,999,9,'999999999,0,0.0000,0,88,999.000,0.2,1.0
2056/12/24,19:00,?9?9?9?9E0?9?9?9?9*9?9*9?9?9?9?9?9?9*9*_?9*9*9?9?9,26.6,24.5,88,101227,9999,9999,438,0,0,0,999900,999900,999900,99990,320,0.0,9,9,999.0,999,9,'999999999,0,0.0000,0,88,999.000,0.2,1.0
2056/12/24,20:00,?9?9?9?9E0?9?9?9?9*9?9*9?9?9?9?9?9?9*9*_?9*9*9?9?9,26.6,24.5,88,101327,9999,9999,438,0,0,0,999900,999900,999900,99990,320,0.0,9,9,999.0,999,9,'999999999,0,0.0000,0,88,999.000,0.0,1.0
2056/12/24,21:00,?9?9?9?9E0?9?9?9?9*9?9*9?9?9?9?9?9?9*9*_?9*9*9?9?9,26.6,24.5,88,101327,9999,9999,438,0,0,0,999900,999900,999900,99990,320,0.1,9,9,999.0,999,9,'999999999,0,0.0000,0,88,999.000,0.0,1.0
2056/12/24,22:00,?9?9?9?9E0?9?9?9?9*9?9*9?9?9?9?9?9?9*9*_?9*9*9?9?9,26.6,24.5,88,101327,9999,9999,438,0,0,0,999900,999900,999900,99990,320,0.1,9,9,999.0,999,9,'999999999,0,0.0000,0,88,999.000,0.0,1.0
2056/12/24,23:00,?9?9?9?9E0?9?9?9?9*9?9*9?9?9?9?9?9?9*9*_?9*9*9?9?9,26.7,24.4,87,101327,9999,9999,438,0,0,0,999900,999900,999900,99990,320,0.1,9,9,999.0,999,9,'999999999,0,0.0000,0,88,999.000,0.0,1.0
2056/12/24,24:00,?9?9?9?9E0?9?9?9?9*9?9*9?9?9?9?9?9?9*9*_?9*9*9?9?9,26.5,24.6,89,101227,9999,9999,437,0,0,0,999900,999900,999900,99990,50,0.0,9,9,999.0,999,9,'999999999,0,0.0000,0,88,999.000,0.0,1.0
2056/12/25,01:00,?9?9?9?9E0?9?9?9?9*9?9*9?9?9?9?9?9?9*9*_?9*9*9?9?9,26.1,24.2,89,101227,9999,9999,414,0,0,0,999900,999900,999900,99990,50,0.0,6,6,999.0,999,9,'999999999,0,0.0000,0,88,999.000,0.0,1.0
2056/12/25,02:00,?9?9?9?9E0?9?9?9?9*9?9*9?9?9?9?9?9?9*9*_?9*9*9?9?9,26.1,24.2,89,101227,9999,9999,425,0,0,0,999900,999900,999900,99990,50,0.8,8,8,999.0,999,9,'999999999,0,0.0000,0,88,999.000,3.5,1.0
2056/12/25,03:00,?9?9?9?9E0?9?9?9?9*9?9*9?9?9?9?9?9?9*9*_?9*9*9?9?9,26.0,24.1,89,101127,9999,9999,434,0,0,0,999900,999900,999900,99990,50,0.3,9,9,999.0,999,9,'999999999,0,0.0000,0,88,999.000,0.5,1.0
2056/12/25,04:00,?9?9?9?9E0?9?9?9?9*9?9*9?9?9?9?9?9?9*9*_?9*9*9?9?9,25.7,23.8,89,101127,9999,9999,432,0,0,0,999900,999900,999900,99990,50,0.1,9,9,999.0,999,9,'999999999,0,0.0000,0,88,999.000,0.0,1.0
2056/12/25,05:00,?9?9?9?9E0?9?9?9?9*9?9*9?9?9?9?9?9?9*9*_?9*9*9?9?9,25.5,23.6,89,101227,9999,9999,430,0,0,0,999900,999900,999900,99990,50,0.0,9,9,999.0,999,9,'999999999,0,0.0000,0,88,999.000,0.0,1.0
2056/12/25,06:00,?9?9?9?9E0?9?9?9?9*9?9*9?9?9?9?9?9?9*9*_?9*9*9?9?9,25.5,23.6,89,101227,9999,9999,430,0,0,0,999900,999900,999900,99990,50,0.0,9,9,999.0,999,9,'999999999,0,0.0000,0,88,999.000,0.0,1.0
2056/12/25,07:00,?9?9?9?9E0?9?9?9?9*9?9*9?9?9?9?9?9?9*9*_?9*9*9?9?9,25.5,23.6,89,101327,9999,9999,430,2,0,2,999900,999900,999900,99990,50,0.0,9,9,999.0,999,9,'999999999,0,0.0000,0,88,999.000,0.0,1.0
2056/12/25,08:00,?9?9?9?9E0?9?9?9?9*9?9*9?9?9?9?9?9?9*9*_?9*9*9?9?9,26.6,24.3,87,101427,9999,9999,422,111,87,92,999900,999900,999900,99990,50,0.5,7,7,999.0,999,9,'999999999,0,0.0000,0,88,999.000,0.0,1.0
2056/12/25,09:00,?9?9?9?9E0?9?9?9?9*9?9*9?9?9?9?9?9?9*9*_?9*9*9?9?9,28.3,24.5,80,101427,9999,9999,423,328,357,176,999900,999900,999900,99990,80,1.2,5,5,999.0,999,9,'999999999,0,0.0000,0,88,999.000,0.0,1.0
2056/12/25,10:00,?9?9?9?9E0?9?9?9?9*9?9*9?9?9?9?9?9?9*9*_?9*9*9?9?9,29.0,24.8,78,101427,9999,9999,427,515,509,210,999900,999900,999900,99990,60,2.0,5,5,999.0,999,9,'999999999,0,0.0000,0,88,999.000,0.0,1.0
2056/12/25,11:00,?9?9?9?9E0?9?9?9?9*9?9*9?9?9?9?9?9?9*9*_?9*9*9?9?9,29.3,24.9,77,101427,9999,9999,429,656,585,233,999900,999900,999900,99990,80,1.6,5,5,999.0,999,9,'999999999,0,0.0000,0,88,999.000,0.0,1.0
2056/12/25,12:00,?9?9?9?9E0?9?9?9?9*9?9*9?9?9?9?9?9?9*9*_?9*9*9?9?9,29.5,23.7,71,101327,9999,9999,429,754,655,235,999900,999900,999900,99990,80,1.3,5,5,999.0,999,9,'999999999,0,0.0000,0,88,999.000,0.0,1.0
2056/12/25,13:00,?9?9?9?9E0?9?9?9?9*9?9*9?9?9?9?9?9?9*9*_?9*9*9?9?9,30.0,24.4,72,101227,9999,9999,432,759,649,239,999900,999900,999900,99990,80,1.5,5,5,999.0,999,9,'999999999,0,0.0000,0,88,999.000,0.0,1.0
2056/12/25,14:00,?9?9?9?9E0?9?9?9?9*9?9*9?9?9?9?9?9?9*9*_?9*9*9?9?9,29.9,23.4,68,101227,9999,9999,431,689,609,232,999900,999900,999900,99990,50,1.5,5,5,999.0,999,9,'999999999,0,0.0000,0,88,999.000,0.0,1.0
2056/12/25,15:00,?9?9?9?9E0?9?9?9?9*9?9*9?9?9?9?9?9?9*9*_?9*9*9?9?9,30.0,20.8,58,101127,9999,9999,428,582,593,202,999900,999900,999900,99990,60,1.0,5,5,999.0,999,9,'999999999,0,0.0000,0,88,999.000,0.0,1.0
2056/12/25,16:00,?9?9?9?9E0?9?9?9?9*9?9*9?9?9?9?9?9?9*9*_?9*9*9?9?9,29.8,21.2,60,101127,9999,9999,427,398,466,173,999900,999900,999900,99990,60,1.1,5,5,999.0,999,9,'999999999,0,0.0000,0,88,999.000,0.0,1.0
2056/12/25,17:00,?9?9?9?9E0?9?9?9?9*9?9*9?9?9?9?9?9?9*9*_?9*9*9?9?9,29.0,22.3,67,101127,9999,9999,424,198,281,118,999900,999900,999900,99990,60,0.8,5,5,999.0,999,9,'999999999,0,0.0000,0,88,999.000,0.0,1.0
2056/12/25,18:00,?9?9?9?9E0?9?9?9?9*9?9*9?9?9?9?9?9?9*9*_?9*9*9?9?9,27.8,22.3,72,101127,9999,9999,417,37,159,27,999900,999900,999900,99990,70,1.0,5,5,999.0,999,9,'999999999,0,0.0000,0,88,999.000,0.0,1.0
2056/12/25,19:00,?9?9?9?9E0?9?9?9?9*9?9*9?9?9?9?9?9?9*9*_?9*9*9?9?9,27.5,23.5,79,101127,9999,9999,411,0,0,0,999900,999900,999900,99990,50,0.3,3,3,999.0,999,9,'999999999,0,0.0000,0,88,999.000,0.0,1.0
2056/12/25,20:00,?9?9?9?9E0?9?9?9?9*9?9*9?9?9?9?9?9?9*9*_?9*9*9?9?9,27.4,23.7,80,101227,9999,9999,410,0,0,0,999900,999900,999900,99990,50,0.5,3,3,999.0,999,9,'999999999,0,0.0000,0,88,999.000,0.0,1.0
2056/12/25,21:00,?9?9?9?9E0?9?9?9?9*9?9*9?9?9?9?9?9?9*9*_?9*9*9?9?9,27.1,23.8,82,101227,9999,9999,409,0,0,0,999900,999900,999900,99990,20,0.2,3,3,999.0,999,9,'999999999,0,0.0000,0,88,999.000,0.0,1.0
2056/12/25,22:00,?9?9?9?9E0?9?9?9?9*9?9*9?9?9?9?9?9?9*9*_?9*9*9?9?9,26.5,23.2,82,101227,9999,9999,405,0,0,0,999900,999900,999900,99990,20,0.3,3,3,999.0,999,9,'999999999,0,0.0000,0,88,999.000,0.0,1.0
2056/12/25,23:00,?9?9?9?9E0?9?9?9?9*9?9*9?9?9?9?9?9?9*9*_?9*9*9?9?9,25.8,23.5,87,101227,9999,9999,402,0,0,0,999900,999900,999900,99990,20,0.0,3,3,999.0,999,9,'999999999,0,0.0000,0,88,999.000,0.0,1.0
2056/12/25,24:00,?9?9?9?9E0?9?9?9?9*9?9*9?9?9?9?9?9?9*9*_?9*9*9?9?9,24.8,22.9,89,101227,9999,9999,396,0,0,0,999900,999900,999900,99990,20,0.0,3,3,999.0,999,9,'999999999,0,0.0000,0,88,999.000,0.0,1.0
2056/12/26,01:00,?9?9?9?9E0?9?9?9?9*9?9*9?9?9?9?9?9?9*9*_?9*9*9?9?9,24.5,22.6,89,101127,9999,9999,394,0,0,0,999900,999900,999900,99990,20,0.0,3,3,999.0,999,9,'999999999,0,0.0000,0,88,999.000,0.0,1.0
2056/12/26,02:00,?9?9?9?9E0?9?9?9?9*9?9*9?9?9?9?9?9?9*9*_?9*9*9?9?9,24.4,22.5,89,101127,9999,9999,396,0,0,0,999900,999900,999900,99990,20,0.0,4,4,999.0,999,9,'999999999,0,0.0000,0,88,999.000,0.0,1.0
2056/12/26,03:00,?9?9?9?9E0?9?9?9?9*9?9*9?9?9?9?9?9?9*9*_?9*9*9?9?9,24.0,22.3,90,101127,9999,9999,397,0,0,0,999900,999900,999900,99990,320,0.0,5,5,999.0,999,9,'999999999,0,0.0000,0,88,999.000,0.0,1.0
2056/12/26,04:00,?9?9?9?9E0?9?9?9?9*9?9*9?9?9?9?9?9?9*9*_?9*9*9?9?9,23.9,22.2,90,101127,9999,9999,390,0,0,0,999900,999900,999900,99990,320,0.0,3,3,999.0,999,9,'999999999,0,0.0000,0,88,999.000,0.0,1.0
2056/12/26,05:00,?9?9?9?9E0?9?9?9?9*9?9*9?9?9?9?9?9?9*9*_?9*9*9?9?9,24.0,22.5,91,101127,9999,9999,391,0,0,0,999900,999900,999900,99990,320,0.0,3,3,999.0,999,9,'999999999,0,0.0000,0,88,999.000,0.0,1.0
2056/12/26,06:00,?9?9?9?9E0?9?9?9?9*9?9*9?9?9?9?9?9?9*9*_?9*9*9?9?9,23.3,21.8,91,101127,9999,9999,389,0,0,0,999900,999900,999900,99990,360,0.0,4,4,999.0,999,9,'999999999,0,0.0000,0,88,999.000,0.0,1.0
2056/12/26,07:00,?9?9?9?9E0?9?9?9?9*9?9*9?9?9?9?9?9?9*9*_?9*9*9?9?9,23.3,21.8,91,101227,9999,9999,389,10,0,10,999900,999900,999900,99990,360,0.0,4,4,999.0,999,9,'999999999,0,0.0000,0,88,999.000,0.0,1.0
2056/12/26,08:00,?9?9?9?9E0?9?9?9?9*9?9*9?9?9?9?9?9?9*9*_?9*9*9?9?9,24.1,22.6,91,101227,9999,9999,398,136,161,101,999900,999900,999900,99990,360,0.0,5,5,999.0,999,9,'999999999,0,0.0000,0,88,999.000,0.0,1.0
2056/12/26,09:00,?9?9?9?9E0?9?9?9?9*9?9*9?9?9?9?9?9?9*9*_?9*9*9?9?9,26.7,24.4,87,101427,9999,9999,414,312,290,188,999900,999900,999900,99990,360,0.0,5,5,999.0,999,9,'999999999,0,0.0000,0,88,999.000,0.0,1.0
2056/12/26,10:00,?9?9?9?9E0?9?9?9?9*9?9*9?9?9?9?9?9?9*9*_?9*9*9?9?9,28.7,25.1,81,101427,9999,9999,423,521,487,230,999900,999900,999900,99990,30,0.5,4,4,999.0,999,9,'999999999,0,0.0000,0,88,999.000,0.0,1.0
2056/12/26,11:00,?9?9?9?9E0?9?9?9?9*9?9*9?9?9?9?9?9?9*9*_?9*9*9?9?9,29.3,23.5,71,101327,9999,9999,427,657,546,262,999900,999900,999900,99990,50,0.7,5,5,999.0,999,9,'999999999,0,0.0000,0,88,999.000,0.0,1.0
2056/12/26,12:00,?9?9?9?9E0?9?9?9?9*9?9*9?9?9?9?9?9?9*9*_?9*9*9?9?9,29.8,23.5,69,101327,9999,9999,434,703,491,314,999900,999900,999900,99990,70,0.8,6,6,999.0,999,9,'999999999,0,0.0000,0,88,999.000,0.0,1.0
2056/12/26,13:00,?9?9?9?9E0?9?9?9?9*9?9*9?9?9?9?9?9?9*9*_?9*9*9?9?9,29.7,23.9,71,101227,9999,9999,446,590,271,372,999900,999900,999900,99990,70,0.3,8,8,999.0,999,9,'999999999,0,0.0000,0,88,999.000,0.0,1.0
2056/12/26,14:00,?9?9?9?9E0?9?9?9?9*9?9*9?9?9?9?9?9?9*9*_?9*9*9?9?9,30.2,24.4,71,101127,9999,9999,450,520,210,363,999900,999900,999900,99990,120,0.7,8,8,999.0,999,9,'999999999,0,0.0000,0,88,999.000,0.0,1.0
2056/12/26,15:00,?9?9?9?9E0?9?9?9?9*9?9*9?9?9?9?9?9?9*9*_?9*9*9?9?9,30.0,23.7,69,101027,9999,9999,457,364,114,291,999900,999900,999900,99990,80,0.6,9,9,999.0,999,9,'999999999,0,0.0000,0,88,999.000,0.0,1.0
2056/12/26,16:00,?9?9?9?9E0?9?9?9?9*9?9*9?9?9?9?9?9?9*9*_?9*9*9?9?9,29.3,23.5,71,101027,9999,9999,443,278,112,224,999900,999900,999900,99990,80,0.8,8,8,999.0,999,9,'999999999,0,0.0000,0,88,999.000,0.0,1.0
2056/12/26,17:00,?9?9?9?9E0?9?9?9?9*9?9*9?9?9?9?9?9?9*9*_?9*9*9?9?9,28.8,23.0,71,101027,9999,9999,449,109,35,99,999900,999900,999900,99990,80,0.5,9,9,999.0,999,9,'999999999,0,0.0000,0,88,999.000,0.0,1.0
2056/12/26,18:00,?9?9?9?9E0?9?9?9?9*9?9*9?9?9?9?9?9?9*9*_?9*9*9?9?9,27.8,24.3,81,101027,9999,9999,435,21,22,20,999900,999900,999900,99990,90,0.2,8,8,999.0,999,9,'999999999,0,0.0000,0,88,999.000,0.0,1.0
2056/12/26,19:00,?9?9?9?9E0?9?9?9?9*9?9*9?9?9?9?9?9?9*9*_?9*9*9?9?9,26.7,24.4,87,101127,9999,9999,418,0,0,0,999900,999900,999900,99990,90,0.0,6,6,999.0,999,9,'999999999,0,0.0000,0,88,999.000,0.0,1.0
2056/12/26,20:00,?9?9?9?9E0?9?9?9?9*9?9*9?9?9?9?9?9?9*9*_?9*9*9?9?9,25.6,23.3,87,101127,9999,9999,400,0,0,0,999900,999900,999900,99990,90,0.0,3,3,999.0,999,9,'999999999,0,0.0000,0,88,999.000,0.0,1.0
2056/12/26,21:00,?9?9?9?9E0?9?9?9?9*9?9*9?9?9?9?9?9?9*9*_?9*9*9?9?9,25.4,23.3,88,101227,9999,9999,383,0,0,0,999900,999900,999900,99990,90,0.0,0,0,999.0,999,9,'999999999,0,0.0000,0,88,999.000,0.0,1.0
2056/12/26,22:00,?9?9?9?9E0?9?9?9?9*9?9*9?9?9?9?9?9?9*9*_?9*9*9?9?9,25.3,23.4,89,101327,9999,9999,399,0,0,0,999900,999900,999900,99990,90,0.0,3,3,999.0,999,9,'999999999,0,0.0000,0,88,999.000,0.0,1.0
2056/12/26,23:00,?9?9?9?9E0?9?9?9?9*9?9*9?9?9?9?9?9?9*9*_?9*9*9?9?9,25.0,23.1,89,101227,9999,9999,400,0,0,0,999900,999900,999900,99990,90,0.0,4,4,999.0,999,9,'999999999,0,0.0000,0,88,999.000,0.0,1.0
2056/12/26,24:00,?9?9?9?9E0?9?9?9?9*9?9*9?9?9?9?9?9?9*9*_?9*9*9?9?9,24.8,23.1,90,101227,9999,9999,399,0,0,0,999900,999900,999900,99990,50,0.0,4,4,999.0,999,9,'999999999,0,0.0000,0,88,999.000,0.0,1.0
2056/12/27,01:00,?9?9?9?9E0?9?9?9?9*9?9*9?9?9?9?9?9?9*9*_?9*9*9?9?9,24.8,23.1,90,101127,9999,9999,402,0,0,0,999900,999900,999900,99990,50,0.0,5,5,999.0,999,9,'999999999,0,0.0000,0,88,999.000,0.0,1.0
2056/12/27,02:00,?9?9?9?9E0?9?9?9?9*9?9*9?9?9?9?9?9?9*9*_?9*9*9?9?9,25.0,23.3,90,101127,9999,9999,403,0,0,0,999900,999900,999900,99990,50,0.0,5,5,999.0,999,9,'999999999,0,0.0000,0,88,999.000,0.0,1.0
2056/12/27,03:00,?9?9?9?9E0?9?9?9?9*9?9*9?9?9?9?9?9?9*9*_?9*9*9?9?9,24.8,23.1,90,101027,9999,9999,402,0,0,0,999900,999900,999900,99990,50,0.0,5,5,999.0,999,9,'999999999,0,0.0000,0,88,999.000,0.0,1.0
2056/12/27,04:00,?9?9?9?9E0?9?9?9?9*9?9*9?9?9?9?9?9?9*9*_?9*9*9?9?9,24.6,22.9,90,101027,9999,9999,401,0,0,0,999900,999900,999900,99990,50,0.0,5,5,999.0,999,9,'999999999,0,0.0000,0,88,999.000,0.0,1.0
2056/12/27,05:00,?9?9?9?9E0?9?9?9?9*9?9*9?9?9?9?9?9?9*9*_?9*9*9?9?9,24.3,22.8,91,101027,9999,9999,402,0,0,0,999900,999900,999900,99990,50,0.0,6,6,999.0,999,9,'999999999,0,0.0000,0,88,999.000,0.0,1.0
2056/12/27,06:00,?9?9?9?9E0?9?9?9?9*9?9*9?9?9?9?9?9?9*9*_?9*9*9?9?9,24.3,22.8,91,101127,9999,9999,407,0,0,0,999900,999900,999900,99990,50,0.0,7,7,999.0,999,9,'999999999,0,0.0000,0,88,999.000,0.0,1.0
2056/12/27,07:00,?9?9?9?9E0?9?9?9?9*9?9*9?9?9?9?9?9?9*9*_?9*9*9?9?9,24.5,22.9,91,101227,9999,9999,415,3,0,3,999900,999900,999900,99990,50,0.0,8,8,999.0,999,9,'999999999,0,0.0000,0,88,999.000,0.0,1.0
2056/12/27,08:00,?9?9?9?9E0?9?9?9?9*9?9*9?9?9?9?9?9?9*9*_?9*9*9?9?9,25.5,23.9,91,101327,9999,9999,422,87,31,80,999900,999900,999900,99990,50,0.0,8,8,999.0,999,9,'999999999,0,0.0000,0,88,999.000,0.0,1.0
2056/12/27,09:00,?9?9?9?9E0?9?9?9?9*9?9*9?9?9?9?9?9?9*9*_?9*9*9?9?9,26.2,24.4,90,101427,9999,9999,426,222,73,191,999900,999900,999900,99990,50,0.0,8,8,999.0,999,9,'999999999,0,0.0000,0,88,999.000,0.0,1.0
2056/12/27,10:00,?9?9?9?9E0?9?9?9?9*9?9*9?9?9?9?9?9?9*9*_?9*9*9?9?9,27.1,23.8,82,101427,9999,9999,440,324,82,275,999900,999900,999900,99990,50,0.7,9,9,999.0,999,9,'999999999,0,0.0000,0,88,999.000,0.0,1.0
2056/12/27,11:00,?9?9?9?9E0?9?9?9?9*9?9*9?9?9?9?9?9?9*9*_?9*9*9?9?9,27.9,24.4,81,101427,9999,9999,445,423,101,350,999900,999900,999900,99990,50,0.5,9,9,999.0,999,9,'999999999,0,0.0000,0,88,999.000,0.1,1.0
2056/12/27,12:00,?9?9?9?9E0?9?9?9?9*9?9*9?9?9?9?9?9?9*9*_?9*9*9?9?9,28.0,24.7,82,101327,9999,9999,446,475,109,389,999900,999900,999900,99990,50,0.3,9,9,999.0,999,9,'999999999,0,0.0000,0,88,999.000,0.3,1.0
2056/12/27,13:00,?9?9?9?9E0?9?9?9?9*9?9*9?9?9?9?9?9?9*9*_?9*9*9?9?9,29.2,23.6,72,101227,9999,9999,452,509,130,405,999900,999900,999900,99990,100,0.8,9,9,999.0,999,9,'999999999,0,0.0000,0,88,999.000,0.0,1.0
2056/12/27,14:00,?9?9?9?9E0?9?9?9?9*9?9*9?9?9?9?9?9?9*9*_?9*9*9?9?9,29.2,24.1,74,101127,9999,9999,453,441,107,360,999900,999900,999900,99990,90,1.0,9,9,999.0,999,9,'999999999,0,0.0000,0,88,999.000,0.1,1.0
2056/12/27,15:00,?9?9?9?9E0?9?9?9?9*9?9*9?9?9?9?9?9?9*9*_?9*9*9?9?9,29.3,23.3,70,101127,9999,9999,443,418,163,313,999900,999900,999900,99990,90,0.8,8,8,999.0,999,9,'999999999,0,0.0000,0,88,999.000,0.0,1.0
2056/12/27,16:00,?9?9?9?9E0?9?9?9?9*9?9*9?9?9?9?9?9?9*9*_?9*9*9?9?9,28.6,22.8,71,101127,9999,9999,422,381,316,227,999900,999900,999900,99990,80,0.5,5,5,999.0,999,9,'999999999,0,0.0000,0,88,999.000,0.0,1.0
2056/12/27,17:00,?9?9?9?9E0?9?9?9?9*9?9*9?9?9?9?9?9?9*9*_?9*9*9?9?9,28.6,22.8,71,101127,9999,9999,422,196,211,135,999900,999900,999900,99990,80,0.7,5,5,999.0,999,9,'999999999,0,0.0000,0,88,999.000,0.0,1.0
2056/12/27,18:00,?9?9?9?9E0?9?9?9?9*9?9*9?9?9?9?9?9?9*9*_?9*9*9?9?9,22.6,19.0,80,101227,9999,9999,385,41,145,31,999900,999900,999900,99990,80,0.6,5,5,999.0,999,9,'999999999,0,0.0000,0,88,999.000,0.0,1.0
2056/12/27,19:00,?9?9?9?9E0?9?9?9?9*9?9*9?9?9?9?9?9?9*9*_?9*9*9?9?9,26.8,23.5,82,101227,9999,9999,413,0,0,0,999900,999900,999900,99990,90,0.0,5,5,999.0,999,9,'999999999,0,0.0000,0,88,999.000,0.0,1.0
2056/12/27,20:00,?9?9?9?9E0?9?9?9?9*9?9*9?9?9?9?9?9?9*9*_?9*9*9?9?9,26.3,23.2,83,101327,9999,9999,410,0,0,0,999900,999900,999900,99990,90,0.1,5,5,999.0,999,9,'999999999,0,0.0000,0,88,999.000,0.0,1.0
2056/12/27,21:00,?9?9?9?9E0?9?9?9?9*9?9*9?9?9?9?9?9?9*9*_?9*9*9?9?9,25.6,23.1,86,101327,9999,9999,400,0,0,0,999900,999900,999900,99990,90,0.0,3,3,999.0,999,9,'999999999,0,0.0000,0,88,999.000,0.0,1.0
2056/12/27,22:00,?9?9?9?9E0?9?9?9?9*9?9*9?9?9?9?9?9?9*9*_?9*9*9?9?9,24.7,22.6,88,101427,9999,9999,395,0,0,0,999900,999900,999900,99990,90,0.0,3,3,999.0,999,9,'999999999,0,0.0000,0,88,999.000,0.0,1.0
2056/12/27,23:00,?9?9?9?9E0?9?9?9?9*9?9*9?9?9?9?9?9?9*9*_?9*9*9?9?9,24.2,22.3,89,101327,9999,9999,392,0,0,0,999900,999900,999900,99990,90,0.0,3,3,999.0,999,9,'999999999,0,0.0000,0,88,999.000,0.0,1.0
2056/12/27,24:00,?9?9?9?9E0?9?9?9?9*9?9*9?9?9?9?9?9?9*9*_?9*9*9?9?9,23.5,21.6,89,101327,9999,9999,387,0,0,0,999900,999900,999900,99990,50,0.0,3,3,999.0,999,9,'999999999,0,0.0000,0,88,999.000,0.0,1.0
2056/12/28,01:00,?9?9?9?9E0?9?9?9?9*9?9*9?9?9?9?9?9?9*9*_?9*9*9?9?9,23.4,21.5,89,101327,9999,9999,386,0,0,0,999900,999900,999900,99990,50,0.0,3,3,999.0,999,9,'999999999,0,0.0000,0,88,999.000,0.0,1.0
2056/12/28,02:00,?9?9?9?9E0?9?9?9?9*9?9*9?9?9?9?9?9?9*9*_?9*9*9?9?9,23.1,21.4,90,101227,9999,9999,385,0,0,0,999900,999900,999900,99990,50,0.0,3,3,999.0,999,9,'999999999,0,0.0000,0,88,999.000,0.0,1.0
2056/12/28,03:00,?9?9?9?9E0?9?9?9?9*9?9*9?9?9?9?9?9?9*9*_?9*9*9?9?9,23.4,21.7,90,101127,9999,9999,387,0,0,0,999900,999900,999900,99990,50,0.0,3,3,999.0,999,9,'999999999,0,0.0000,0,88,999.000,0.0,1.0
2056/12/28,04:00,?9?9?9?9E0?9?9?9?9*9?9*9?9?9?9?9?9?9*9*_?9*9*9?9?9,23.3,21.6,90,101127,9999,9999,389,0,0,0,999900,999900,999900,99990,50,0.0,4,4,999.0,999,9,'999999999,0,0.0000,0,88,999.000,0.0,1.0
2056/12/28,05:00,?9?9?9?9E0?9?9?9?9*9?9*9?9?9?9?9?9?9*9*_?9*9*9?9?9,23.1,21.4,90,101227,9999,9999,388,0,0,0,999900,999900,999900,99990,50,0.0,4,4,999.0,999,9,'999999999,0,0.0000,0,88,999.000,0.0,1.0
2056/12/28,06:00,?9?9?9?9E0?9?9?9?9*9?9*9?9?9?9?9?9?9*9*_?9*9*9?9?9,23.2,21.7,91,101227,9999,9999,389,0,0,0,999900,999900,999900,99990,50,0.0,4,4,999.0,999,9,'999999999,0,0.0000,0,88,999.000,0.0,1.0
2056/12/28,07:00,?9?9?9?9E0?9?9?9?9*9?9*9?9?9?9?9?9?9*9*_?9*9*9?9?9,23.1,21.6,91,101327,9999,9999,388,9,0,9,999900,999900,999900,99990,50,0.0,4,4,999.0,999,9,'999999999,0,0.0000,0,88,999.000,0.0,1.0
2056/12/28,08:00,?9?9?9?9E0?9?9?9?9*9?9*9?9?9?9?9?9?9*9*_?9*9*9?9?9,24.2,22.7,91,101427,9999,9999,395,142,177,104,999900,999900,999900,99990,50,0.0,4,4,999.0,999,9,'999999999,0,0.0000,0,88,999.000,0.0,1.0
2056/12/28,09:00,?9?9?9?9E0?9?9?9?9*9?9*9?9?9?9?9?9?9*9*_?9*9*9?9?9,26.3,23.8,86,101527,9999,9999,426,225,101,182,999900,999900,999900,99990,10,0.4,8,8,999.0,999,9,'999999999,0,0.0000,0,88,999.000,0.0,1.0
2056/12/28,10:00,?9?9?9?9E0?9?9?9?9*9?9*9?9?9?9?9?9?9*9*_?9*9*9?9?9,27.1,24.2,84,101527,9999,9999,424,416,209,292,999900,999900,999900,99990,20,0.0,7,7,999.0,999,9,'999999999,0,0.0000,0,88,999.000,0.2,1.0
2056/12/28,11:00,?9?9?9?9E0?9?9?9?9*9?9*9?9?9?9?9?9?9*9*_?9*9*9?9?9,27.6,24.3,82,101527,9999,9999,444,416,114,334,999900,999900,999900,99990,330,0.5,9,9,999.0,999,9,'999999999,0,0.0000,0,88,999.000,0.0,1.0
2056/12/28,12:00,?9?9?9?9E0?9?9?9?9*9?9*9?9?9?9?9?9?9*9*_?9*9*9?9?9,28.0,24.5,81,101427,9999,9999,446,480,131,377,999900,999900,999900,99990,360,0.6,9,9,999.0,999,9,'999999999,0,0.0000,0,88,999.000,0.0,1.0
2056/12/28,13:00,?9?9?9?9E0?9?9?9?9*9?9*9?9?9?9?9?9?9*9*_?9*9*9?9?9,30.0,23.5,68,101327,9999,9999,447,594,264,382,999900,999900,999900,99990,360,1.3,8,8,999.0,999,9,'999999999,0,0.0000,0,88,999.000,0.0,1.0
2056/12/28,14:00,?9?9?9?9E0?9?9?9?9*9?9*9?9?9?9?9?9?9*9*_?9*9*9?9?9,29.3,22.8,68,101227,9999,9999,430,643,440,312,999900,999900,999900,99990,360,1.4,6,6,999.0,999,9,'999999999,0,0.0000,0,88,999.000,0.0,1.0
2056/12/28,15:00,?9?9?9?9E0?9?9?9?9*9?9*9?9?9?9?9?9?9*9*_?9*9*9?9?9,29.3,22.8,68,101227,9999,9999,426,559,481,249,999900,999900,999900,99990,90,1.1,5,5,999.0,999,9,'999999999,0,0.0000,0,88,999.000,0.0,1.0
2056/12/28,16:00,?9?9?9?9E0?9?9?9?9*9?9*9?9?9?9?9?9?9*9*_?9*9*9?9?9,29.1,23.1,70,101127,9999,9999,422,409,449,190,999900,999900,999900,99990,70,1.4,4,4,999.0,999,9,'999999999,0,0.0000,0,88,999.000,0.0,1.0
2056/12/28,17:00,?9?9?9?9E0?9?9?9?9*9?9*9?9?9?9?9?9?9*9*_?9*9*9?9?9,28.6,23.1,72,101227,9999,9999,416,221,338,123,999900,999900,999900,99990,70,1.0,3,3,999.0,999,9,'999999999,0,0.0000,0,88,999.000,0.0,1.0
2056/12/28,18:00,?9?9?9?9E0?9?9?9?9*9?9*9?9?9?9?9?9?9*9*_?9*9*9?9?9,27.3,22.0,73,101227,9999,9999,408,47,234,31,999900,999900,999900,99990,60,0.6,3,3,999.0,999,9,'999999999,0,0.0000,0,88,999.000,0.0,1.0
2056/12/28,19:00,?9?9?9?9E0?9?9?9?9*9?9*9?9?9?9?9?9?9*9*_?9*9*9?9?9,26.4,21.8,76,101227,9999,9999,393,0,0,0,999900,999900,999900,99990,90,0.2,1,1,999.0,999,9,'999999999,0,0.0000,0,88,999.000,0.0,1.0
2056/12/28,20:00,?9?9?9?9E0?9?9?9?9*9?9*9?9?9?9?9?9?9*9*_?9*9*9?9?9,26.0,22.5,81,101327,9999,9999,398,0,0,0,999900,999900,999900,99990,90,0.0,2,2,999.0,999,9,'999999999,0,0.0000,0,88,999.000,0.0,1.0
2056/12/28,21:00,?9?9?9?9E0?9?9?9?9*9?9*9?9?9?9?9?9?9*9*_?9*9*9?9?9,25.3,23.0,87,101327,9999,9999,394,0,0,0,999900,999900,999900,99990,90,0.0,2,2,999.0,999,9,'999999999,0,0.0000,0,88,999.000,0.0,1.0
2056/12/28,22:00,?9?9?9?9E0?9?9?9?9*9?9*9?9?9?9?9?9?9*9*_?9*9*9?9?9,24.8,22.5,87,101427,9999,9999,398,0,0,0,999900,999900,999900,99990,90,0.0,4,4,999.0,999,9,'999999999,0,0.0000,0,88,999.000,0.0,1.0
2056/12/28,23:00,?9?9?9?9E0?9?9?9?9*9?9*9?9?9?9?9?9?9*9*_?9*9*9?9?9,24.3,22.4,89,101427,9999,9999,395,0,0,0,999900,999900,999900,99990,90,0.0,4,4,999.0,999,9,'999999999,0,0.0000,0,88,999.000,0.0,1.0
2056/12/28,24:00,?9?9?9?9E0?9?9?9?9*9?9*9?9?9?9?9?9?9*9*_?9*9*9?9?9,23.8,22.3,91,101327,9999,9999,396,0,0,0,999900,999900,999900,99990,90,0.0,5,5,999.0,999,9,'999999999,0,0.0000,0,88,999.000,0.0,1.0
2056/12/29,01:00,?9?9?9?9E0?9?9?9?9*9?9*9?9?9?9?9?9?9*9*_?9*9*9?9?9,23.8,22.3,91,101327,9999,9999,396,0,0,0,999900,999900,999900,99990,90,0.0,5,5,999.0,999,9,'999999999,0,0.0000,0,88,999.000,0.0,1.0
2056/12/29,02:00,?9?9?9?9E0?9?9?9?9*9?9*9?9?9?9?9?9?9*9*_?9*9*9?9?9,23.5,22.0,91,101227,9999,9999,388,0,0,0,999900,999900,999900,99990,90,0.0,3,3,999.0,999,9,'999999999,0,0.0000,0,88,999.000,0.0,1.0
2056/12/29,03:00,?9?9?9?9E0?9?9?9?9*9?9*9?9?9?9?9?9?9*9*_?9*9*9?9?9,23.5,22.1,92,101227,9999,9999,388,0,0,0,999900,999900,999900,99990,90,0.0,3,3,999.0,999,9,'999999999,0,0.0000,0,88,999.000,0.0,1.0
2056/12/29,04:00,?9?9?9?9E0?9?9?9?9*9?9*9?9?9?9?9?9?9*9*_?9*9*9?9?9,23.3,22.1,93,101227,9999,9999,390,0,0,0,999900,999900,999900,99990,90,0.0,4,4,999.0,999,9,'999999999,0,0.0000,0,88,999.000,0.0,1.0
2056/12/29,05:00,?9?9?9?9E0?9?9?9?9*9?9*9?9?9?9?9?9?9*9*_?9*9*9?9?9,23.0,22.2,95,101227,9999,9999,385,0,0,0,999900,999900,999900,99990,90,0.0,3,3,999.0,999,9,'999999999,0,0.0000,0,88,999.000,0.0,1.0
2056/12/29,06:00,?9?9?9?9E0?9?9?9?9*9?9*9?9?9?9?9?9?9*9*_?9*9*9?9?9,22.9,22.1,95,101227,9999,9999,385,0,0,0,999900,999900,999900,99990,90,0.0,3,3,999.0,999,9,'999999999,0,0.0000,0,88,999.000,0.0,1.0
2056/12/29,07:00,?9?9?9?9E0?9?9?9?9*9?9*9?9?9?9?9?9?9*9*_?9*9*9?9?9,22.8,21.3,91,101327,9999,9999,383,9,0,9,999900,999900,999900,99990,90,0.0,3,3,999.0,999,9,'999999999,0,0.0000,0,88,999.000,0.0,1.0
2056/12/29,08:00,?9?9?9?9E0?9?9?9?9*9?9*9?9?9?9?9?9?9*9*_?9*9*9?9?9,23.8,21.7,88,101427,9999,9999,389,150,263,94,999900,999900,999900,99990,90,0.0,3,3,999.0,999,9,'999999999,0,0.0000,0,88,999.000,0.0,1.0
2056/12/29,09:00,?9?9?9?9E0?9?9?9?9*9?9*9?9?9?9?9?9?9*9*_?9*9*9?9?9,26.0,24.2,90,101427,9999,9999,404,337,412,163,999900,999900,999900,99990,90,0.0,3,3,999.0,999,9,'999999999,0,0.0000,0,88,999.000,0.0,1.0
2056/12/29,10:00,?9?9?9?9E0?9?9?9?9*9?9*9?9?9?9?9?9?9*9*_?9*9*9?9?9,28.0,23.2,75,101427,9999,9999,420,509,494,215,999900,999900,999900,99990,90,1.0,5,5,999.0,999,9,'999999999,0,0.0000,0,88,999.000,0.0,1.0
2056/12/29,11:00,?9?9?9?9E0?9?9?9?9*9?9*9?9?9?9?9?9?9*9*_?9*9*9?9?9,30.0,23.0,66,101427,9999,9999,434,625,502,263,999900,999900,999900,99990,90,1.0,6,6,999.0,999,9,'999999999,0,0.0000,0,88,999.000,0.0,1.0
2056/12/29,12:00,?9?9?9?9E0?9?9?9?9*9?9*9?9?9?9?9?9?9*9*_?9*9*9?9?9,30.5,21.9,60,101327,9999,9999,441,669,461,304,999900,999900,999900,99990,90,1.2,7,7,999.0,999,9,'999999999,0,0.0000,0,88,999.000,0.0,1.0
2056/12/29,13:00,?9?9?9?9E0?9?9?9?9*9?9*9?9?9?9?9?9?9*9*_?9*9*9?9?9,30.6,22.0,60,101227,9999,9999,442,684,479,299,999900,999900,999900,99990,90,0.7,7,7,999.0,999,9,'999999999,0,0.0000,0,88,999.000,0.0,1.0
2056/12/29,14:00,?9?9?9?9E0?9?9?9?9*9?9*9?9?9?9?9?9?9*9*_?9*9*9?9?9,30.1,21.5,60,101227,9999,9999,429,716,636,237,999900,999900,999900,99990,100,1.0,5,5,999.0,999,9,'999999999,0,0.0000,0,88,999.000,0.0,1.0
2056/12/29,15:00,?9?9?9?9E0?9?9?9?9*9?9*9?9?9?9?9?9?9*9*_?9*9*9?9?9,29.8,22.0,63,101127,9999,9999,432,544,482,232,999900,999900,999900,99990,90,0.8,6,6,999.0,999,9,'999999999,0,0.0000,0,88,999.000,0.0,1.0
2056/12/29,16:00,?9?9?9?9E0?9?9?9?9*9?9*9?9?9?9?9?9?9*9*_?9*9*9?9?9,29.1,21.6,64,101027,9999,9999,424,401,444,184,999900,999900,999900,99990,60,1.0,5,5,999.0,999,9,'999999999,0,0.0000,0,88,999.000,0.0,1.0
2056/12/29,17:00,?9?9?9?9E0?9?9?9?9*9?9*9?9?9?9?9?9?9*9*_?9*9*9?9?9,28.3,21.6,67,101027,9999,9999,419,207,299,120,999900,999900,999900,99990,60,0.6,5,5,999.0,999,9,'999999999,0,0.0000,0,88,999.000,0.0,1.0
2056/12/29,18:00,?9?9?9?9E0?9?9?9?9*9?9*9?9?9?9?9?9?9*9*_?9*9*9?9?9,27.5,22.2,73,101127,9999,9999,409,49,266,30,999900,999900,999900,99990,90,0.5,3,3,999.0,999,9,'999999999,0,0.0000,0,88,999.000,0.0,1.0
2056/12/29,19:00,?9?9?9?9E0?9?9?9?9*9?9*9?9?9?9?9?9?9*9*_?9*9*9?9?9,26.9,22.1,75,101127,9999,9999,406,0,0,0,999900,999900,999900,99990,90,0.6,3,3,999.0,999,9,'999999999,0,0.0000,0,88,999.000,0.0,1.0
2056/12/29,20:00,?9?9?9?9E0?9?9?9?9*9?9*9?9?9?9?9?9?9*9*_?9*9*9?9?9,26.2,21.4,75,101227,9999,9999,401,0,0,0,999900,999900,999900,99990,90,0.0,3,3,999.0,999,9,'999999999,0,0.0000,0,88,999.000,0.0,1.0
2056/12/29,21:00,?9?9?9?9E0?9?9?9?9*9?9*9?9?9?9?9?9?9*9*_?9*9*9?9?9,26.4,23.7,85,101227,9999,9999,405,0,0,0,999900,999900,999900,99990,50,0.0,3,3,999.0,999,9,'999999999,0,0.0000,0,88,999.000,0.0,1.0
2056/12/29,22:00,?9?9?9?9E0?9?9?9?9*9?9*9?9?9?9?9?9?9*9*_?9*9*9?9?9,24.8,22.7,88,101227,9999,9999,391,0,0,0,999900,999900,999900,99990,50,0.0,2,2,999.0,999,9,'999999999,0,0.0000,0,88,999.000,0.0,1.0
2056/12/29,23:00,?9?9?9?9E0?9?9?9?9*9?9*9?9?9?9?9?9?9*9*_?9*9*9?9?9,24.4,22.5,89,101127,9999,9999,389,0,0,0,999900,999900,999900,99990,50,0.0,2,2,999.0,999,9,'999999999,0,0.0000,0,88,999.000,0.0,1.0
2056/12/29,24:00,?9?9?9?9E0?9?9?9?9*9?9*9?9?9?9?9?9?9*9*_?9*9*9?9?9,23.9,22.5,92,101127,9999,9999,381,0,0,0,999900,999900,999900,99990,50,0.0,1,1,999.0,999,9,'999999999,0,0.0000,0,88,999.000,0.0,1.0
2056/12/30,01:00,?9?9?9?9E0?9?9?9?9*9?9*9?9?9?9?9?9?9*9*_?9*9*9?9?9,23.9,22.5,92,101027,9999,9999,381,0,0,0,999900,999900,999900,99990,50,0.0,1,1,999.0,999,9,'999999999,0,0.0000,0,88,999.000,0.0,1.0
2056/12/30,02:00,?9?9?9?9E0?9?9?9?9*9?9*9?9?9?9?9?9?9*9*_?9*9*9?9?9,24.0,22.6,92,101027,9999,9999,387,0,0,0,999900,999900,999900,99990,50,0.0,2,2,999.0,999,9,'999999999,0,0.0000,0,88,999.000,0.0,1.0
2056/12/30,03:00,?9?9?9?9E0?9?9?9?9*9?9*9?9?9?9?9?9?9*9*_?9*9*9?9?9,23.4,22.0,92,101027,9999,9999,383,0,0,0,999900,999900,999900,99990,340,0.0,2,2,999.0,999,9,'999999999,0,0.0000,0,88,999.000,0.0,1.0
2056/12/30,04:00,?9?9?9?9E0?9?9?9?9*9?9*9?9?9?9?9?9?9*9*_?9*9*9?9?9,23.6,22.2,92,101027,9999,9999,388,0,0,0,999900,999900,999900,99990,340,0.0,3,3,999.0,999,9,'999999999,0,0.0000,0,88,999.000,0.0,1.0
2056/12/30,05:00,?9?9?9?9E0?9?9?9?9*9?9*9?9?9?9?9?9?9*9*_?9*9*9?9?9,23.4,22.2,93,101027,9999,9999,393,0,0,0,999900,999900,999900,99990,340,0.0,5,5,999.0,999,9,'999999999,0,0.0000,0,88,999.000,0.0,1.0
2056/12/30,06:00,?9?9?9?9E0?9?9?9?9*9?9*9?9?9?9?9?9?9*9*_?9*9*9?9?9,23.1,21.9,93,101027,9999,9999,399,0,0,0,999900,999900,999900,99990,340,0.0,7,7,999.0,999,9,'999999999,0,0.0000,0,88,999.000,0.0,1.0
2056/12/30,07:00,?9?9?9?9E0?9?9?9?9*9?9*9?9?9?9?9?9?9*9*_?9*9*9?9?9,22.9,21.7,93,101027,9999,9999,405,2,0,2,999900,999900,999900,99990,340,0.0,8,8,999.0,999,9,'999999999,0,0.0000,0,88,999.000,0.0,1.0
2056/12/30,08:00,?9?9?9?9E0?9?9?9?9*9?9*9?9?9?9?9?9?9*9*_?9*9*9?9?9,23.9,22.7,93,101127,9999,9999,400,116,115,92,999900,999900,999900,99990,340,0.0,6,6,999.0,999,9,'999999999,0,0.0000,0,88,999.000,0.0,1.0
2056/12/30,09:00,?9?9?9?9E0?9?9?9?9*9?9*9?9?9?9?9?9?9*9*_?9*9*9?9?9,26.4,24.1,87,101227,9999,9999,406,340,430,159,999900,999900,999900,99990,360,0.2,3,3,999.0,999,9,'999999999,0,0.0000,0,88,999.000,0.0,1.0
2056/12/30,10:00,?9?9?9?9E0?9?9?9?9*9?9*9?9?9?9?9?9?9*9*_?9*9*9?9?9,28.5,23.4,74,101227,9999,9999,416,553,636,175,999900,999900,999900,99990,360,0.5,3,3,999.0,999,9,'999999999,0,0.0000,0,88,999.000,0.0,1.0
2056/12/30,11:00,?9?9?9?9E0?9?9?9?9*9?9*9?9?9?9?9?9?9*9*_?9*9*9?9?9,28.9,23.4,72,101127,9999,9999,422,685,675,199,999900,999900,999900,99990,360,0.5,4,4,999.0,999,9,'999999999,0,0.0000,0,88,999.000,0.0,1.0
2056/12/30,12:00,?9?9?9?9E0?9?9?9?9*9?9*9?9?9?9?9?9?9*9*_?9*9*9?9?9,30.1,20.9,58,101027,9999,9999,425,815,793,186,999900,999900,999900,99990,60,1.2,4,4,999.0,999,9,'999999999,0,0.0000,0,88,999.000,0.0,1.0
2056/12/30,13:00,?9?9?9?9E0?9?9?9?9*9?9*9?9?9?9?9?9?9*9*_?9*9*9?9?9,30.2,21.3,59,101027,9999,9999,430,796,715,221,999900,999900,999900,99990,60,1.2,5,5,999.0,999,9,'999999999,0,0.0000,0,88,999.000,0.0,1.0
2056/12/30,14:00,?9?9?9?9E0?9?9?9?9*9?9*9?9?9?9?9?9?9*9*_?9*9*9?9?9,30.4,20.4,55,100927,9999,9999,445,568,363,294,999900,999900,999900,99990,60,1.2,8,8,999.0,999,9,'999999999,0,0.0000,0,88,999.000,0.0,1.0
2056/12/30,15:00,?9?9?9?9E0?9?9?9?9*9?9*9?9?9?9?9?9?9*9*_?9*9*9?9?9,29.9,20.2,56,100827,9999,9999,426,598,607,205,999900,999900,999900,99990,90,1.2,5,5,999.0,999,9,'999999999,0,0.0000,0,88,999.000,0.0,1.0
2056/12/30,16:00,?9?9?9?9E0?9?9?9?9*9?9*9?9?9?9?9?9?9*9*_?9*9*9?9?9,29.4,20.6,59,100827,9999,9999,424,411,498,166,999900,999900,999900,99990,60,1.2,5,5,999.0,999,9,'999999999,0,0.0000,0,88,999.000,0.0,1.0
2056/12/30,17:00,?9?9?9?9E0?9?9?9?9*9?9*9?9?9?9?9?9?9*9*_?9*9*9?9?9,28.4,21.4,66,100827,9999,9999,413,234,431,107,999900,999900,999900,99990,60,1.0,3,3,999.0,999,9,'999999999,0,0.0000,0,88,999.000,0.0,1.0
2056/12/30,18:00,?9?9?9?9E0?9?9?9?9*9?9*9?9?9?9?9?9?9*9*_?9*9*9?9?9,27.6,21.9,71,100827,9999,9999,413,58,354,33,999900,999900,999900,99990,50,0.8,4,4,999.0,999,9,'999999999,0,0.0000,0,88,999.000,0.0,1.0
2056/12/30,19:00,?9?9?9?9E0?9?9?9?9*9?9*9?9?9?9?9?9?9*9*_?9*9*9?9?9,26.9,21.2,71,100927,9999,9999,405,0,0,0,999900,999900,999900,99990,50,0.3,3,3,999.0,999,9,'999999999,0,0.0000,0,88,999.000,0.0,1.0
2056/12/30,20:00,?9?9?9?9E0?9?9?9?9*9?9*9?9?9?9?9?9?9*9*_?9*9*9?9?9,26.2,21.4,75,101027,9999,9999,401,0,0,0,999900,999900,999900,99990,50,0.1,3,3,999.0,999,9,'999999999,0,0.0000,0,88,999.000,0.0,1.0
2056/12/30,21:00,?9?9?9?9E0?9?9?9?9*9?9*9?9?9?9?9?9?9*9*_?9*9*9?9?9,26.0,21.7,77,101027,9999,9999,400,0,0,0,999900,999900,999900,99990,50,0.4,3,3,999.0,999,9,'999999999,0,0.0000,0,88,999.000,0.0,1.0
2056/12/30,22:00,?9?9?9?9E0?9?9?9?9*9?9*9?9?9?9?9?9?9*9*_?9*9*9?9?9,25.9,21.6,77,101027,9999,9999,396,0,0,0,999900,999900,999900,99990,50,0.4,2,2,999.0,999,9,'999999999,0,0.0000,0,88,999.000,0.0,1.0
2056/12/30,23:00,?9?9?9?9E0?9?9?9?9*9?9*9?9?9?9?9?9?9*9*_?9*9*9?9?9,25.0,21.5,81,100927,9999,9999,386,0,0,0,999900,999900,999900,99990,50,0.0,1,1,999.0,999,9,'999999999,0,0.0000,0,88,999.000,0.0,1.0
2056/12/30,24:00,?9?9?9?9E0?9?9?9?9*9?9*9?9?9?9?9?9?9*9*_?9*9*9?9?9,23.9,22.0,89,100927,9999,9999,374,0,0,0,999900,999900,999900,99990,50,0.0,0,0,999.0,999,9,'999999999,0,0.0000,0,88,999.000,0.0,1.0
2056/12/31,01:00,?9?9?9?9E0?9?9?9?9*9?9*9?9?9?9?9?9?9*9*_?9*9*9?9?9,23.4,21.9,91,100927,9999,9999,371,0,0,0,999900,999900,999900,99990,50,0.0,0,0,999.0,999,9,'999999999,0,0.0000,0,88,999.000,0.0,1.0
2056/12/31,02:00,?9?9?9?9E0?9?9?9?9*9?9*9?9?9?9?9?9?9*9*_?9*9*9?9?9,22.9,21.4,91,100827,9999,9999,368,0,0,0,999900,999900,999900,99990,50,0.0,0,0,999.0,999,9,'999999999,0,0.0000,0,88,999.000,0.0,1.0
2056/12/31,03:00,?9?9?9?9E0?9?9?9?9*9?9*9?9?9?9?9?9?9*9*_?9*9*9?9?9,23.4,22.0,92,100827,9999,9999,371,0,0,0,999900,999900,999900,99990,50,0.0,0,0,999.0,999,9,'999999999,0,0.0000,0,88,999.000,0.0,1.0
2056/12/31,04:00,?9?9?9?9E0?9?9?9?9*9?9*9?9?9?9?9?9?9*9*_?9*9*9?9?9,23.6,22.2,92,100827,9999,9999,372,0,0,0,999900,999900,999900,99990,50,0.0,0,0,999.0,999,9,'999999999,0,0.0000,0,88,999.000,0.0,1.0
2056/12/31,05:00,?9?9?9?9E0?9?9?9?9*9?9*9?9?9?9?9?9?9*9*_?9*9*9?9?9,22.4,21.0,92,100827,9999,9999,365,0,0,0,999900,999900,999900,99990,50,0.0,0,0,999.0,999,9,'999999999,0,0.0000,0,88,999.000,0.0,1.0
2056/12/31,06:00,?9?9?9?9E0?9?9?9?9*9?9*9?9?9?9?9?9?9*9*_?9*9*9?9?9,22.3,21.0,92,100927,9999,9999,364,0,0,0,999900,999900,999900,99990,50,0.0,0,0,999.0,999,9,'999999999,0,0.0000,0,88,999.000,0.0,1.0
2056/12/31,07:00,?9?9?9?9E0?9?9?9?9*9?9*9?9?9?9?9?9?9*9*_?9*9*9?9?9,22.4,21.0,92,100927,9999,9999,372,8,0,8,999900,999900,999900,99990,50,0.0,1,1,999.0,999,9,'999999999,0,0.0000,0,88,999.000,0.0,1.0
2056/12/31,08:00,?9?9?9?9E0?9?9?9?9*9?9*9?9?9?9?9?9?9*9*_?9*9*9?9?9,23.5,22.1,92,101027,9999,9999,384,148,280,89,999900,999900,999900,99990,50,0.0,2,2,999.0,999,9,'999999999,0,0.0000,0,88,999.000,0.0,1.0
2056/12/31,09:00,?9?9?9?9E0?9?9?9?9*9?9*9?9?9?9?9?9?9*9*_?9*9*9?9?9,26.2,23.7,86,101127,9999,9999,404,339,453,149,999900,999900,999900,99990,50,0.0,3,3,999.0,999,9,'999999999,0,0.0000,0,88,999.000,0.0,1.0
2056/12/31,10:00,?9?9?9?9E0?9?9?9?9*9?9*9?9?9?9?9?9?9*9*_?9*9*9?9?9,28.5,21.8,67,101127,9999,9999,417,546,634,170,999900,999900,999900,99990,50,0.0,4,4,999.0,999,9,'999999999,0,0.0000,0,88,999.000,0.0,1.0
2056/12/31,11:00,?9?9?9?9E0?9?9?9?9*9?9*9?9?9?9?9?9?9*9*_?9*9*9?9?9,29.5,20.7,59,101127,9999,9999,422,717,756,172,999900,999900,999900,99990,60,0.9,4,4,999.0,999,9,'999999999,0,0.0000,0,88,999.000,0.0,1.0
2056/12/31,12:00,?9?9?9?9E0?9?9?9?9*9?9*9?9?9?9?9?9?9*9*_?9*9*9?9?9,30.0,18.1,49,101027,9999,9999,424,806,791,179,999900,999900,999900,99990,90,1.0,5,5,999.0,999,9,'999999999,0,0.0000,0,88,999.000,0.0,1.0
2056/12/31,13:00,?9?9?9?9E0?9?9?9?9*9?9*9?9?9?9?9?9?9*9*_?9*9*9?9?9,30.0,18.8,51,101027,9999,9999,425,821,794,182,999900,999900,999900,99990,40,1.0,5,5,999.0,999,9,'999999999,0,0.0000,0,88,999.000,0.0,1.0
2056/12/31,14:00,?9?9?9?9E0?9?9?9?9*9?9*9?9?9?9?9?9?9*9*_?9*9*9?9?9,29.5,18.9,53,100927,9999,9999,422,739,729,188,999900,999900,999900,99990,40,1.0,5,5,999.0,999,9,'999999999,0,0.0000,0,88,999.000,0.0,1.0
2056/12/31,15:00,?9?9?9?9E0?9?9?9?9*9?9*9?9?9?9?9?9?9*9*_?9*9*9?9?9,29.5,18.6,52,100927,9999,9999,422,610,667,177,999900,999900,999900,99990,90,0.9,5,5,999.0,999,9,'999999999,0,0.0000,0,88,999.000,0.0,1.0
2056/12/31,16:00,?9?9?9?9E0?9?9?9?9*9?9*9?9?9?9?9?9?9*9*_?9*9*9?9?9,29.5,18.6,52,100927,9999,9999,422,424,543,156,999900,999900,999900,99990,90,1.0,5,5,999.0,999,9,'999999999,0,0.0000,0,88,999.000,0.0,1.0
2056/12/31,17:00,?9?9?9?9E0?9?9?9?9*9?9*9?9?9?9?9?9?9*9*_?9*9*9?9?9,28.4,18.5,55,100927,9999,9999,416,224,392,108,999900,999900,999900,99990,50,0.9,5,5,999.0,999,9,'999999999,0,0.0000,0,88,999.000,0.0,1.0
2056/12/31,18:00,?9?9?9?9E0?9?9?9?9*9?9*9?9?9?9?9?9?9*9*_?9*9*9?9?9,27.3,19.9,64,100927,9999,9999,405,64,436,32,999900,999900,999900,99990,50,0.6,3,3,999.0,999,9,'999999999,0,0.0000,0,88,999.000,0.0,1.0
2056/12/31,19:00,?9?9?9?9E0?9?9?9?9*9?9*9?9?9?9?9?9?9*9*_?9*9*9?9?9,26.5,21.1,72,101027,9999,9999,386,0,0,0,999900,999900,999900,99990,20,0.5,0,0,999.0,999,9,'999999999,0,0.0000,0,88,999.000,0.0,1.0
2056/12/31,20:00,?9?9?9?9E0?9?9?9?9*9?9*9?9?9?9?9?9?9*9*_?9*9*9?9?9,25.5,21.2,77,101127,9999,9999,381,0,0,0,999900,999900,999900,99990,20,0.0,0,0,999.0,999,9,'999999999,0,0.0000,0,88,999.000,0.0,1.0
2056/12/31,21:00,?9?9?9?9E0?9?9?9?9*9?9*9?9?9?9?9?9?9*9*_?9*9*9?9?9,24.2,21.3,84,101127,9999,9999,374,0,0,0,999900,999900,999900,99990,50,0.0,0,0,999.0,999,9,'999999999,0,0.0000,0,88,999.000,0.0,1.0
2056/12/31,22:00,?9?9?9?9E0?9?9?9?9*9?9*9?9?9?9?9?9?9*9*_?9*9*9?9?9,23.7,21.0,85,101227,9999,9999,371,0,0,0,999900,999900,999900,99990,50,0.0,0,0,999.0,999,9,'999999999,0,0.0000,0,88,999.000,0.0,1.0
2056/12/31,23:00,?9?9?9?9E0?9?9?9?9*9?9*9?9?9?9?9?9?9*9*_?9*9*9?9?9,23.5,20.8,85,101127,9999,9999,370,0,0,0,999900,999900,999900,99990,50,0.0,0,0,999.0,999,9,'999999999,0,0.0000,0,88,999.000,0.0,1.0
2056/12/31,24:00,?9?9?9?9E0?9?9?9?9*9?9*9?9?9?9?9?9?9*9*_?9*9*9?9?9,23.7,21.0,85,101127,9999,9999,371,0,0,0,999900,999900,999900,99990,50,0.0,0,0,999.0,999,9,'999999999,0,0.0000,0,88,999.000,0.0,1.0
